7.47093e-34	7.47093e-34	2.94593e-33	1.33912e-32	5.9619e-32	2.57832e-31	1.08211e-30	4.40463e-30	1.73769e-29	6.64e-29	2.4558e-28	8.78487e-28	3.03719e-27	1.01408e-26	3.26733e-26	1.01505e-25	3.03805e-25	8.75306e-25	2.42559e-24	6.45956e-24	1.65181e-23	4.05267e-23	9.53251e-23	2.14805e-22	4.6341e-22	9.56567e-22	1.88835e-21	3.56369e-21	6.42759e-21	1.10779e-20	1.82425e-20	2.87023e-20	4.31447e-20	6.19518e-20	8.49514e-20	1.1119e-19	1.38819e-19	1.65183e-19	1.87174e-19	2.01819e-19	2.06964e-19	2.01819e-19	1.87174e-19	1.65183e-19	1.38819e-19	1.1119e-19	8.49514e-20	6.19518e-20	4.31447e-20	2.87023e-20	1.82425e-20	1.10779e-20	6.42759e-21	3.56369e-21	1.88835e-21	9.56567e-22	4.6341e-22	2.14805e-22	9.53251e-23	4.05267e-23	1.65181e-23	6.45956e-24	2.42559e-24	8.75306e-25	3.03805e-25	1.01505e-25	3.26733e-26	1.01408e-26	3.03719e-27	8.78487e-28	2.4558e-28	6.64e-29	1.73769e-29	4.40463e-30	1.08211e-30	2.57836e-31	5.96437e-32	1.3514e-32	3.53962e-33	3.53962e-33	
7.47093e-34	7.47093e-34	2.94593e-33	1.33912e-32	5.9619e-32	2.57832e-31	1.08211e-30	4.40463e-30	1.73769e-29	6.64e-29	2.4558e-28	8.78487e-28	3.03719e-27	1.01408e-26	3.26733e-26	1.01505e-25	3.03805e-25	8.75306e-25	2.42559e-24	6.45956e-24	1.65181e-23	4.05267e-23	9.53251e-23	2.14805e-22	4.6341e-22	9.56567e-22	1.88835e-21	3.56369e-21	6.42759e-21	1.10779e-20	1.82425e-20	2.87023e-20	4.31447e-20	6.19518e-20	8.49514e-20	1.1119e-19	1.38819e-19	1.65183e-19	1.87174e-19	2.01819e-19	2.06964e-19	2.01819e-19	1.87174e-19	1.65183e-19	1.38819e-19	1.1119e-19	8.49514e-20	6.19518e-20	4.31447e-20	2.87023e-20	1.82425e-20	1.10779e-20	6.42759e-21	3.56369e-21	1.88835e-21	9.56567e-22	4.6341e-22	2.14805e-22	9.53251e-23	4.05267e-23	1.65181e-23	6.45956e-24	2.42559e-24	8.75306e-25	3.03805e-25	1.01505e-25	3.26733e-26	1.01408e-26	3.03719e-27	8.78487e-28	2.4558e-28	6.64e-29	1.73769e-29	4.40463e-30	1.08211e-30	2.57836e-31	5.96437e-32	1.3514e-32	3.53962e-33	3.53962e-33	
3.79677e-33	3.79677e-33	1.49084e-32	6.75138e-32	2.99475e-31	1.2904e-30	5.39604e-30	2.18847e-29	8.60276e-29	3.27551e-28	1.20715e-27	4.30306e-27	1.48253e-26	4.93297e-26	1.584e-25	4.90446e-25	1.46307e-24	4.20163e-24	1.16061e-23	3.08109e-23	7.85454e-23	1.92125e-22	4.50564e-22	1.01234e-21	2.17771e-21	4.4826e-21	8.8247e-21	1.6609e-20	2.98773e-20	5.13601e-20	8.43647e-20	1.32414e-19	1.98579e-19	2.84517e-19	3.89355e-19	5.08693e-19	6.3411e-19	7.5359e-19	8.53128e-19	9.19364e-19	9.42622e-19	9.19364e-19	8.53128e-19	7.5359e-19	6.3411e-19	5.08693e-19	3.89355e-19	2.84517e-19	1.98579e-19	1.32414e-19	8.43647e-20	5.13601e-20	2.98773e-20	1.6609e-20	8.8247e-21	4.4826e-21	2.17771e-21	1.01234e-21	4.50564e-22	1.92125e-22	7.85454e-23	3.08109e-23	1.16061e-23	4.20163e-24	1.46307e-24	4.90446e-25	1.584e-25	4.93297e-26	1.48253e-26	4.30306e-27	1.20715e-27	3.27551e-28	8.60276e-29	2.18847e-29	5.39604e-30	1.29042e-30	2.99601e-31	6.81393e-32	1.79227e-32	1.79227e-32	
2.17647e-32	2.17647e-32	8.51347e-32	3.84221e-31	1.69863e-30	7.29483e-30	3.04037e-29	1.22902e-28	4.81538e-28	1.82749e-27	6.71328e-27	2.38538e-26	8.19228e-26	2.71737e-25	8.69857e-25	2.68508e-24	7.98591e-24	2.28659e-23	6.29782e-23	1.66712e-22	4.23801e-22	1.03377e-21	2.41781e-21	5.418e-21	1.16248e-20	2.38675e-20	4.68694e-20	8.7997e-20	1.57915e-19	2.70826e-19	4.43847e-19	6.95104e-19	1.04023e-18	1.48744e-18	2.0318e-18	2.65021e-18	3.29896e-18	3.91609e-18	4.42964e-18	4.77111e-18	4.89096e-18	4.77111e-18	4.42964e-18	3.91609e-18	3.29896e-18	2.65021e-18	2.0318e-18	1.48744e-18	1.04023e-18	6.95104e-19	4.43847e-19	2.70826e-19	1.57915e-19	8.7997e-20	4.68694e-20	2.38675e-20	1.16248e-20	5.418e-21	2.41781e-21	1.03377e-21	4.23801e-22	1.66712e-22	6.29782e-23	2.28659e-23	7.98591e-24	2.68508e-24	8.69857e-25	2.71737e-25	8.19228e-26	2.38538e-26	6.71328e-27	1.82749e-27	4.81538e-28	1.22902e-28	3.04037e-29	7.29497e-30	1.69935e-30	3.87815e-31	1.02399e-31	1.02399e-31	
1.22295e-31	1.22295e-31	4.76542e-31	2.14333e-30	9.44397e-30	4.04228e-29	1.67918e-28	6.76537e-28	2.64202e-27	9.99405e-27	3.65941e-26	1.2961e-25	4.43714e-25	1.46717e-24	4.68198e-24	1.44082e-23	4.27232e-23	1.21966e-22	3.34943e-22	8.841e-22	2.24116e-21	5.45177e-21	1.27163e-20	2.84199e-20	6.08191e-20	1.24553e-19	2.4398e-19	4.56953e-19	8.18066e-19	1.39971e-18	2.28873e-18	3.57648e-18	5.341e-18	7.62203e-18	1.03924e-17	1.35333e-17	1.68225e-17	1.99469e-17	2.25438e-17	2.42693e-17	2.48747e-17	2.42693e-17	2.25438e-17	1.99469e-17	1.68225e-17	1.35333e-17	1.03924e-17	7.62203e-18	5.341e-18	3.57648e-18	2.28873e-18	1.39971e-18	8.18066e-19	4.56953e-19	2.4398e-19	1.24553e-19	6.08191e-20	2.84199e-20	1.27163e-20	5.45177e-21	2.24116e-21	8.841e-22	3.34943e-22	1.21966e-22	4.27232e-23	1.44082e-23	4.68198e-24	1.46717e-24	4.43714e-25	1.2961e-25	3.65941e-26	9.99405e-27	2.64202e-27	6.76537e-28	1.67918e-28	4.04236e-29	9.44809e-30	2.16358e-30	5.73464e-31	5.73464e-31	
6.70496e-31	6.70496e-31	2.60263e-30	1.16653e-29	5.12265e-29	2.18525e-28	9.04712e-28	3.63287e-27	1.41399e-26	5.33101e-26	1.94558e-25	6.86842e-25	2.34378e-24	7.72509e-24	2.45743e-23	7.53887e-23	2.22858e-22	6.34293e-22	1.73673e-21	4.57086e-21	1.15539e-20	2.80269e-20	6.51934e-20	1.45311e-19	3.1015e-19	6.33528e-19	1.23785e-18	2.31265e-18	4.13025e-18	7.05016e-18	1.15015e-17	1.79329e-17	2.67235e-17	3.80602e-17	5.17981e-17	6.73413e-17	8.35893e-17	9.89998e-17	1.11794e-16	1.20289e-16	1.23268e-16	1.20289e-16	1.11794e-16	9.89998e-17	8.35893e-17	6.73413e-17	5.17981e-17	3.80602e-17	2.67235e-17	1.79329e-17	1.15015e-17	7.05016e-18	4.13025e-18	2.31265e-18	1.23785e-18	6.33528e-19	3.1015e-19	1.45311e-19	6.51934e-20	2.80269e-20	1.15539e-20	4.57086e-21	1.73673e-21	6.34293e-22	2.22858e-22	7.53887e-23	2.45743e-23	7.72509e-24	2.34378e-24	6.86842e-25	1.94558e-25	5.33101e-26	1.41399e-26	3.63287e-27	9.04713e-28	2.1853e-28	5.12492e-29	1.17766e-29	3.13355e-30	3.13355e-30	
3.58503e-30	3.58503e-30	1.38615e-29	6.19122e-29	2.70948e-28	1.15189e-27	4.75266e-27	1.90195e-26	7.37771e-26	2.77218e-25	1.00834e-24	3.54789e-24	1.2067e-23	3.96434e-23	1.25705e-22	3.84413e-22	1.13282e-21	3.21431e-21	8.77441e-21	2.30247e-20	5.8031e-20	1.40368e-19	3.25601e-19	7.23759e-19	1.54065e-18	3.13879e-18	6.11718e-18	1.14e-17	2.03098e-17	3.4585e-17	5.62903e-17	8.7569e-17	1.30214e-16	1.85076e-16	2.51409e-16	3.26301e-16	4.04447e-16	4.78452e-16	5.39823e-16	5.80535e-16	5.94808e-16	5.80535e-16	5.39823e-16	4.78452e-16	4.04447e-16	3.26301e-16	2.51409e-16	1.85076e-16	1.30214e-16	8.7569e-17	5.62903e-17	3.4585e-17	2.03098e-17	1.14e-17	6.11718e-18	3.13879e-18	1.54065e-18	7.23759e-19	3.25601e-19	1.40368e-19	5.8031e-20	2.30247e-20	8.77441e-21	3.21431e-21	1.13282e-21	3.84413e-22	1.25705e-22	3.96434e-23	1.2067e-23	3.54789e-24	1.00834e-24	2.77218e-25	7.37771e-26	1.90195e-26	4.75267e-27	1.15191e-27	2.7107e-28	6.25088e-29	1.66978e-29	1.66978e-29	
1.86858e-29	1.86858e-29	7.19642e-29	3.20289e-28	1.39684e-27	5.91787e-27	2.43327e-26	9.70401e-26	3.75127e-25	1.40472e-24	5.09204e-24	1.78561e-23	6.05284e-23	1.98193e-22	6.26389e-22	1.90935e-21	5.60872e-21	1.58645e-20	4.31738e-20	1.12949e-19	2.83832e-19	6.84558e-19	1.58341e-18	3.5099e-18	7.45119e-18	1.51401e-17	2.94299e-17	5.47062e-17	9.72204e-17	1.65153e-16	2.68168e-16	4.16229e-16	6.17576e-16	8.75972e-16	1.18766e-15	1.53884e-15	1.90459e-15	2.25042e-15	2.53687e-15	2.72674e-15	2.79328e-15	2.72674e-15	2.53687e-15	2.25042e-15	1.90459e-15	1.53884e-15	1.18766e-15	8.75972e-16	6.17576e-16	4.16229e-16	2.68168e-16	1.65153e-16	9.72204e-17	5.47062e-17	2.94299e-17	1.51401e-17	7.45119e-18	3.5099e-18	1.58341e-18	6.84558e-19	2.83832e-19	1.12949e-19	4.31738e-20	1.58645e-20	5.60872e-21	1.90935e-21	6.26389e-22	1.98193e-22	6.05284e-23	1.78561e-23	5.09204e-24	1.40472e-24	3.75127e-25	9.70401e-26	2.43327e-26	5.918e-27	1.39748e-27	3.23406e-28	8.67337e-29	8.67337e-29	
9.49e-29	9.49e-29	3.6403e-28	1.61438e-27	7.01594e-27	2.96197e-26	1.21361e-25	4.823e-25	1.8579e-24	6.93296e-24	2.50446e-23	8.75208e-23	2.95664e-22	9.64846e-22	3.0392e-21	9.23349e-21	2.70353e-20	7.62263e-20	2.06791e-19	5.39331e-19	1.35121e-18	3.24927e-18	7.49398e-18	1.65648e-17	3.50684e-17	7.10632e-17	1.37771e-16	2.55438e-16	4.52804e-16	7.67309e-16	1.24294e-15	1.92474e-15	2.8495e-15	4.0333e-15	5.45791e-15	7.05953e-15	8.72447e-15	1.02963e-14	1.15966e-14	1.24578e-14	1.27595e-14	1.24578e-14	1.15966e-14	1.02963e-14	8.72447e-15	7.05953e-15	5.45791e-15	4.0333e-15	2.8495e-15	1.92474e-15	1.24294e-15	7.67309e-16	4.52804e-16	2.55438e-16	1.37771e-16	7.10632e-17	3.50684e-17	1.65648e-17	7.49398e-18	3.24927e-18	1.35121e-18	5.39331e-19	2.06791e-19	7.62263e-20	2.70353e-20	9.23349e-21	3.0392e-21	9.64846e-22	2.95664e-22	8.75208e-23	2.50446e-23	6.93296e-24	1.8579e-24	4.823e-25	1.21361e-25	2.96203e-26	7.01921e-27	1.63026e-27	4.38972e-28	4.38972e-28	
4.6942e-28	4.6942e-28	1.79342e-27	7.92457e-27	3.43171e-26	1.44364e-25	5.89402e-25	2.334e-24	8.95904e-24	3.33131e-23	1.19916e-22	4.17586e-22	1.40578e-21	4.57168e-21	1.43514e-20	4.34544e-20	1.26811e-19	3.56376e-19	9.63696e-19	2.50551e-18	6.25781e-18	1.50029e-17	3.45001e-17	7.604e-17	1.60528e-16	3.24403e-16	6.27237e-16	1.1599e-15	2.05084e-15	3.46664e-15	5.60189e-15	8.65439e-15	1.27837e-14	1.80563e-14	2.43863e-14	3.14871e-14	3.88546e-14	4.57988e-14	5.15366e-14	5.53335e-14	5.6663e-14	5.53335e-14	5.15366e-14	4.57988e-14	3.88546e-14	3.14871e-14	2.43863e-14	1.80563e-14	1.27837e-14	8.65439e-15	5.60189e-15	3.46664e-15	2.05084e-15	1.1599e-15	6.27237e-16	3.24403e-16	1.60528e-16	7.604e-17	3.45001e-17	1.50029e-17	6.25781e-18	2.50551e-18	9.63696e-19	3.56376e-19	1.26811e-19	4.34544e-20	1.43514e-20	4.57168e-21	1.40578e-21	4.17586e-22	1.19916e-22	3.33131e-23	8.95904e-24	2.334e-24	5.89403e-25	1.44368e-25	3.43334e-26	8.00329e-27	2.16377e-27	2.16377e-27	
2.26046e-27	2.26046e-27	8.601e-27	3.7866e-26	1.63389e-25	6.84864e-25	2.78603e-24	1.09927e-23	4.20428e-23	1.55767e-22	5.5869e-22	1.93858e-21	6.50295e-21	2.10734e-20	6.59227e-20	1.98919e-19	5.78524e-19	1.6204e-18	4.36743e-18	1.13183e-17	2.81799e-17	6.73524e-17	1.54415e-16	3.39339e-16	7.14325e-16	1.43951e-15	2.77571e-15	5.11923e-15	9.02792e-15	1.52217e-14	2.45368e-14	3.78169e-14	5.57335e-14	7.85515e-14	1.05879e-13	1.36465e-13	1.68138e-13	1.97943e-13	2.22539e-13	2.38801e-13	2.44493e-13	2.38801e-13	2.22539e-13	1.97943e-13	1.68138e-13	1.36465e-13	1.05879e-13	7.85515e-14	5.57335e-14	3.78169e-14	2.45368e-14	1.52217e-14	9.02792e-15	5.11923e-15	2.77571e-15	1.43951e-15	7.14325e-16	3.39339e-16	1.54415e-16	6.73524e-17	2.81799e-17	1.13183e-17	4.36743e-18	1.6204e-18	5.78524e-19	1.98919e-19	6.59227e-20	2.10734e-20	6.50295e-21	1.93858e-21	5.5869e-22	1.55767e-22	4.20428e-23	1.09927e-23	2.78604e-24	6.8488e-25	1.63467e-25	3.82461e-26	1.03827e-26	1.03827e-26	
1.05917e-26	1.05917e-26	4.01358e-26	1.76044e-25	7.56855e-25	3.16088e-24	1.28114e-23	5.03637e-23	1.91914e-22	7.08423e-22	2.53159e-21	8.75221e-21	2.92526e-20	9.44542e-20	2.94421e-19	8.85275e-19	2.56573e-18	7.1618e-18	1.92382e-17	4.96922e-17	1.23323e-16	2.93824e-16	6.71562e-16	1.47138e-15	3.08827e-15	6.20576e-15	1.19329e-14	2.19481e-14	3.86039e-14	6.49212e-14	1.04389e-13	1.60499e-13	2.35993e-13	3.31885e-13	4.46442e-13	5.74372e-13	7.06581e-13	8.30785e-13	9.33151e-13	1.00077e-12	1.02443e-12	1.00077e-12	9.33151e-13	8.30785e-13	7.06581e-13	5.74372e-13	4.46442e-13	3.31885e-13	2.35993e-13	1.60499e-13	1.04389e-13	6.49212e-14	3.86039e-14	2.19481e-14	1.19329e-14	6.20576e-15	3.08827e-15	1.47138e-15	6.71562e-16	2.93824e-16	1.23323e-16	4.96922e-17	1.92382e-17	7.1618e-18	2.56573e-18	8.85275e-19	2.94421e-19	9.44542e-20	2.92526e-20	8.75221e-21	2.53159e-21	7.08423e-22	1.91914e-22	5.03637e-23	1.28114e-23	3.16096e-24	7.57227e-25	1.7783e-25	4.84764e-26	4.84764e-26	
4.82674e-26	4.82674e-26	1.82145e-25	7.95942e-25	3.40935e-24	1.4186e-23	5.7284e-23	2.24353e-22	8.51718e-22	3.13223e-21	1.11514e-20	3.84088e-20	1.27898e-19	4.11451e-19	1.27784e-18	3.82838e-18	1.1056e-17	3.07527e-17	8.23242e-17	2.11925e-16	5.24203e-16	1.24491e-15	2.83641e-15	6.19548e-15	1.29648e-14	2.59764e-14	4.98077e-14	9.13581e-14	1.60255e-13	2.688e-13	4.31116e-13	6.61217e-13	9.69947e-13	1.36105e-12	1.82709e-12	2.34633e-12	2.88184e-12	3.38408e-12	3.79748e-12	4.07032e-12	4.16573e-12	4.07032e-12	3.79748e-12	3.38408e-12	2.88184e-12	2.34633e-12	1.82709e-12	1.36105e-12	9.69947e-13	6.61217e-13	4.31116e-13	2.688e-13	1.60255e-13	9.13581e-14	4.98077e-14	2.59764e-14	1.29648e-14	6.19548e-15	2.83641e-15	1.24491e-15	5.24203e-16	2.11925e-16	8.23242e-17	3.07527e-17	1.1056e-17	3.82838e-18	1.27784e-18	4.11451e-19	1.27898e-19	3.84088e-20	1.11514e-20	3.13223e-21	8.51718e-22	2.24353e-22	5.72841e-23	1.41864e-23	3.41105e-24	8.041e-25	2.20117e-25	2.20117e-25	
2.13816e-25	2.13816e-25	8.03503e-25	3.4979e-24	1.49273e-23	6.18788e-23	2.4893e-22	9.71247e-22	3.67316e-21	1.34568e-20	4.77264e-20	1.63759e-19	5.43235e-19	1.74101e-18	5.38683e-18	1.6079e-17	4.6265e-17	1.28225e-16	3.42041e-16	8.77455e-16	2.16306e-15	5.11997e-15	1.16277e-14	2.53181e-14	5.28191e-14	1.05514e-13	2.0173e-13	3.68976e-13	6.45463e-13	1.07977e-12	1.72731e-12	2.64264e-12	3.86726e-12	5.41438e-12	7.25319e-12	9.29707e-12	1.14006e-11	1.337e-11	1.49889e-11	1.60564e-11	1.64296e-11	1.60564e-11	1.49889e-11	1.337e-11	1.14006e-11	9.29707e-12	7.25319e-12	5.41438e-12	3.86726e-12	2.64264e-12	1.72731e-12	1.07977e-12	6.45463e-13	3.68976e-13	2.0173e-13	1.05514e-13	5.28191e-14	2.53181e-14	1.16277e-14	5.11997e-15	2.16306e-15	8.77455e-16	3.42041e-16	1.28225e-16	4.6265e-17	1.6079e-17	5.38683e-18	1.74101e-18	5.43235e-19	1.63759e-19	4.77264e-20	1.34568e-20	3.67316e-21	9.71247e-22	2.4893e-22	6.18803e-23	1.49349e-23	3.53414e-24	9.71548e-25	9.71548e-25	
9.20225e-25	9.20225e-25	3.44359e-24	1.4934e-23	6.34911e-23	2.62198e-22	1.05076e-21	4.08401e-21	1.53857e-20	5.61477e-20	1.98362e-19	6.77978e-19	2.24033e-18	7.1523e-18	2.20449e-17	6.55517e-17	1.87907e-16	5.18865e-16	1.37905e-15	3.52513e-15	8.65967e-15	2.04278e-14	4.62387e-14	1.00356e-13	2.08708e-13	4.15656e-13	7.92334e-13	1.44506e-12	2.52083e-12	4.20557e-12	6.70999e-12	1.02396e-11	1.49484e-11	2.08806e-11	2.79127e-11	3.57102e-11	4.37183e-11	5.12025e-11	5.73462e-11	6.13937e-11	6.28078e-11	6.13937e-11	5.73462e-11	5.12025e-11	4.37183e-11	3.57102e-11	2.79127e-11	2.08806e-11	1.49484e-11	1.02396e-11	6.70999e-12	4.20557e-12	2.52083e-12	1.44506e-12	7.92334e-13	4.15656e-13	2.08708e-13	1.00356e-13	4.62387e-14	2.04278e-14	8.65967e-15	3.52513e-15	1.37905e-15	5.18865e-16	1.87907e-16	6.55517e-17	2.20449e-17	7.1523e-18	2.24033e-18	6.77978e-19	1.98362e-19	5.61477e-20	1.53857e-20	4.08401e-21	1.05077e-21	2.62204e-22	6.35241e-23	1.50903e-23	4.16612e-24	4.16612e-24	
3.84574e-24	3.84574e-24	1.43304e-23	6.19083e-23	2.62203e-22	1.07867e-21	4.30612e-21	1.66714e-20	6.256e-20	2.27403e-19	8.00203e-19	2.72415e-18	8.96609e-18	2.85113e-17	8.75328e-17	2.59268e-16	7.40339e-16	2.03651e-15	5.39243e-15	1.37336e-14	3.36164e-14	7.9022e-14	1.78258e-13	3.85607e-13	7.99361e-13	1.58702e-12	3.01606e-12	5.48454e-12	9.54025e-12	1.58722e-11	2.52564e-11	3.84425e-11	5.59818e-11	7.80156e-11	1.04065e-10	1.32877e-10	1.62404e-10	1.89949e-10	2.1253e-10	2.27392e-10	2.32582e-10	2.27392e-10	2.1253e-10	1.89949e-10	1.62404e-10	1.32877e-10	1.04065e-10	7.80156e-11	5.59818e-11	3.84425e-11	2.52564e-11	1.58722e-11	9.54025e-12	5.48454e-12	3.01606e-12	1.58702e-12	7.99361e-13	3.85607e-13	1.78258e-13	7.9022e-14	3.36164e-14	1.37336e-14	5.39243e-15	2.03651e-15	7.40339e-16	2.59268e-16	8.75328e-17	2.85113e-17	8.96609e-18	2.72415e-18	8.00203e-19	2.27403e-19	6.256e-20	1.66714e-20	4.30613e-21	1.0787e-21	2.62342e-22	6.25636e-23	1.73469e-23	1.73469e-23	
1.55975e-23	1.55975e-23	5.78734e-23	2.49052e-22	1.05079e-21	4.30613e-21	1.71232e-20	6.6032e-20	2.468e-19	8.93511e-19	3.13148e-18	1.06174e-17	3.48039e-17	1.10225e-16	3.3704e-16	9.943e-16	2.82796e-15	7.74866e-15	2.04384e-14	5.18566e-14	1.26462e-13	2.96203e-13	6.65832e-13	1.43541e-12	2.96577e-12	5.86927e-12	1.11197e-11	2.01598e-11	3.49656e-11	5.80086e-11	9.20533e-11	1.39745e-10	2.02992e-10	2.82215e-10	3.75619e-10	4.78671e-10	5.84043e-10	6.82163e-10	7.62482e-10	8.15298e-10	8.33733e-10	8.15298e-10	7.62482e-10	6.82163e-10	5.84043e-10	4.78671e-10	3.75619e-10	2.82215e-10	2.02992e-10	1.39745e-10	9.20533e-11	5.80086e-11	3.49656e-11	2.01598e-11	1.11197e-11	5.86927e-12	2.96577e-12	1.43541e-12	6.65832e-13	2.96203e-13	1.26462e-13	5.18566e-14	2.04384e-14	7.74866e-15	2.82796e-15	9.943e-16	3.3704e-16	1.10225e-16	3.48039e-17	1.06174e-17	3.13148e-18	8.93511e-19	2.468e-19	6.6032e-20	1.71232e-20	4.30624e-21	1.05135e-21	2.51716e-22	7.00955e-23	7.00955e-23	
6.13564e-23	6.13564e-23	2.26687e-22	9.71729e-22	4.0841e-21	1.66715e-20	6.6032e-20	2.53622e-19	9.44109e-19	3.40411e-18	1.18814e-17	4.01182e-17	1.30963e-16	4.13046e-16	1.25776e-15	3.69526e-15	1.04671e-14	2.85644e-14	7.50443e-14	1.89661e-13	4.6076e-13	1.07519e-12	2.40815e-12	5.17331e-12	1.06524e-11	2.10118e-11	3.96816e-11	7.17206e-11	1.24023e-10	2.05165e-10	3.24669e-10	4.91556e-10	7.12199e-10	9.87763e-10	1.31174e-09	1.66826e-09	2.03197e-09	2.37002e-09	2.64634e-09	2.82786e-09	2.89119e-09	2.82786e-09	2.64634e-09	2.37002e-09	2.03197e-09	1.66826e-09	1.31174e-09	9.87763e-10	7.12199e-10	4.91556e-10	3.24669e-10	2.05165e-10	1.24023e-10	7.17206e-11	3.96816e-11	2.10118e-11	1.06524e-11	5.17331e-12	2.40815e-12	1.07519e-12	4.6076e-13	1.89661e-13	7.50443e-14	2.85644e-14	1.04671e-14	3.69526e-15	1.25776e-15	4.13046e-16	1.30963e-16	4.01182e-17	1.18814e-17	3.40411e-18	9.44109e-19	2.53622e-19	6.60321e-20	1.66719e-20	4.08634e-21	9.8224e-22	2.74717e-22	2.74717e-22	
2.33957e-22	2.33957e-22	8.60677e-22	3.67502e-21	1.53861e-20	6.25601e-20	2.468e-19	9.44109e-19	3.50008e-18	1.25678e-17	4.36825e-17	1.46876e-16	4.77439e-16	1.49942e-15	4.54652e-15	1.33011e-14	3.75182e-14	1.01961e-13	2.66773e-13	6.71504e-13	1.62492e-12	3.77717e-12	8.4283e-12	1.80404e-11	3.7017e-11	7.27683e-11	1.36976e-10	2.4679e-10	4.25463e-10	7.0175e-10	1.10735e-09	1.67198e-09	2.41616e-09	3.34277e-09	4.42904e-09	5.62128e-09	6.83476e-09	7.96041e-09	8.87917e-09	9.48213e-09	9.69238e-09	9.48213e-09	8.87917e-09	7.96041e-09	6.83476e-09	5.62128e-09	4.42904e-09	3.34277e-09	2.41616e-09	1.67198e-09	1.10735e-09	7.0175e-10	4.25463e-10	2.4679e-10	1.36976e-10	7.27683e-11	3.7017e-11	1.80404e-11	8.4283e-12	3.77717e-12	1.62492e-12	6.71504e-13	2.66773e-13	1.01961e-13	3.75182e-14	1.33011e-14	4.54652e-15	1.49942e-15	4.77439e-16	1.46876e-16	4.36825e-17	1.25678e-17	3.50008e-18	9.44109e-19	2.46801e-19	6.25619e-20	1.53946e-20	3.7152e-21	1.04363e-21	1.04363e-21	
8.6419e-22	8.6419e-22	3.16555e-21	1.34637e-20	5.61491e-20	2.27403e-19	8.93511e-19	3.40411e-18	1.25678e-17	4.49385e-17	1.55532e-16	5.20717e-16	1.68535e-15	5.26999e-15	1.59102e-14	4.6344e-14	1.30157e-13	3.52205e-13	9.17623e-13	2.30017e-12	5.54329e-12	1.28343e-11	2.85274e-11	6.08328e-11	1.2437e-10	2.43634e-10	4.57062e-10	8.2082e-10	1.41067e-09	2.31973e-09	3.64991e-09	5.49562e-09	7.92055e-09	1.09306e-08	1.4449e-08	1.83003e-08	2.22107e-08	2.5831e-08	2.87814e-08	3.07158e-08	3.139e-08	3.07158e-08	2.87814e-08	2.5831e-08	2.22107e-08	1.83003e-08	1.4449e-08	1.09306e-08	7.92055e-09	5.49562e-09	3.64991e-09	2.31973e-09	1.41067e-09	8.2082e-10	4.57062e-10	2.43634e-10	1.2437e-10	6.08328e-11	2.85274e-11	1.28343e-11	5.54329e-12	2.30017e-12	9.17623e-13	3.52205e-13	1.30157e-13	4.6344e-14	1.59102e-14	5.26999e-15	1.68535e-15	5.20717e-16	1.55532e-16	4.49385e-17	1.25678e-17	3.40411e-18	8.93512e-19	2.2741e-19	5.6181e-20	1.36126e-20	3.84066e-21	3.84066e-21	
3.09028e-21	3.09028e-21	1.12713e-20	4.77514e-20	1.98367e-19	8.00204e-19	3.13148e-18	1.18814e-17	4.36825e-17	1.55532e-16	5.35983e-16	1.78664e-15	5.75724e-15	1.79228e-14	5.38685e-14	1.56212e-13	4.36774e-13	1.17669e-12	3.05232e-12	7.6182e-12	1.8282e-11	4.21535e-11	9.3321e-11	1.98229e-10	4.03751e-10	7.88069e-10	1.47331e-09	2.63704e-09	4.51752e-09	7.40584e-09	1.1618e-08	1.74435e-08	2.50723e-08	3.45123e-08	4.55133e-08	5.75216e-08	6.96849e-08	8.09228e-08	9.00675e-08	9.60567e-08	9.81432e-08	9.60567e-08	9.00675e-08	8.09228e-08	6.96849e-08	5.75216e-08	4.55133e-08	3.45123e-08	2.50723e-08	1.74435e-08	1.1618e-08	7.40584e-09	4.51752e-09	2.63704e-09	1.47331e-09	7.88069e-10	4.03751e-10	1.98229e-10	9.3321e-11	4.21535e-11	1.8282e-11	7.6182e-12	3.05232e-12	1.17669e-12	4.36774e-13	1.56212e-13	5.38685e-14	1.79228e-14	5.75724e-15	1.78664e-15	5.35983e-16	1.55532e-16	4.36825e-17	1.18814e-17	3.13148e-18	8.00228e-19	1.98482e-19	4.8285e-20	1.3683e-20	1.3683e-20	
1.06908e-20	1.06908e-20	3.88264e-20	1.63847e-19	6.77995e-19	2.72416e-18	1.06174e-17	4.01182e-17	1.46876e-16	5.20717e-16	1.78664e-15	5.92929e-15	1.9021e-14	5.89465e-14	1.76363e-13	5.09096e-13	1.41695e-12	3.79996e-12	9.81256e-12	2.43819e-11	5.82552e-11	1.33747e-10	2.94864e-10	6.23817e-10	1.26565e-09	2.46117e-09	4.58471e-09	8.17789e-09	1.39635e-08	2.28191e-08	3.56896e-08	5.34299e-08	7.65855e-08	1.05146e-07	1.38328e-07	1.74445e-07	2.10937e-07	2.44584e-07	2.7192e-07	2.89805e-07	2.96033e-07	2.89805e-07	2.7192e-07	2.44584e-07	2.10937e-07	1.74445e-07	1.38328e-07	1.05146e-07	7.65855e-08	5.34299e-08	3.56896e-08	2.28191e-08	1.39635e-08	8.17789e-09	4.58471e-09	2.46117e-09	1.26565e-09	6.23817e-10	2.94864e-10	1.33747e-10	5.82552e-11	2.43819e-11	9.81256e-12	3.79996e-12	1.41695e-12	5.09096e-13	1.76363e-13	5.89465e-14	1.9021e-14	5.92929e-15	1.78664e-15	5.20717e-16	1.46876e-16	4.01182e-17	1.06175e-17	2.72424e-18	6.78395e-19	1.65698e-19	4.71611e-20	4.71611e-20	
3.57555e-20	3.57555e-20	1.29304e-19	5.43531e-19	2.24039e-18	8.9661e-18	3.48039e-17	1.30963e-16	4.77439e-16	1.68535e-15	5.75724e-15	1.9021e-14	6.07415e-14	1.87374e-13	5.58002e-13	1.60322e-12	4.44125e-12	1.18547e-11	3.04698e-11	7.53616e-11	1.79244e-10	4.09699e-10	8.99338e-10	1.89469e-09	3.82863e-09	7.41627e-09	1.3764e-08	2.44644e-08	4.16312e-08	6.78136e-08	1.05735e-07	1.57825e-07	2.25589e-07	3.08897e-07	4.0538e-07	5.10093e-07	6.15622e-07	7.12716e-07	7.91476e-07	8.42953e-07	8.60868e-07	8.42953e-07	7.91476e-07	7.12716e-07	6.15622e-07	5.10093e-07	4.0538e-07	3.08897e-07	2.25589e-07	1.57825e-07	1.05735e-07	6.78136e-08	4.16312e-08	2.44644e-08	1.3764e-08	7.41627e-09	3.82863e-09	1.89469e-09	8.99338e-10	4.09699e-10	1.79244e-10	7.53616e-11	3.04698e-11	1.18547e-11	4.44125e-12	1.60322e-12	5.58002e-13	1.87374e-13	6.07415e-14	1.9021e-14	5.75724e-15	1.68535e-15	4.77439e-16	1.30963e-16	3.4804e-17	8.96638e-18	2.24173e-18	5.49738e-19	1.57151e-19	1.57151e-19	
1.15528e-19	1.15528e-19	4.16022e-19	1.74198e-18	7.15249e-18	2.85114e-17	1.10226e-16	4.13046e-16	1.49942e-15	5.26999e-15	1.79228e-14	5.89465e-14	1.87374e-13	5.75306e-13	1.70516e-12	4.87576e-12	1.34419e-11	3.57068e-11	9.13353e-11	2.24826e-10	5.32229e-10	1.21092e-09	2.64619e-09	5.55066e-09	1.11693e-08	2.15488e-08	3.98394e-08	7.05526e-08	1.19642e-07	1.94241e-07	3.01903e-07	4.49282e-07	6.4035e-07	8.74464e-07	1.14473e-06	1.43719e-06	1.73114e-06	2.00101e-06	2.21958e-06	2.36229e-06	2.41193e-06	2.36229e-06	2.21958e-06	2.00101e-06	1.73114e-06	1.43719e-06	1.14473e-06	8.74464e-07	6.4035e-07	4.49282e-07	3.01903e-07	1.94241e-07	1.19642e-07	7.05526e-08	3.98394e-08	2.15488e-08	1.11693e-08	5.55066e-09	2.64619e-09	1.21092e-09	5.32229e-10	2.24826e-10	9.13353e-11	3.57068e-11	1.34419e-11	4.87576e-12	1.70516e-12	5.75306e-13	1.87374e-13	5.89465e-14	1.79228e-14	5.26999e-15	1.49942e-15	4.13046e-16	1.10226e-16	2.85123e-17	7.15687e-18	1.76208e-18	5.05905e-19	5.05905e-19	
3.60344e-19	3.60344e-19	1.29219e-18	5.38987e-18	2.20456e-17	8.75329e-17	3.3704e-16	1.25776e-15	4.54652e-15	1.59102e-14	5.38685e-14	1.76363e-13	5.58002e-13	1.70516e-12	5.02965e-12	1.43118e-11	3.92618e-11	1.03779e-10	2.64146e-10	6.47011e-10	1.52422e-09	3.45131e-09	7.50689e-09	1.56753e-08	3.14053e-08	6.03369e-08	1.11107e-07	1.96019e-07	3.31215e-07	5.35906e-07	8.30258e-07	1.23178e-06	1.75052e-06	2.38397e-06	3.11286e-06	3.89917e-06	4.68738e-06	5.40944e-06	5.99327e-06	6.37409e-06	6.50649e-06	6.37409e-06	5.99327e-06	5.40944e-06	4.68738e-06	3.89917e-06	3.11286e-06	2.38397e-06	1.75052e-06	1.23178e-06	8.30258e-07	5.35906e-07	3.31215e-07	1.96019e-07	1.11107e-07	6.03369e-08	3.14053e-08	1.56753e-08	7.50689e-09	3.45131e-09	1.52422e-09	6.47011e-10	2.64146e-10	1.03779e-10	3.92618e-11	1.43118e-11	5.02965e-12	1.70516e-12	5.58002e-13	1.76363e-13	5.38685e-14	1.59102e-14	4.54652e-15	1.25776e-15	3.37041e-16	8.75359e-17	2.20593e-17	5.45275e-18	1.57226e-18	1.57226e-18	
1.08419e-18	1.08419e-18	3.87183e-18	1.60883e-17	6.55536e-17	2.59269e-16	9.943e-16	3.69526e-15	1.33011e-14	4.6344e-14	1.56212e-13	5.09096e-13	1.60322e-12	4.87576e-12	1.43118e-11	4.05221e-11	1.10608e-10	2.90884e-10	7.36619e-10	1.79516e-09	4.20774e-09	9.48046e-09	2.05209e-08	4.26486e-08	8.50586e-08	1.62708e-07	2.98381e-07	5.24355e-07	8.82731e-07	1.42328e-06	2.19777e-06	3.25046e-06	4.60572e-06	6.25497e-06	8.14636e-06	1.01804e-05	1.22137e-05	1.40722e-05	1.55725e-05	1.65501e-05	1.68899e-05	1.65501e-05	1.55725e-05	1.40722e-05	1.22137e-05	1.01804e-05	8.14636e-06	6.25497e-06	4.60572e-06	3.25046e-06	2.19777e-06	1.42328e-06	8.82731e-07	5.24355e-07	2.98381e-07	1.62708e-07	8.50586e-08	4.26486e-08	2.05209e-08	9.48046e-09	4.20774e-09	1.79516e-09	7.36619e-10	2.90884e-10	1.10608e-10	4.05221e-11	1.43118e-11	4.87576e-12	1.60322e-12	5.09096e-13	1.56212e-13	4.6344e-14	1.33011e-14	3.69526e-15	9.94302e-16	2.59277e-16	6.55951e-17	1.6278e-17	4.71365e-18	4.71365e-18	
3.14425e-18	3.14425e-18	1.11828e-17	4.6292e-17	1.87913e-16	7.4034e-16	2.82796e-15	1.04671e-14	3.75182e-14	1.30157e-13	4.36774e-13	1.41695e-12	4.44125e-12	1.34419e-11	3.92618e-11	1.10608e-10	3.0037e-10	7.85854e-10	1.9797e-09	4.79943e-09	1.11912e-08	2.50855e-08	5.40255e-08	1.11732e-07	2.21786e-07	4.22336e-07	7.71174e-07	1.34971e-06	2.26353e-06	3.63655e-06	5.59652e-06	8.25094e-06	1.16562e-05	1.57858e-05	2.05056e-05	2.5565e-05	3.06084e-05	3.52076e-05	3.89144e-05	4.13277e-05	4.21661e-05	4.13277e-05	3.89144e-05	3.52076e-05	3.06084e-05	2.5565e-05	2.05056e-05	1.57858e-05	1.16562e-05	8.25094e-06	5.59652e-06	3.63655e-06	2.26353e-06	1.34971e-06	7.71174e-07	4.22336e-07	2.21786e-07	1.11732e-07	5.40255e-08	2.50855e-08	1.11912e-08	4.79943e-09	1.9797e-09	7.85854e-10	3.0037e-10	1.10608e-10	3.92618e-11	1.34419e-11	4.44125e-12	1.41695e-12	4.36774e-13	1.30157e-13	3.75182e-14	1.04671e-14	2.82797e-15	7.40366e-16	1.88034e-16	4.68435e-17	1.36217e-17	1.36217e-17	
8.7822e-18	8.7822e-18	3.11091e-17	1.28301e-16	5.18881e-16	2.03652e-15	7.74866e-15	2.85644e-14	1.01961e-13	3.52205e-13	1.17669e-12	3.79996e-12	1.18547e-11	3.57068e-11	1.03779e-10	2.90884e-10	7.85854e-10	2.04522e-09	5.12489e-09	1.2358e-08	2.8662e-08	6.39065e-08	1.36915e-07	2.81717e-07	5.56455e-07	1.05464e-06	1.91715e-06	3.3413e-06	5.58144e-06	8.93411e-06	1.37021e-05	2.01361e-05	2.83609e-05	3.83001e-05	4.96208e-05	6.17166e-05	7.37387e-05	8.46766e-05	9.34786e-05	9.92047e-05	0.000101193	9.92047e-05	9.34786e-05	8.46766e-05	7.37387e-05	6.17166e-05	4.96208e-05	3.83001e-05	2.83609e-05	2.01361e-05	1.37021e-05	8.93411e-06	5.58144e-06	3.3413e-06	1.91715e-06	1.05464e-06	5.56455e-07	2.81717e-07	1.36915e-07	6.39065e-08	2.8662e-08	1.2358e-08	5.12489e-09	2.04522e-09	7.85854e-10	2.90884e-10	1.03779e-10	3.57068e-11	1.18547e-11	3.79996e-12	1.17669e-12	3.52205e-13	1.01961e-13	2.85644e-14	7.74868e-15	2.03659e-15	5.19221e-16	1.29845e-16	3.79145e-17	3.79145e-17	
2.36057e-17	2.36057e-17	8.32879e-17	3.42248e-16	1.37909e-15	5.39244e-15	2.04384e-14	7.50443e-14	2.66773e-13	9.17623e-13	3.05232e-12	9.81256e-12	3.04698e-11	9.13353e-11	2.64146e-10	7.36619e-10	1.9797e-09	5.12489e-09	1.27725e-08	3.06311e-08	7.06538e-08	1.56674e-07	3.33851e-07	6.83309e-07	1.34279e-06	2.53251e-06	4.58224e-06	7.9513e-06	1.32281e-05	2.10942e-05	3.22388e-05	4.72234e-05	6.63109e-05	8.92964e-05	0.000115386	0.000143169	0.0001707	0.000195688	0.000215768	0.000228823	0.000233357	0.000228823	0.000215768	0.000195688	0.0001707	0.000143169	0.000115386	8.92964e-05	6.63109e-05	4.72234e-05	3.22388e-05	2.10942e-05	1.32281e-05	7.9513e-06	4.58224e-06	2.53251e-06	1.34279e-06	6.83309e-07	3.33851e-07	1.56674e-07	7.06538e-08	3.06311e-08	1.27725e-08	5.12489e-09	1.9797e-09	7.36619e-10	2.64146e-10	9.13353e-11	3.04698e-11	9.81256e-12	3.05232e-12	9.17623e-13	2.66773e-13	7.50443e-14	2.04385e-14	5.39263e-15	1.38001e-15	3.46409e-16	1.01562e-16	1.01562e-16	
6.10105e-17	6.10105e-17	2.1443e-16	8.77994e-16	3.52524e-15	1.37336e-14	5.18566e-14	1.89661e-13	6.71504e-13	2.30017e-12	7.6182e-12	2.43819e-11	7.53616e-11	2.24826e-10	6.47011e-10	1.79516e-09	4.79943e-09	1.2358e-08	3.06311e-08	7.30525e-08	1.67561e-07	3.69483e-07	7.82944e-07	1.59374e-06	3.11528e-06	5.84548e-06	1.05255e-05	1.81816e-05	3.01206e-05	4.78459e-05	7.28644e-05	0.000106383	0.000148932	0.000199992	0.000257747	0.00031904	0.000379589	0.000434415	0.000478412	0.000507012	0.000516947	0.000507012	0.000478412	0.000434415	0.000379589	0.00031904	0.000257747	0.000199992	0.000148932	0.000106383	7.28644e-05	4.78459e-05	3.01206e-05	1.81816e-05	1.05255e-05	5.84548e-06	3.11528e-06	1.59374e-06	7.82944e-07	3.69483e-07	1.67561e-07	7.30525e-08	3.06311e-08	1.2358e-08	4.79943e-09	1.79516e-09	6.47011e-10	2.24826e-10	7.53616e-11	2.43819e-11	7.6182e-12	2.30017e-12	6.71504e-13	1.89661e-13	5.18567e-14	1.37342e-14	3.52763e-15	8.88773e-16	2.61617e-16	2.61617e-16	
1.51503e-16	1.51503e-16	5.30461e-16	2.16441e-15	8.65996e-15	3.36164e-14	1.26462e-13	4.6076e-13	1.62492e-12	5.54329e-12	1.8282e-11	5.82552e-11	1.79244e-10	5.32229e-10	1.52422e-09	4.20774e-09	1.11912e-08	2.8662e-08	7.06538e-08	1.67561e-07	3.82155e-07	8.37867e-07	1.76534e-06	3.57325e-06	6.94628e-06	1.2965e-05	2.32279e-05	3.99348e-05	6.58711e-05	0.00010422	0.000158145	0.000230139	0.00032122	0.000430154	0.000552948	0.000682816	0.000810692	0.000926191	0.00101878	0.00107899	0.00109992	0.00107899	0.00101878	0.000926191	0.000810692	0.000682816	0.000552948	0.000430154	0.00032122	0.000230139	0.000158145	0.00010422	6.58711e-05	3.99348e-05	2.32279e-05	1.2965e-05	6.94628e-06	3.57325e-06	1.76534e-06	8.37867e-07	3.82155e-07	1.67561e-07	7.06538e-08	2.8662e-08	1.11912e-08	4.20774e-09	1.52422e-09	5.32229e-10	1.79244e-10	5.82552e-11	1.8282e-11	5.54329e-12	1.62492e-12	4.6076e-13	1.26463e-13	3.36177e-14	8.66593e-15	2.19124e-15	6.47526e-16	6.47526e-16	
3.61176e-16	3.61176e-16	1.25992e-15	5.12322e-15	2.04285e-14	7.90221e-14	2.96203e-13	1.07519e-12	3.77717e-12	1.28343e-11	4.21535e-11	1.33747e-10	4.09699e-10	1.21092e-09	3.45131e-09	9.48046e-09	2.50855e-08	6.39065e-08	1.56674e-07	3.69483e-07	8.37867e-07	1.82638e-06	3.82575e-06	7.69911e-06	1.48822e-05	2.76251e-05	4.92351e-05	8.42357e-05	0.000138321	0.000217961	0.000329535	0.000477993	0.000665211	0.00088841	0.00113917	0.00140345	0.00166279	0.00189641	0.00208353	0.0022054	0.00224789	0.0022054	0.00208353	0.00189641	0.00166279	0.00140345	0.00113917	0.00088841	0.000665211	0.000477993	0.000329535	0.000217961	0.000138321	8.42357e-05	4.92351e-05	2.76251e-05	1.48822e-05	7.69911e-06	3.82575e-06	1.82638e-06	8.37867e-07	3.69483e-07	1.56674e-07	6.39065e-08	2.50855e-08	9.48046e-09	3.45131e-09	1.21092e-09	4.09699e-10	1.33747e-10	4.21535e-11	1.28343e-11	3.77717e-12	1.07519e-12	2.96204e-13	7.90252e-14	2.04428e-14	5.18732e-15	1.53874e-15	1.53874e-15	
8.25977e-16	8.25977e-16	2.87091e-15	1.16352e-14	4.62403e-14	1.78259e-13	6.65832e-13	2.40815e-12	8.4283e-12	2.85274e-11	9.3321e-11	2.94864e-10	8.99338e-10	2.64619e-09	7.50689e-09	2.05209e-08	5.40255e-08	1.36915e-07	3.33851e-07	7.82944e-07	1.76534e-06	3.82575e-06	7.96688e-06	1.59389e-05	3.06312e-05	5.65396e-05	0.000100226	0.000170612	0.000278864	0.000437598	0.000659179	0.000953078	0.00132262	0.0017619	0.00225387	0.00277056	0.00327575	0.00372946	0.00409275	0.00433017	0.00441337	0.00433017	0.00409275	0.00372946	0.00327575	0.00277056	0.00225387	0.0017619	0.00132262	0.000953078	0.000659179	0.000437598	0.000278864	0.000170612	0.000100226	5.65396e-05	3.06312e-05	1.59389e-05	7.96688e-06	3.82575e-06	1.76534e-06	7.82944e-07	3.33851e-07	1.36915e-07	5.40255e-08	2.05209e-08	7.50689e-09	2.64619e-09	8.99338e-10	2.94864e-10	9.3321e-11	2.85274e-11	8.4283e-12	2.40815e-12	6.65833e-13	1.78266e-13	4.62732e-14	1.17821e-14	3.50798e-15	3.50798e-15	
1.81072e-15	1.81072e-15	6.27152e-15	2.53347e-14	1.00359e-13	3.85608e-13	1.43541e-12	5.17331e-12	1.80404e-11	6.08328e-11	1.98229e-10	6.23817e-10	1.89469e-09	5.55066e-09	1.56753e-08	4.26486e-08	1.11732e-07	2.81717e-07	6.83309e-07	1.59374e-06	3.57325e-06	7.69911e-06	1.59389e-05	3.17e-05	6.05632e-05	0.000111146	0.000195938	0.000331808	0.000539759	0.000843411	0.00126581	0.00182444	0.00252507	0.00335583	0.00428358	0.00525465	0.0062003	0.00704634	0.00772384	0.00816961	0.00832749	0.00816961	0.00772384	0.00704634	0.0062003	0.00525465	0.00428358	0.00335583	0.00252507	0.00182444	0.00126581	0.000843411	0.000539759	0.000331808	0.000195938	0.000111146	6.05632e-05	3.17e-05	1.59389e-05	7.69911e-06	3.57325e-06	1.59374e-06	6.83309e-07	2.81717e-07	1.11732e-07	4.26486e-08	1.56753e-08	5.55066e-09	1.89469e-09	6.23817e-10	1.98229e-10	6.08328e-11	1.80404e-11	5.17331e-12	1.43542e-12	3.85624e-13	1.00432e-13	2.56575e-14	7.66686e-15	7.66686e-15	
3.8026e-15	3.8026e-15	1.31253e-14	5.28542e-14	2.08715e-13	7.99363e-13	2.96577e-12	1.06524e-11	3.7017e-11	1.2437e-10	4.03751e-10	1.26565e-09	3.82863e-09	1.11693e-08	3.14053e-08	8.50586e-08	2.21786e-07	5.56455e-07	1.34279e-06	3.11528e-06	6.94628e-06	1.48822e-05	3.06312e-05	6.05632e-05	0.000115026	0.000209871	0.000367898	0.0006197	0.00100316	0.00156073	0.00233375	0.00335349	0.0046299	0.00614044	0.00782332	0.00957899	0.011281	0.0127951	0.0140078	0.0148152	0.0151069	0.0148152	0.0140078	0.0127951	0.011281	0.00957899	0.00782332	0.00614044	0.0046299	0.00335349	0.00233375	0.00156073	0.00100316	0.0006197	0.000367898	0.000209871	0.000115026	6.05632e-05	3.06312e-05	1.48822e-05	6.94628e-06	3.11527e-06	1.34279e-06	5.56455e-07	2.21786e-07	8.50586e-08	3.14053e-08	1.11693e-08	3.82863e-09	1.26565e-09	4.03751e-10	1.2437e-10	3.7017e-11	1.06524e-11	2.96578e-12	7.99396e-13	2.08868e-13	5.35334e-14	1.6053e-14	1.6053e-14	
7.64527e-15	7.64527e-15	2.63008e-14	1.05585e-13	4.15672e-13	1.58702e-12	5.86927e-12	2.10118e-11	7.27683e-11	2.43634e-10	7.88069e-10	2.46117e-09	7.41627e-09	2.15488e-08	6.03369e-08	1.62708e-07	4.22336e-07	1.05464e-06	2.53251e-06	5.84548e-06	1.2965e-05	2.76251e-05	5.65396e-05	0.000111146	0.000209871	0.000380705	0.000663588	0.00111173	0.00179069	0.00277372	0.00413222	0.00592053	0.00815601	0.0107984	0.0137364	0.0167914	0.0197368	0.0223327	0.0244085	0.0258155	0.0263411	0.0258155	0.0244085	0.0223327	0.0197368	0.0167914	0.0137364	0.0107984	0.00815601	0.00592053	0.00413222	0.00277372	0.00179069	0.00111173	0.000663588	0.000380705	0.000209871	0.000111146	5.65396e-05	2.76251e-05	1.2965e-05	5.84548e-06	2.53251e-06	1.05464e-06	4.22336e-07	1.62708e-07	6.03369e-08	2.15488e-08	7.41627e-09	2.46117e-09	7.88069e-10	2.43634e-10	7.27683e-11	2.10118e-11	5.86929e-12	1.58709e-12	4.15981e-13	1.06954e-13	3.21821e-14	3.21821e-14	
1.47086e-14	1.47086e-14	5.04349e-14	2.01868e-13	7.92364e-13	3.01607e-12	1.11197e-11	3.96816e-11	1.36976e-10	4.57062e-10	1.47331e-09	4.58471e-09	1.3764e-08	3.98394e-08	1.11107e-07	2.98381e-07	7.71174e-07	1.91715e-06	4.58224e-06	1.05255e-05	2.32279e-05	4.92351e-05	0.000100226	0.000195938	0.000367898	0.000663588	0.00115019	0.00191653	0.0030714	0.00473615	0.00702958	0.0100435	0.0138086	0.0182562	0.0231902	0.0282977	0.0331852	0.037422	0.0407839	0.0431087	0.0440165	0.0431087	0.0407839	0.037422	0.0331852	0.0282977	0.0231902	0.0182562	0.0138086	0.0100435	0.00702958	0.00473615	0.0030714	0.00191653	0.00115019	0.000663588	0.000367898	0.000195938	0.000100226	4.92351e-05	2.32279e-05	1.05255e-05	4.58224e-06	1.91715e-06	7.71174e-07	2.98381e-07	1.11107e-07	3.98394e-08	1.3764e-08	4.58471e-09	1.47331e-09	4.57062e-10	1.36976e-10	3.96816e-11	1.11197e-11	3.0162e-12	7.92961e-13	2.04506e-13	6.17406e-14	6.17406e-14	
2.70673e-14	2.70673e-14	9.2518e-14	3.69231e-13	1.44511e-12	5.48455e-12	2.01598e-11	7.17206e-11	2.4679e-10	8.2082e-10	2.63704e-09	8.17789e-09	2.44644e-08	7.05526e-08	1.96019e-07	5.24355e-07	1.34971e-06	3.3413e-06	7.9513e-06	1.81816e-05	3.99348e-05	8.42357e-05	0.000170612	0.000331808	0.0006197	0.00111173	0.00191653	0.0031765	0.00506489	0.00777446	0.011495	0.0163763	0.0224713	0.0296605	0.0375932	0.0457248	0.0534085	0.0598859	0.0649113	0.0684162	0.0698383	0.0684162	0.0649113	0.0598859	0.0534085	0.0457248	0.0375932	0.0296605	0.0224713	0.0163763	0.011495	0.00777446	0.00506489	0.0031765	0.00191653	0.00111173	0.0006197	0.000331808	0.000170612	8.42357e-05	3.99348e-05	1.81816e-05	7.9513e-06	3.3413e-06	1.34971e-06	5.24355e-07	1.96019e-07	7.05526e-08	2.44644e-08	8.17789e-09	2.63704e-09	8.2082e-10	2.4679e-10	7.17206e-11	2.01599e-11	5.48479e-12	1.44622e-12	3.74095e-13	1.13306e-13	1.13306e-13	
4.76318e-14	4.76318e-14	1.62306e-13	6.45915e-13	2.52093e-12	9.54027e-12	3.49656e-11	1.24023e-10	4.25463e-10	1.41067e-09	4.51752e-09	1.39635e-08	4.16312e-08	1.19642e-07	3.31215e-07	8.82731e-07	2.26353e-06	5.58144e-06	1.32281e-05	3.01206e-05	6.58711e-05	0.000138321	0.000278864	0.000539759	0.00100316	0.00179069	0.0030714	0.00506489	0.00803598	0.0122776	0.0180781	0.0256665	0.0351157	0.0461896	0.0582201	0.0702537	0.0813421	0.0903076	0.0969517	0.101461	0.10329	0.101461	0.0969517	0.0903076	0.0813421	0.0702537	0.0582201	0.0461896	0.0351157	0.0256665	0.0180781	0.0122776	0.00803598	0.00506489	0.0030714	0.00179069	0.00100316	0.000539759	0.000278864	0.000138321	6.58711e-05	3.01206e-05	1.32281e-05	5.58144e-06	2.26353e-06	8.82731e-07	3.31215e-07	1.19642e-07	4.16312e-08	1.39635e-08	4.51752e-09	1.41067e-09	4.25463e-10	1.24023e-10	3.49657e-11	9.54071e-12	2.52289e-12	6.54491e-13	1.98859e-13	1.98859e-13	
8.01429e-14	8.01429e-14	2.72267e-13	1.08054e-12	4.20573e-12	1.58723e-11	5.80086e-11	2.05165e-10	7.0175e-10	2.31973e-09	7.40584e-09	2.28191e-08	6.78136e-08	1.94241e-07	5.35906e-07	1.42328e-06	3.63655e-06	8.93411e-06	2.10942e-05	4.78459e-05	0.00010422	0.000217961	0.000437598	0.000843411	0.00156073	0.00277372	0.00473615	0.00777446	0.0122776	0.0186689	0.0273543	0.0386322	0.0525214	0.0684687	0.0851606	0.100999	0.114886	0.125551	0.132971	0.137637	0.1394	0.137637	0.132971	0.125551	0.114886	0.100999	0.0851606	0.0684687	0.0525214	0.0386322	0.0273543	0.0186689	0.0122776	0.00777446	0.00473615	0.00277372	0.00156073	0.000843411	0.000437598	0.000217961	0.00010422	4.78459e-05	2.10942e-05	8.93411e-06	3.63655e-06	1.42328e-06	5.35906e-07	1.94241e-07	6.78136e-08	2.28191e-08	7.40584e-09	2.31973e-09	7.0175e-10	2.05165e-10	5.80087e-11	1.5873e-11	4.20903e-12	1.09499e-12	3.33721e-13	3.33721e-13	
1.28926e-13	1.28926e-13	4.36717e-13	1.72856e-12	6.71026e-12	2.52564e-11	9.20533e-11	3.24669e-10	1.10735e-09	3.64991e-09	1.1618e-08	3.56896e-08	1.05735e-07	3.01903e-07	8.30258e-07	2.19777e-06	5.59652e-06	1.37021e-05	3.22388e-05	7.28644e-05	0.000158145	0.000329535	0.000659179	0.00126581	0.00233375	0.00413222	0.00702958	0.011495	0.0180781	0.0273543	0.0398188	0.055706	0.0746939	0.0954914	0.115829	0.133572	0.147944	0.158461	0.16548	0.16963	0.171084	0.16963	0.16548	0.158461	0.147944	0.133572	0.115829	0.0954914	0.0746939	0.055706	0.0398188	0.0273543	0.0180781	0.011495	0.00702958	0.00413222	0.00233375	0.00126581	0.000659179	0.000329535	0.000158145	7.28644e-05	3.22388e-05	1.37021e-05	5.59652e-06	2.19777e-06	8.30258e-07	3.01903e-07	1.05735e-07	3.56896e-08	1.1618e-08	3.64991e-09	1.10735e-09	3.24669e-10	9.20536e-11	2.52576e-11	6.71559e-12	1.75185e-12	5.35505e-13	5.35505e-13	
1.98316e-13	1.98316e-13	6.69872e-13	2.64456e-12	1.02401e-11	3.84425e-11	1.39745e-10	4.91556e-10	1.67198e-09	5.49562e-09	1.74435e-08	5.34299e-08	1.57825e-07	4.49282e-07	1.23178e-06	3.25046e-06	8.25094e-06	2.01361e-05	4.72234e-05	0.000106383	0.000230139	0.000477993	0.000953078	0.00182444	0.00335349	0.00592053	0.0100435	0.0163763	0.0256665	0.0386322	0.055706	0.0766561	0.100244	0.124083	0.145402	0.162582	0.175575	0.18473	0.190691	0.194088	0.195219	0.194088	0.190691	0.18473	0.175575	0.162582	0.145402	0.124083	0.100244	0.0766561	0.055706	0.0386322	0.0256665	0.0163763	0.0100435	0.00592053	0.00335349	0.00182444	0.000953078	0.000477993	0.000230139	0.000106383	4.72234e-05	2.01361e-05	8.25094e-06	3.25046e-06	1.23178e-06	4.49282e-07	1.57825e-07	5.34299e-08	1.74435e-08	5.49562e-09	1.67198e-09	4.91556e-10	1.39745e-10	3.84444e-11	1.02483e-11	2.68045e-12	8.21717e-13	8.21717e-13	
