2.00309e-20	2.00309e-20	3.86448e-20	9.1261e-20	2.19711e-19	5.21023e-19	1.2103e-18	2.75109e-18	6.11706e-18	1.33014e-17	2.82791e-17	5.87693e-17	1.19359e-16	2.36854e-16	4.59133e-16	8.69235e-16	1.60691e-15	2.90014e-15	5.10907e-15	8.78395e-15	1.47365e-14	2.41211e-14	3.8516e-14	5.99901e-14	9.11322e-14	1.35015e-13	1.95065e-13	2.74814e-13	3.77523e-13	5.05677e-13	6.60416e-13	8.40937e-13	1.044e-12	1.26363e-12	1.49111e-12	1.71538e-12	1.92382e-12	2.10335e-12	2.24179e-12	2.3292e-12	2.35909e-12	2.3292e-12	2.24179e-12	2.10335e-12	1.92382e-12	1.71538e-12	1.49111e-12	1.26363e-12	1.044e-12	8.40937e-13	6.60416e-13	5.05677e-13	3.77523e-13	2.74814e-13	1.95065e-13	1.35015e-13	9.11322e-14	5.99901e-14	3.8516e-14	2.41211e-14	1.47365e-14	8.78395e-15	5.10907e-15	2.90014e-15	1.60691e-15	8.69235e-16	4.59133e-16	2.36854e-16	1.19359e-16	5.87693e-17	2.82791e-17	1.33014e-17	6.11709e-18	2.75118e-18	1.21055e-18	5.21709e-19	2.21545e-19	9.60638e-20	5.09624e-20	5.09624e-20	
2.00309e-20	2.00309e-20	3.86448e-20	9.1261e-20	2.19711e-19	5.21023e-19	1.2103e-18	2.75109e-18	6.11706e-18	1.33014e-17	2.82791e-17	5.87693e-17	1.19359e-16	2.36854e-16	4.59133e-16	8.69235e-16	1.60691e-15	2.90014e-15	5.10907e-15	8.78395e-15	1.47365e-14	2.41211e-14	3.8516e-14	5.99901e-14	9.11322e-14	1.35015e-13	1.95065e-13	2.74814e-13	3.77523e-13	5.05677e-13	6.60416e-13	8.40937e-13	1.044e-12	1.26363e-12	1.49111e-12	1.71538e-12	1.92382e-12	2.10335e-12	2.24179e-12	2.3292e-12	2.35909e-12	2.3292e-12	2.24179e-12	2.10335e-12	1.92382e-12	1.71538e-12	1.49111e-12	1.26363e-12	1.044e-12	8.40937e-13	6.60416e-13	5.05677e-13	3.77523e-13	2.74814e-13	1.95065e-13	1.35015e-13	9.11322e-14	5.99901e-14	3.8516e-14	2.41211e-14	1.47365e-14	8.78395e-15	5.10907e-15	2.90014e-15	1.60691e-15	8.69235e-16	4.59133e-16	2.36854e-16	1.19359e-16	5.87693e-17	2.82791e-17	1.33014e-17	6.11709e-18	2.75118e-18	1.21055e-18	5.21709e-19	2.21545e-19	9.60638e-20	5.09624e-20	5.09624e-20	
4.74079e-20	4.74079e-20	9.12759e-20	2.15112e-19	5.16917e-19	1.22361e-18	2.83731e-18	6.43809e-18	1.42903e-17	3.10208e-17	6.58401e-17	1.36601e-16	2.76981e-16	5.48761e-16	1.06209e-15	2.00767e-15	3.70592e-15	6.67865e-15	1.17488e-14	2.01714e-14	3.37952e-14	5.52443e-14	8.81006e-14	1.37051e-13	2.0795e-13	3.0773e-13	4.44109e-13	6.25019e-13	8.57753e-13	1.14784e-12	1.49776e-12	1.90559e-12	2.36395e-12	2.85931e-12	3.37202e-12	3.87718e-12	4.34643e-12	4.75043e-12	5.06185e-12	5.25845e-12	5.32566e-12	5.25845e-12	5.06185e-12	4.75043e-12	4.34643e-12	3.87718e-12	3.37202e-12	2.85931e-12	2.36395e-12	1.90559e-12	1.49776e-12	1.14784e-12	8.57753e-13	6.25019e-13	4.44109e-13	3.0773e-13	2.0795e-13	1.37051e-13	8.81006e-14	5.52443e-14	3.37952e-14	2.01714e-14	1.17488e-14	6.67865e-15	3.70592e-15	2.00767e-15	1.06209e-15	5.48761e-16	2.76981e-16	1.36601e-16	6.58401e-17	3.10208e-17	1.42904e-17	6.43831e-18	2.83791e-18	1.22524e-18	5.21269e-19	2.26488e-19	1.20395e-19	1.20395e-19	
1.36838e-19	1.36838e-19	2.62948e-19	6.18491e-19	1.48359e-18	3.50579e-18	8.11541e-18	1.83836e-17	4.07373e-17	8.82857e-17	1.87078e-16	3.87521e-16	7.84532e-16	1.55194e-15	2.99914e-15	5.66094e-15	1.04343e-14	1.87778e-14	3.29877e-14	5.65608e-14	9.46387e-14	1.54508e-13	2.461e-13	3.82385e-13	5.79535e-13	8.56667e-13	1.23501e-12	1.73634e-12	2.3806e-12	3.18282e-12	4.14954e-12	5.27527e-12	6.53941e-12	7.90454e-12	9.31651e-12	1.07069e-11	1.19977e-11	1.31086e-11	1.39647e-11	1.4505e-11	1.46897e-11	1.4505e-11	1.39647e-11	1.31086e-11	1.19977e-11	1.07069e-11	9.31651e-12	7.90454e-12	6.53941e-12	5.27527e-12	4.14954e-12	3.18282e-12	2.3806e-12	1.73634e-12	1.23501e-12	8.56667e-13	5.79535e-13	3.82385e-13	2.461e-13	1.54508e-13	9.46387e-14	5.65608e-14	3.29877e-14	1.87778e-14	1.04343e-14	5.66094e-15	2.99914e-15	1.55194e-15	7.84532e-16	3.87521e-16	1.87078e-16	8.82858e-17	4.07376e-17	1.83842e-17	8.11715e-18	3.51052e-18	1.49618e-18	6.51346e-19	3.46906e-19	3.46906e-19	
3.9801e-19	3.9801e-19	7.63408e-19	1.79232e-18	4.29198e-18	1.01255e-17	2.34011e-17	5.29248e-17	1.17094e-16	2.53367e-16	5.36059e-16	1.10872e-15	2.24124e-15	4.42705e-15	8.54303e-15	1.61024e-14	2.96395e-14	5.32681e-14	9.34559e-14	1.60036e-13	2.67444e-13	4.36109e-13	6.93824e-13	1.07684e-12	1.63026e-12	2.40733e-12	3.46705e-12	4.86976e-12	6.67057e-12	8.91075e-12	1.16079e-11	1.47459e-11	1.8267e-11	2.20667e-11	2.59941e-11	2.98593e-11	3.34461e-11	3.65316e-11	3.89086e-11	4.04086e-11	4.09213e-11	4.04086e-11	3.89086e-11	3.65316e-11	3.34461e-11	2.98593e-11	2.59941e-11	2.20667e-11	1.8267e-11	1.47459e-11	1.16079e-11	8.91075e-12	6.67057e-12	4.86976e-12	3.46705e-12	2.40733e-12	1.63026e-12	1.07684e-12	6.93824e-13	4.36109e-13	2.67444e-13	1.60036e-13	9.34559e-14	5.32681e-14	2.96395e-14	1.61024e-14	8.54303e-15	4.42705e-15	2.24124e-15	1.10872e-15	5.36059e-16	2.53367e-16	1.17094e-16	5.29267e-17	2.34062e-17	1.01393e-17	4.32869e-18	1.88794e-18	1.00735e-18	1.00735e-18	
1.13888e-18	1.13888e-18	2.18043e-18	5.1097e-18	1.22152e-17	2.87703e-17	6.63835e-17	1.49895e-16	3.31107e-16	7.15326e-16	1.5111e-15	3.12062e-15	6.29875e-15	1.24234e-14	2.39393e-14	4.50586e-14	8.28242e-14	1.48652e-13	2.60459e-13	4.45447e-13	7.43488e-13	1.21092e-12	1.92426e-12	2.98316e-12	4.51142e-12	6.65487e-12	9.57481e-12	1.34358e-11	1.83876e-11	2.45417e-11	3.19443e-11	4.05499e-11	5.01983e-11	6.06025e-11	7.13497e-11	8.19205e-11	9.17252e-11	1.00156e-10	1.0665e-10	1.10746e-10	1.12146e-10	1.10746e-10	1.0665e-10	1.00156e-10	9.17252e-11	8.19205e-11	7.13497e-11	6.06025e-11	5.01983e-11	4.05499e-11	3.19443e-11	2.45417e-11	1.83876e-11	1.34358e-11	9.57481e-12	6.65487e-12	4.51142e-12	2.98316e-12	1.92426e-12	1.21092e-12	7.43488e-13	4.45447e-13	2.60459e-13	1.48652e-13	8.28242e-14	4.50586e-14	2.39393e-14	1.24234e-14	6.29875e-15	3.12062e-15	1.5111e-15	7.15326e-16	3.31109e-16	1.499e-16	6.63982e-17	2.881e-17	1.23205e-17	5.3835e-18	2.87774e-18	2.87774e-18	
3.19713e-18	3.19713e-18	6.10969e-18	1.4291e-17	3.41052e-17	8.01944e-17	1.84734e-16	4.16453e-16	9.18438e-16	1.98104e-15	4.17831e-15	8.61542e-15	1.73632e-14	3.41953e-14	6.57961e-14	1.23664e-13	2.26995e-13	4.06851e-13	7.11914e-13	1.21597e-12	2.02701e-12	3.29738e-12	5.2337e-12	8.10455e-12	1.22431e-11	1.8041e-11	2.59306e-11	3.6352e-11	4.97042e-11	6.62824e-11	8.62058e-11	1.09347e-10	1.35272e-10	1.63207e-10	1.92045e-10	2.20393e-10	2.46674e-10	2.69264e-10	2.86657e-10	2.97628e-10	3.01377e-10	2.97628e-10	2.86657e-10	2.69264e-10	2.46674e-10	2.20393e-10	1.92045e-10	1.63207e-10	1.35272e-10	1.09347e-10	8.62058e-11	6.62824e-11	4.97042e-11	3.6352e-11	2.59306e-11	1.8041e-11	1.22431e-11	8.10455e-12	5.2337e-12	3.29738e-12	2.02701e-12	1.21597e-12	7.11914e-13	4.06851e-13	2.26995e-13	1.23664e-13	6.57961e-14	3.41953e-14	1.73632e-14	8.61542e-15	4.17831e-15	1.98104e-15	9.18443e-16	4.16468e-16	1.84775e-16	8.03062e-17	3.44015e-17	1.50601e-17	8.06515e-18	8.06515e-18	
8.80109e-18	8.80109e-18	1.67873e-17	3.91926e-17	9.33707e-17	2.19181e-16	5.04062e-16	1.13446e-15	2.49783e-15	5.37903e-15	1.13271e-14	2.33191e-14	4.69237e-14	9.2272e-14	1.77279e-13	3.32712e-13	6.09849e-13	1.09154e-12	1.90742e-12	3.25365e-12	5.41692e-12	8.80096e-12	1.39525e-11	2.15811e-11	3.25652e-11	4.7936e-11	6.88291e-11	9.63977e-11	1.31683e-10	1.75452e-10	2.28004e-10	2.88991e-10	3.5726e-10	4.30769e-10	5.06602e-10	5.81105e-10	6.50141e-10	7.09459e-10	7.55115e-10	7.83908e-10	7.93748e-10	7.83908e-10	7.55115e-10	7.09459e-10	6.50141e-10	5.81105e-10	5.06602e-10	4.30769e-10	3.5726e-10	2.88991e-10	2.28004e-10	1.75452e-10	1.31683e-10	9.63977e-11	6.88291e-11	4.7936e-11	3.25652e-11	2.15811e-11	1.39525e-11	8.80096e-12	5.41692e-12	3.25365e-12	1.90742e-12	1.09154e-12	6.09849e-13	3.32712e-13	1.77279e-13	9.2272e-14	4.69237e-14	2.33191e-14	1.13271e-14	5.37904e-15	2.49784e-15	1.1345e-15	5.04176e-16	2.1949e-16	9.41882e-17	4.13113e-17	2.21646e-17	2.21646e-17	
2.37521e-17	2.37521e-17	4.52198e-17	1.05371e-16	2.50592e-16	5.87246e-16	1.34825e-15	3.02935e-15	6.65893e-15	1.43164e-14	3.00985e-14	6.1865e-14	1.24292e-13	2.44034e-13	4.68144e-13	8.77298e-13	1.60573e-12	2.86997e-12	5.00827e-12	8.53168e-12	1.41858e-11	2.30192e-11	3.64492e-11	5.63122e-11	8.48783e-11	1.24807e-10	1.7902e-10	2.50478e-10	3.41846e-10	4.55068e-10	5.90886e-10	7.48367e-10	9.24509e-10	1.11403e-09	1.30942e-09	1.50126e-09	1.67894e-09	1.83155e-09	1.94897e-09	2.02301e-09	2.04831e-09	2.02301e-09	1.94897e-09	1.83155e-09	1.67894e-09	1.50126e-09	1.30942e-09	1.11403e-09	9.24509e-10	7.48367e-10	5.90886e-10	4.55068e-10	3.41846e-10	2.50478e-10	1.7902e-10	1.24807e-10	8.48783e-11	5.63122e-11	3.64492e-11	2.30192e-11	1.41858e-11	8.53168e-12	5.00827e-12	2.86997e-12	1.60573e-12	8.77298e-13	4.68144e-13	2.44034e-13	1.24292e-13	6.1865e-14	3.00985e-14	1.43164e-14	6.65897e-15	3.02946e-15	1.34856e-15	5.88084e-16	2.52803e-16	1.11093e-16	5.97163e-17	5.97163e-17	
6.28299e-17	6.28299e-17	1.1939e-16	2.77668e-16	6.59175e-16	1.54208e-15	3.53441e-15	7.92795e-15	1.73975e-14	3.73419e-14	7.83777e-14	1.60838e-13	3.2262e-13	6.32435e-13	1.21137e-12	2.26668e-12	4.14264e-12	7.39365e-12	1.28844e-11	2.19191e-11	3.63977e-11	5.89872e-11	9.32875e-11	1.43955e-10	2.16735e-10	3.18345e-10	4.56153e-10	6.37601e-10	8.69364e-10	1.15628e-09	1.50014e-09	1.89849e-09	2.34368e-09	2.82234e-09	3.31547e-09	3.79938e-09	4.24735e-09	4.63194e-09	4.92777e-09	5.11426e-09	5.17798e-09	5.11426e-09	4.92777e-09	4.63194e-09	4.24735e-09	3.79938e-09	3.31547e-09	2.82234e-09	2.34368e-09	1.89849e-09	1.50014e-09	1.15628e-09	8.69364e-10	6.37601e-10	4.56153e-10	3.18345e-10	2.16735e-10	1.43955e-10	9.32875e-11	5.89872e-11	3.63977e-11	2.19191e-11	1.28844e-11	7.39365e-12	4.14264e-12	2.26668e-12	1.21137e-12	6.32435e-13	3.2262e-13	1.60838e-13	7.83777e-14	3.73419e-14	1.73976e-14	7.92825e-15	3.53524e-15	1.5443e-15	6.65039e-16	2.92812e-16	1.57695e-16	1.57695e-16	
1.62869e-16	1.62869e-16	3.08894e-16	7.17009e-16	1.69911e-15	3.96801e-15	9.07895e-15	2.03299e-14	4.45374e-14	9.54334e-14	1.99974e-13	4.09687e-13	8.20447e-13	1.60577e-12	3.07088e-12	5.73735e-12	1.047e-11	1.86594e-11	3.24703e-11	5.5163e-11	9.14787e-11	1.48063e-10	2.33869e-10	3.6046e-10	5.42076e-10	7.95339e-10	1.13844e-09	1.5897e-09	2.16549e-09	2.87759e-09	3.73022e-09	4.7171e-09	5.81914e-09	7.00312e-09	8.22208e-09	9.41756e-09	1.05237e-08	1.14729e-08	1.22028e-08	1.26629e-08	1.282e-08	1.26629e-08	1.22028e-08	1.14729e-08	1.05237e-08	9.41756e-09	8.22208e-09	7.00312e-09	5.81914e-09	4.7171e-09	3.73022e-09	2.87759e-09	2.16549e-09	1.5897e-09	1.13844e-09	7.95339e-10	5.42076e-10	3.6046e-10	2.33869e-10	1.48063e-10	9.14787e-11	5.5163e-11	3.24703e-11	1.86594e-11	1.047e-11	5.73735e-12	3.07088e-12	1.60577e-12	8.20447e-13	4.09687e-13	1.99974e-13	9.54335e-14	4.45376e-14	2.03307e-14	9.08111e-15	3.9738e-15	1.71435e-15	7.56292e-16	4.0808e-16	4.0808e-16	
4.13645e-16	4.13645e-16	7.83002e-16	1.81396e-15	4.29085e-15	1.0003e-14	2.28475e-14	5.10725e-14	1.11694e-13	2.38925e-13	4.99804e-13	1.02224e-12	2.04379e-12	3.99358e-12	7.62522e-12	1.42241e-11	2.59179e-11	4.61216e-11	8.01434e-11	1.35964e-10	2.25168e-10	3.6397e-10	5.74177e-10	8.83904e-10	1.32772e-09	1.94587e-09	2.78235e-09	3.88131e-09	5.28209e-09	7.01277e-09	9.08302e-09	1.14771e-08	1.41484e-08	1.70161e-08	1.99666e-08	2.28585e-08	2.55328e-08	2.7827e-08	2.95905e-08	3.07018e-08	3.10814e-08	3.07018e-08	2.95905e-08	2.7827e-08	2.55328e-08	2.28585e-08	1.99666e-08	1.70161e-08	1.41484e-08	1.14771e-08	9.08302e-09	7.01277e-09	5.28209e-09	3.88131e-09	2.78235e-09	1.94587e-09	1.32772e-09	8.83904e-10	5.74177e-10	3.6397e-10	2.25168e-10	1.35964e-10	8.01434e-11	4.61216e-11	2.59179e-11	1.42241e-11	7.62522e-12	3.99358e-12	2.04379e-12	1.02224e-12	4.99804e-13	2.38926e-13	1.11694e-13	5.10746e-14	2.2853e-14	1.00178e-14	4.32964e-15	1.9138e-15	1.03463e-15	1.03463e-15	
1.02907e-15	1.02907e-15	1.94419e-15	4.49521e-15	1.06139e-14	2.46999e-14	5.6317e-14	1.25669e-13	2.74355e-13	5.85862e-13	1.22345e-12	2.49807e-12	4.98609e-12	9.72685e-12	1.85421e-11	3.45337e-11	6.28271e-11	1.11634e-10	1.93698e-10	3.28143e-10	5.42689e-10	8.7606e-10	1.38026e-09	2.12221e-09	3.18403e-09	4.66123e-09	6.65784e-09	9.2781e-09	1.26145e-08	1.67325e-08	2.16538e-08	2.734e-08	3.36792e-08	4.04795e-08	4.74712e-08	5.432e-08	6.06504e-08	6.60785e-08	7.025e-08	7.2878e-08	7.37756e-08	7.2878e-08	7.025e-08	6.60785e-08	6.06504e-08	5.432e-08	4.74712e-08	4.04795e-08	3.36792e-08	2.734e-08	2.16538e-08	1.67325e-08	1.26145e-08	9.2781e-09	6.65784e-09	4.66123e-09	3.18403e-09	2.12221e-09	1.38026e-09	8.7606e-10	5.42689e-10	3.28143e-10	1.93698e-10	1.11634e-10	6.28271e-11	3.45337e-11	1.85421e-11	9.72685e-12	4.98609e-12	2.49807e-12	1.22345e-12	5.85862e-13	2.74357e-13	1.25674e-13	5.63307e-14	2.47368e-14	1.07106e-14	4.74374e-15	2.5695e-15	2.5695e-15	
2.50722e-15	2.50722e-15	4.72766e-15	1.09093e-14	2.57116e-14	5.97277e-14	1.35941e-13	3.02811e-13	6.59922e-13	1.40674e-12	2.9326e-12	5.97755e-12	1.19108e-11	2.31968e-11	4.41471e-11	8.20893e-11	1.4911e-10	2.64541e-10	4.58324e-10	7.75327e-10	1.28047e-09	2.06427e-09	3.24812e-09	4.98794e-09	7.47474e-09	1.09302e-08	1.55952e-08	2.17107e-08	2.94893e-08	3.90807e-08	5.05322e-08	6.37517e-08	7.84771e-08	9.42616e-08	1.1048e-07	1.26356e-07	1.41024e-07	1.53596e-07	1.63254e-07	1.69337e-07	1.71415e-07	1.69337e-07	1.63254e-07	1.53596e-07	1.41024e-07	1.26356e-07	1.1048e-07	9.42616e-08	7.84771e-08	6.37517e-08	5.05322e-08	3.90807e-08	2.94893e-08	2.17107e-08	1.55952e-08	1.09302e-08	7.47474e-09	4.98794e-09	3.24812e-09	2.06427e-09	1.28047e-09	7.75327e-10	4.58324e-10	2.64541e-10	1.4911e-10	8.20893e-11	4.41471e-11	2.31968e-11	1.19108e-11	5.97755e-12	2.9326e-12	1.40675e-12	6.59926e-13	3.02824e-13	1.35975e-13	5.98179e-14	2.59478e-14	1.15152e-14	6.24945e-15	6.24945e-15	
5.98116e-15	5.98116e-15	1.12563e-14	2.5923e-14	6.09843e-14	1.41412e-13	3.21282e-13	7.14389e-13	1.55412e-12	3.30703e-12	6.88198e-12	1.40032e-11	2.78547e-11	5.41562e-11	1.02896e-10	1.91017e-10	3.46418e-10	6.13634e-10	1.06153e-09	1.79312e-09	2.95718e-09	4.76085e-09	7.48138e-09	1.14743e-08	1.71743e-08	2.50851e-08	3.57527e-08	4.97215e-08	6.74705e-08	8.93338e-08	1.15413e-07	1.45491e-07	1.78968e-07	2.14826e-07	2.51643e-07	2.87664e-07	3.20925e-07	3.49421e-07	3.71306e-07	3.85088e-07	3.89794e-07	3.85088e-07	3.71306e-07	3.49421e-07	3.20925e-07	2.87664e-07	2.51643e-07	2.14826e-07	1.78968e-07	1.45491e-07	1.15413e-07	8.93338e-08	6.74705e-08	4.97215e-08	3.57527e-08	2.50851e-08	1.71743e-08	1.14743e-08	7.48138e-09	4.76085e-09	2.95718e-09	1.79312e-09	1.06153e-09	6.13634e-10	3.46418e-10	1.91017e-10	1.02896e-10	5.41562e-11	2.78547e-11	1.40032e-11	6.88198e-12	3.30703e-12	1.55413e-12	7.14418e-13	3.21363e-13	1.41628e-13	6.15492e-14	2.73694e-14	1.48826e-14	1.48826e-14	
1.39679e-14	1.39679e-14	2.62359e-14	6.03006e-14	1.41597e-13	3.27748e-13	7.43295e-13	1.6498e-12	3.58263e-12	7.60995e-12	1.58084e-11	3.21097e-11	6.37604e-11	1.23752e-10	2.3473e-10	4.35035e-10	7.87675e-10	1.39306e-09	2.40617e-09	4.05842e-09	6.68347e-09	1.07451e-08	1.68629e-08	2.583e-08	3.86148e-08	5.63364e-08	8.02062e-08	1.11428e-07	1.51058e-07	1.99824e-07	2.57939e-07	3.24907e-07	3.99381e-07	4.7909e-07	5.60877e-07	6.40848e-07	7.14652e-07	7.77859e-07	8.26386e-07	8.56939e-07	8.67371e-07	8.56939e-07	8.26386e-07	7.77859e-07	7.14652e-07	6.40848e-07	5.60877e-07	4.7909e-07	3.99381e-07	3.24907e-07	2.57939e-07	1.99824e-07	1.51058e-07	1.11428e-07	8.02062e-08	5.63364e-08	3.86148e-08	2.583e-08	1.68629e-08	1.07451e-08	6.68347e-09	4.05842e-09	2.40617e-09	1.39306e-09	7.87675e-10	4.35035e-10	2.3473e-10	1.23752e-10	6.37604e-11	3.21097e-11	1.58084e-11	7.60996e-12	3.58266e-12	1.64987e-12	7.43485e-13	3.28255e-13	1.4292e-13	6.36806e-14	3.46949e-14	3.46949e-14	
3.19253e-14	3.19253e-14	5.98492e-14	1.37284e-13	3.21774e-13	7.43451e-13	1.68303e-12	3.72888e-12	8.0829e-12	1.71382e-11	3.5538e-11	7.20559e-11	1.4283e-10	2.76737e-10	5.24009e-10	9.69534e-10	1.75255e-09	3.09455e-09	5.33677e-09	8.98781e-09	1.47798e-08	2.37283e-08	3.71883e-08	5.6891e-08	8.4946e-08	1.23787e-07	1.76043e-07	2.44318e-07	3.30888e-07	4.37312e-07	5.64017e-07	7.09895e-07	8.71991e-07	1.04535e-06	1.22311e-06	1.39682e-06	1.55706e-06	1.69423e-06	1.79951e-06	1.86578e-06	1.8884e-06	1.86578e-06	1.79951e-06	1.69423e-06	1.55706e-06	1.39682e-06	1.22311e-06	1.04535e-06	8.71991e-07	7.09895e-07	5.64017e-07	4.37312e-07	3.30888e-07	2.44318e-07	1.76043e-07	1.23787e-07	8.4946e-08	5.6891e-08	3.71883e-08	2.37283e-08	1.47798e-08	8.98781e-09	5.33677e-09	3.09455e-09	1.75255e-09	9.69534e-10	5.24009e-10	2.76737e-10	1.4283e-10	7.20559e-11	3.5538e-11	1.71382e-11	8.08296e-12	3.72904e-12	1.68347e-12	7.44614e-13	3.24804e-13	1.45015e-13	7.91616e-14	7.91616e-14	
7.14021e-14	7.14021e-14	1.33596e-13	3.05839e-13	7.15519e-13	1.65021e-12	3.72901e-12	8.24698e-12	1.78442e-11	3.77668e-11	7.81724e-11	1.58216e-10	3.13061e-10	6.05498e-10	1.14454e-09	2.11406e-09	3.81506e-09	6.72546e-09	1.15802e-08	1.94728e-08	3.19744e-08	5.1261e-08	8.02302e-08	1.22578e-07	1.82801e-07	2.66076e-07	3.77981e-07	5.24033e-07	7.09025e-07	9.36221e-07	1.20646e-06	1.51733e-06	1.86247e-06	2.23133e-06	2.6093e-06	2.97843e-06	3.31876e-06	3.60998e-06	3.83343e-06	3.97405e-06	4.02206e-06	3.97405e-06	3.83343e-06	3.60998e-06	3.31876e-06	2.97843e-06	2.6093e-06	2.23133e-06	1.86247e-06	1.51733e-06	1.20646e-06	9.36221e-07	7.09025e-07	5.24033e-07	3.77981e-07	2.66076e-07	1.82801e-07	1.22578e-07	8.02302e-08	5.1261e-08	3.19744e-08	1.94728e-08	1.15802e-08	6.72546e-09	3.81506e-09	2.11406e-09	1.14454e-09	6.05498e-10	3.13061e-10	1.58216e-10	7.81725e-11	3.77668e-11	1.78443e-11	8.24735e-12	3.72999e-12	1.65282e-12	7.22312e-13	3.23139e-13	1.76741e-13	1.76741e-13	
1.56231e-13	1.56231e-13	2.91752e-13	6.6658e-13	1.55661e-12	3.58355e-12	8.08322e-12	1.78443e-11	3.85401e-11	8.14211e-11	1.68226e-10	3.39865e-10	6.71282e-10	1.29604e-09	2.44555e-09	4.50935e-09	8.12394e-09	1.42979e-08	2.45796e-08	4.1268e-08	6.76612e-08	1.08319e-07	1.69301e-07	2.58327e-07	3.84767e-07	5.59393e-07	7.93787e-07	1.09937e-06	1.48603e-06	1.96043e-06	2.52421e-06	3.17217e-06	3.89102e-06	4.65871e-06	5.44482e-06	6.21213e-06	6.91921e-06	7.52402e-06	7.98794e-06	8.27984e-06	8.37947e-06	8.27984e-06	7.98794e-06	7.52402e-06	6.91921e-06	6.21213e-06	5.44482e-06	4.65871e-06	3.89102e-06	3.17217e-06	2.52421e-06	1.96043e-06	1.48603e-06	1.09937e-06	7.93787e-07	5.59393e-07	3.84767e-07	2.58327e-07	1.69301e-07	1.08319e-07	6.76612e-08	4.1268e-08	2.45796e-08	1.42979e-08	8.12394e-09	4.50935e-09	2.44555e-09	1.29604e-09	6.71282e-10	3.39865e-10	1.68226e-10	8.14212e-11	3.85404e-11	1.78451e-11	8.08539e-12	3.58929e-12	1.57151e-12	7.04458e-13	3.86048e-13	3.86048e-13	
3.34359e-13	3.34359e-13	6.23204e-13	1.42106e-12	3.31241e-12	7.61193e-12	1.71389e-11	3.7767e-11	8.14212e-11	1.717e-10	3.54108e-10	7.14104e-10	1.40792e-09	2.7134e-09	5.11099e-09	9.4078e-09	1.692e-08	2.97294e-08	5.10252e-08	8.55352e-08	1.40029e-07	2.23848e-07	3.4939e-07	5.32415e-07	7.92027e-07	1.15014e-06	1.63027e-06	2.25555e-06	3.04593e-06	4.01476e-06	5.16506e-06	6.48603e-06	7.95038e-06	9.5131e-06	1.11123e-05	1.26724e-05	1.41093e-05	1.53379e-05	1.628e-05	1.68727e-05	1.7075e-05	1.68727e-05	1.628e-05	1.53379e-05	1.41093e-05	1.26724e-05	1.11123e-05	9.5131e-06	7.95038e-06	6.48603e-06	5.16506e-06	4.01476e-06	3.04593e-06	2.25555e-06	1.63027e-06	1.15014e-06	7.92027e-07	5.32415e-07	3.4939e-07	2.23848e-07	1.40029e-07	8.55352e-08	5.10252e-08	2.97294e-08	1.692e-08	9.4078e-09	5.11099e-09	2.7134e-09	1.40792e-09	7.14104e-10	3.54108e-10	1.717e-10	8.14218e-11	3.77688e-11	1.71436e-11	7.62427e-12	3.34437e-12	1.50218e-12	8.24787e-13	8.24787e-13	
6.99777e-13	6.99777e-13	1.30183e-12	2.9627e-12	6.89331e-12	1.58125e-11	3.55395e-11	7.8173e-11	1.68226e-10	3.54108e-10	7.28971e-10	1.46739e-09	2.88785e-09	5.5556e-09	1.0446e-08	1.91944e-08	3.44621e-08	6.04502e-08	1.03583e-07	1.73366e-07	2.83384e-07	4.52354e-07	7.05071e-07	1.073e-06	1.59423e-06	2.31236e-06	3.27408e-06	4.52522e-06	6.10513e-06	8.03996e-06	1.03352e-05	1.29689e-05	1.58863e-05	1.89974e-05	2.21793e-05	2.52816e-05	2.81376e-05	3.05787e-05	3.24501e-05	3.36271e-05	3.40287e-05	3.36271e-05	3.24501e-05	3.05787e-05	2.81376e-05	2.52816e-05	2.21793e-05	1.89974e-05	1.58863e-05	1.29689e-05	1.03352e-05	8.03996e-06	6.10513e-06	4.52522e-06	3.27408e-06	2.31236e-06	1.59423e-06	1.073e-06	7.05071e-07	4.52354e-07	2.83384e-07	1.73366e-07	1.03583e-07	6.04502e-08	3.44621e-08	1.91944e-08	1.0446e-08	5.5556e-09	2.88785e-09	1.46739e-09	7.28972e-10	3.54109e-10	1.68227e-10	7.81766e-11	3.55493e-11	1.58385e-11	6.96036e-12	3.13258e-12	1.72326e-12	1.72326e-12	
1.43193e-12	1.43193e-12	2.65891e-12	6.03942e-12	1.40265e-11	3.21183e-11	7.20591e-11	1.58218e-10	3.39865e-10	7.14104e-10	1.46739e-09	2.94844e-09	5.79207e-09	1.11226e-08	2.08763e-08	3.82924e-08	6.86326e-08	1.20186e-07	2.05603e-07	3.4357e-07	5.6074e-07	8.93777e-07	1.39116e-06	2.11433e-06	3.1375e-06	4.5455e-06	6.42903e-06	8.87684e-06	1.19649e-05	1.57434e-05	2.02219e-05	2.53569e-05	3.10408e-05	3.70984e-05	4.329e-05	4.93235e-05	5.48758e-05	5.96195e-05	6.32552e-05	6.55413e-05	6.63215e-05	6.55413e-05	6.32552e-05	5.96195e-05	5.48758e-05	4.93235e-05	4.329e-05	3.70984e-05	3.10408e-05	2.53569e-05	2.02219e-05	1.57434e-05	1.19649e-05	8.87684e-06	6.42903e-06	4.5455e-06	3.1375e-06	2.11433e-06	1.39116e-06	8.93777e-07	5.6074e-07	3.4357e-07	2.05603e-07	1.20186e-07	6.86326e-08	3.82924e-08	2.08763e-08	1.11226e-08	5.79207e-09	2.94844e-09	1.46739e-09	7.14105e-10	3.39868e-10	1.58225e-10	7.20792e-11	3.21715e-11	1.4164e-11	6.38724e-12	3.52031e-12	3.52031e-12	
2.86423e-12	2.86423e-12	5.30871e-12	1.20351e-11	2.79017e-11	6.37777e-11	1.42836e-10	3.13063e-10	6.71283e-10	1.40792e-09	2.88785e-09	5.79207e-09	1.13577e-08	2.17712e-08	4.07899e-08	7.46872e-08	1.33632e-07	2.33613e-07	3.98987e-07	6.65656e-07	1.08475e-06	1.72647e-06	2.68349e-06	4.07308e-06	6.03665e-06	8.7356e-06	1.23422e-05	1.70245e-05	2.29263e-05	3.01412e-05	3.86863e-05	4.84766e-05	5.93064e-05	7.08411e-05	8.26241e-05	9.41009e-05	0.000104658	0.000113674	0.000120583	0.000124926	0.000126408	0.000124926	0.000120583	0.000113674	0.000104658	9.41009e-05	8.26241e-05	7.08411e-05	5.93064e-05	4.84766e-05	3.86863e-05	3.01412e-05	2.29263e-05	1.70245e-05	1.23422e-05	8.7356e-06	6.03665e-06	4.07308e-06	2.68349e-06	1.72647e-06	1.08475e-06	6.65656e-07	3.98987e-07	2.33613e-07	1.33632e-07	7.46872e-08	4.07899e-08	2.17712e-08	1.13577e-08	5.79207e-09	2.88785e-09	1.40792e-09	6.71288e-10	3.13078e-10	1.42877e-10	6.38847e-11	2.81773e-11	1.27313e-11	7.02988e-12	7.02988e-12	
5.59935e-12	5.59935e-12	1.03593e-11	2.34408e-11	5.42485e-11	1.23787e-10	2.76749e-10	6.05502e-10	1.29604e-09	2.7134e-09	5.5556e-09	1.11226e-08	2.17712e-08	4.16577e-08	7.79098e-08	1.42404e-07	2.54351e-07	4.43898e-07	7.5688e-07	1.26073e-06	2.05133e-06	3.26006e-06	5.06013e-06	7.67033e-06	1.13541e-05	1.64117e-05	2.31631e-05	3.192e-05	4.29476e-05	5.64183e-05	7.23609e-05	9.06146e-05	0.000110794	0.000132274	0.000154206	0.000175558	0.000195191	0.000211954	0.000224795	0.000232868	0.000235622	0.000232868	0.000224795	0.000211954	0.000195191	0.000175558	0.000154206	0.000132274	0.000110794	9.06146e-05	7.23609e-05	5.64183e-05	4.29476e-05	3.192e-05	2.31631e-05	1.64117e-05	1.13541e-05	7.67033e-06	5.06013e-06	3.26006e-06	2.05133e-06	1.26073e-06	7.5688e-07	4.43898e-07	2.54351e-07	1.42404e-07	7.79098e-08	4.16577e-08	2.17712e-08	1.11226e-08	5.5556e-09	2.7134e-09	1.29605e-09	6.05532e-10	2.76829e-10	1.23996e-10	5.47887e-11	2.48026e-11	1.37204e-11	1.37204e-11	
1.06961e-11	1.06961e-11	1.97535e-11	4.46152e-11	1.03073e-10	2.34796e-10	5.24033e-10	1.14455e-09	2.44555e-09	5.11099e-09	1.0446e-08	2.08763e-08	4.07899e-08	7.79098e-08	1.45452e-07	2.65393e-07	4.73208e-07	8.24455e-07	1.40344e-06	2.33398e-06	3.79177e-06	6.01722e-06	9.32673e-06	1.41194e-05	2.08751e-05	3.014e-05	4.24952e-05	5.8506e-05	7.86524e-05	0.000103244	0.000132329	0.000165611	0.000202383	0.000241507	0.000281435	0.000320291	0.000356007	0.000386494	0.000409844	0.00042452	0.000429527	0.00042452	0.000409844	0.000386494	0.000356007	0.000320291	0.000281435	0.000241507	0.000202383	0.000165611	0.000132329	0.000103244	7.86523e-05	5.8506e-05	4.24952e-05	3.014e-05	2.08751e-05	1.41194e-05	9.32673e-06	6.01722e-06	3.79177e-06	2.33398e-06	1.40344e-06	8.24455e-07	4.73208e-07	2.65393e-07	1.45452e-07	7.79098e-08	4.07899e-08	2.08763e-08	1.0446e-08	5.111e-09	2.44557e-09	1.14461e-09	5.24186e-10	2.35199e-10	1.04107e-10	4.7218e-11	2.61674e-11	2.61674e-11	
1.99614e-11	1.99614e-11	3.68004e-11	8.29666e-11	1.9135e-10	4.35158e-10	9.69579e-10	2.11407e-09	4.50936e-09	9.4078e-09	1.91944e-08	3.82924e-08	7.46872e-08	1.42404e-07	2.65393e-07	4.83397e-07	8.60444e-07	1.49661e-06	2.54345e-06	4.22316e-06	6.85046e-06	1.08553e-05	1.68027e-05	2.54042e-05	3.75145e-05	5.41052e-05	7.62087e-05	0.000104828	0.000140814	0.000184711	0.0002366	0.000295945	0.000361485	0.000431187	0.000502293	0.000571468	0.000635034	0.000689281	0.000730822	0.00075693	0.000765837	0.00075693	0.000730822	0.000689281	0.000635034	0.000571468	0.000502293	0.000431187	0.000361485	0.000295945	0.0002366	0.000184711	0.000140814	0.000104828	7.62087e-05	5.41052e-05	3.75145e-05	2.54042e-05	1.68027e-05	1.08553e-05	6.85046e-06	4.22316e-06	2.54345e-06	1.49661e-06	8.60444e-07	4.83397e-07	2.65393e-07	1.42404e-07	7.46872e-08	3.82924e-08	1.91944e-08	9.40781e-09	4.5094e-09	2.11418e-09	9.69867e-10	4.35912e-10	1.93284e-10	8.78267e-11	4.87578e-11	4.87578e-11	
3.63879e-11	3.63879e-11	6.69697e-11	1.50716e-10	3.47028e-10	7.87902e-10	1.75264e-09	3.81509e-09	8.12395e-09	1.692e-08	3.44621e-08	6.86326e-08	1.33632e-07	2.54351e-07	4.73208e-07	8.60444e-07	1.529e-06	2.65504e-06	4.50489e-06	7.46821e-06	1.2096e-05	1.914e-05	2.95862e-05	4.46753e-05	6.58954e-05	9.49369e-05	0.000133594	0.000183609	0.000246456	0.00032308	0.000413612	0.000517113	0.000631377	0.000752858	0.000876752	0.000997247	0.00110795	0.0012024	0.00127473	0.00132018	0.00133569	0.00132018	0.00127473	0.0012024	0.00110795	0.000997247	0.000876752	0.000752858	0.000631377	0.000517113	0.000413612	0.00032308	0.000246456	0.000183609	0.000133594	9.49369e-05	6.58954e-05	4.46753e-05	2.95862e-05	1.914e-05	1.2096e-05	7.4682e-06	4.50489e-06	2.65504e-06	1.529e-06	8.60444e-07	4.73208e-07	2.54351e-07	1.33632e-07	6.86326e-08	3.44621e-08	1.69201e-08	8.12402e-09	3.81529e-09	1.75316e-09	7.8928e-10	3.5056e-10	1.5958e-10	8.8745e-11	8.8745e-11	
6.47809e-11	6.47809e-11	1.19028e-10	2.67411e-10	6.14725e-10	1.39347e-09	3.0947e-09	6.72552e-09	1.42979e-08	2.97294e-08	6.04502e-08	1.20186e-07	2.33613e-07	4.43898e-07	8.24455e-07	1.49661e-06	2.65504e-06	4.60286e-06	7.79737e-06	1.29065e-05	2.08734e-05	3.29821e-05	5.09156e-05	7.6788e-05	0.000113133	0.000162828	0.000228923	0.000314381	0.000421706	0.000552504	0.000706995	0.000883572	0.00107847	0.00128564	0.00149688	0.00170229	0.00189097	0.00205196	0.00217522	0.00225268	0.00227911	0.00225268	0.00217522	0.00205196	0.00189097	0.00170229	0.00149688	0.00128564	0.00107847	0.000883572	0.000706995	0.000552504	0.000421706	0.000314381	0.000228923	0.000162828	0.000113133	7.6788e-05	5.09156e-05	3.29821e-05	2.08734e-05	1.29065e-05	7.79737e-06	4.60286e-06	2.65504e-06	1.49661e-06	8.24455e-07	4.43898e-07	2.33613e-07	1.20186e-07	6.04502e-08	2.97294e-08	1.42981e-08	6.72587e-09	3.09564e-09	1.39593e-09	6.21027e-10	2.832e-10	1.57756e-10	1.57756e-10	
1.12614e-10	1.12614e-10	2.06582e-10	4.63333e-10	1.06344e-09	2.40688e-09	5.33703e-09	1.15803e-08	2.45796e-08	5.10252e-08	1.03583e-07	2.05603e-07	3.98987e-07	7.5688e-07	1.40344e-06	2.54345e-06	4.50489e-06	7.79737e-06	1.31884e-05	2.17972e-05	3.5201e-05	5.55449e-05	8.5636e-05	0.000128998	0.000189849	0.000272978	0.000383462	0.000526234	0.000705468	0.000923842	0.00118173	0.00147647	0.00180177	0.00214754	0.00250009	0.00284289	0.00315775	0.00342639	0.00363209	0.00376139	0.0038055	0.00376139	0.00363209	0.00342639	0.00315775	0.00284289	0.00250009	0.00214754	0.00180177	0.00147647	0.00118173	0.000923842	0.000705468	0.000526234	0.000383462	0.000272978	0.000189849	0.000128998	8.5636e-05	5.55449e-05	3.5201e-05	2.17972e-05	1.31884e-05	7.79737e-06	4.50489e-06	2.54345e-06	1.40344e-06	7.5688e-07	3.98987e-07	2.05603e-07	1.03583e-07	5.10253e-08	2.45798e-08	1.15809e-08	5.33868e-09	2.41118e-09	1.07442e-09	4.90795e-10	2.73841e-10	2.73841e-10	
1.91127e-10	1.91127e-10	3.50062e-10	7.83858e-10	1.79637e-09	4.05963e-09	8.98826e-09	1.9473e-08	4.12681e-08	8.55352e-08	1.73366e-07	3.4357e-07	6.65656e-07	1.26073e-06	2.33398e-06	4.22316e-06	7.46821e-06	1.29065e-05	2.17972e-05	3.59728e-05	5.80125e-05	9.14185e-05	0.000140769	0.000211806	0.0003114	0.000447348	0.000627923	0.000861169	0.00115391	0.00151055	0.00193174	0.00241317	0.00294463	0.0035096	0.00408572	0.00464595	0.00516054	0.00559963	0.00593593	0.00614737	0.00621953	0.00614737	0.00593593	0.00559963	0.00516054	0.00464595	0.00408572	0.0035096	0.00294463	0.00241317	0.00193174	0.00151055	0.00115391	0.000861169	0.000627923	0.000447348	0.0003114	0.000211806	0.000140769	9.14185e-05	5.80125e-05	3.59728e-05	2.17972e-05	1.29065e-05	7.4682e-06	4.22316e-06	2.33398e-06	1.26073e-06	6.65656e-07	3.4357e-07	1.73366e-07	8.55354e-08	4.12685e-08	1.9474e-08	8.99106e-09	4.06695e-09	1.81504e-09	8.3049e-10	4.64106e-10	4.64106e-10	
3.16647e-10	3.16647e-10	5.79087e-10	1.29465e-09	2.96259e-09	6.6855e-09	1.47805e-08	3.19747e-08	6.76613e-08	1.40029e-07	2.83384e-07	5.6074e-07	1.08475e-06	2.05133e-06	3.79177e-06	6.85046e-06	1.2096e-05	2.08734e-05	3.5201e-05	5.80125e-05	9.343e-05	0.000147045	0.000226157	0.000339917	0.000499272	0.000716645	0.00100523	0.0013779	0.00184559	0.00241543	0.00308861	0.00385837	0.00470847	0.00561256	0.00653478	0.00743174	0.00825579	0.00895908	0.00949791	0.00983689	0.00995263	0.00983689	0.00949791	0.00895908	0.00825579	0.00743174	0.00653478	0.00561256	0.00470847	0.00385836	0.0030886	0.00241543	0.00184558	0.0013779	0.00100523	0.000716644	0.000499272	0.000339917	0.000226157	0.000147044	9.343e-05	5.80125e-05	3.5201e-05	2.08734e-05	1.2096e-05	6.85046e-06	3.79177e-06	2.05133e-06	1.08475e-06	5.6074e-07	2.83384e-07	1.40029e-07	6.76619e-08	3.19764e-08	1.47852e-08	6.69766e-09	2.99358e-09	1.37194e-09	7.67857e-10	7.67857e-10	
5.12032e-10	5.12032e-10	9.35047e-10	2.08729e-09	4.76965e-09	1.07484e-08	2.37295e-08	5.12615e-08	1.08319e-07	2.23848e-07	4.52354e-07	8.93777e-07	1.72647e-06	3.26006e-06	6.01722e-06	1.08553e-05	1.914e-05	3.29821e-05	5.55449e-05	9.14185e-05	0.000147045	0.00023115	0.00035512	0.000533216	0.000782504	0.00112236	0.0015734	0.00215578	0.00288676	0.00377772	0.00483087	0.00603596	0.00736784	0.00878532	0.010232	0.0116397	0.0129332	0.0140375	0.0148841	0.0154172	0.0155993	0.0154172	0.0148841	0.0140375	0.0129332	0.0116397	0.010232	0.00878531	0.00736784	0.00603596	0.00483086	0.00377772	0.00288676	0.00215578	0.0015734	0.00112236	0.000782504	0.000533216	0.00035512	0.00023115	0.000147044	9.14185e-05	5.55449e-05	3.29821e-05	1.914e-05	1.08553e-05	6.01722e-06	3.26006e-06	1.72647e-06	8.93777e-07	4.52354e-07	2.23848e-07	1.0832e-07	5.12643e-08	2.37371e-08	1.07681e-08	4.81984e-09	2.21233e-09	1.24003e-09	1.24003e-09	
8.08046e-10	8.08046e-10	1.47355e-09	3.28457e-09	7.49533e-09	1.68681e-08	3.71902e-08	8.02309e-08	1.69301e-07	3.4939e-07	7.05071e-07	1.39116e-06	2.68349e-06	5.06013e-06	9.32673e-06	1.68027e-05	2.95862e-05	5.09156e-05	8.5636e-05	0.000140769	0.000226157	0.00035512	0.000545025	0.000817618	0.00119893	0.00171855	0.00240803	0.00329835	0.00441625	0.00577971	0.00739281	0.00924067	0.0112853	0.0134637	0.015689	0.0178552	0.0198465	0.021547	0.0228517	0.0236744	0.0239559	0.0236744	0.0228517	0.021547	0.0198465	0.0178552	0.015689	0.0134637	0.0112853	0.00924067	0.0073928	0.0057797	0.00441624	0.00329835	0.00240803	0.00171855	0.00119893	0.000817618	0.000545024	0.00035512	0.000226157	0.000140769	8.5636e-05	5.09155e-05	2.95862e-05	1.68027e-05	9.32673e-06	5.06013e-06	2.68349e-06	1.39116e-06	7.05071e-07	3.4939e-07	1.69303e-07	8.02354e-08	3.72023e-08	1.68993e-08	7.57467e-09	3.48199e-09	1.95444e-09	1.95444e-09	
1.24436e-09	1.24436e-09	2.26616e-09	5.04425e-09	1.14959e-08	2.58381e-08	5.6894e-08	1.22579e-07	2.58327e-07	5.32415e-07	1.073e-06	2.11433e-06	4.07308e-06	7.67033e-06	1.41194e-05	2.54042e-05	4.46753e-05	7.6788e-05	0.000128998	0.000211806	0.000339917	0.000533216	0.000817618	0.00122557	0.00179594	0.00257296	0.00360397	0.00493567	0.00660879	0.0086514	0.0110711	0.0138473	0.0169241	0.0202071	0.0235645	0.0268348	0.0298413	0.0324088	0.0343804	0.0356263	0.0360536	0.0356263	0.0343804	0.0324088	0.0298413	0.0268348	0.0235645	0.0202071	0.0169241	0.0138473	0.0110711	0.00865138	0.00660878	0.00493566	0.00360397	0.00257296	0.00179594	0.00122557	0.000817617	0.000533216	0.000339916	0.000211806	0.000128998	7.67879e-05	4.46753e-05	2.54042e-05	1.41194e-05	7.67033e-06	4.07308e-06	2.11433e-06	1.073e-06	5.32416e-07	2.5833e-07	1.22586e-07	5.69126e-08	2.58863e-08	1.16182e-08	5.3484e-09	3.00611e-09	3.00611e-09	
1.86979e-09	1.86979e-09	3.40077e-09	7.55962e-09	1.72069e-08	3.8627e-08	8.49505e-08	1.82803e-07	3.84768e-07	7.92027e-07	1.59423e-06	3.1375e-06	6.03665e-06	1.13541e-05	2.08751e-05	3.75145e-05	6.58954e-05	0.000113133	0.000189849	0.0003114	0.000499272	0.000782504	0.00119893	0.00179594	0.00263034	0.00376692	0.00527527	0.00722446	0.00967553	0.0126718	0.0162272	0.0203147	0.0248543	0.0297073	0.0346762	0.0395182	0.0439669	0.0477626	0.0506784	0.0525255	0.0531608	0.0525255	0.0506784	0.0477627	0.0439669	0.0395182	0.0346762	0.0297072	0.0248543	0.0203146	0.0162272	0.0126717	0.00967551	0.00722444	0.00527525	0.00376691	0.00263033	0.00179594	0.00119893	0.000782503	0.000499272	0.0003114	0.000189849	0.000113133	6.58954e-05	3.75145e-05	2.0875e-05	1.13541e-05	6.03665e-06	3.1375e-06	1.59423e-06	7.92029e-07	3.84772e-07	1.82813e-07	8.49785e-08	3.86997e-08	1.73911e-08	8.01682e-09	4.51175e-09	4.51175e-09	
2.74121e-09	2.74121e-09	4.97958e-09	1.1055e-08	2.5133e-08	5.63544e-08	1.23794e-07	2.66078e-07	5.59394e-07	1.15014e-06	2.31236e-06	4.5455e-06	8.7356e-06	1.64117e-05	3.014e-05	5.41052e-05	9.49369e-05	0.000162828	0.000272978	0.000447348	0.000716645	0.00112236	0.00171855	0.00257296	0.00376692	0.0053934	0.00755266	0.010345	0.0138603	0.0181643	0.0232822	0.0291801	0.0357463	0.0427788	0.0499851	0.0570022	0.0634353	0.0689077	0.073105	0.0757682	0.076687	0.0757682	0.073105	0.0689078	0.0634354	0.0570022	0.0499851	0.0427788	0.0357463	0.02918	0.0232822	0.0181643	0.0138602	0.010345	0.00755263	0.00539338	0.00376691	0.00257296	0.00171855	0.00112236	0.000716644	0.000447347	0.000272978	0.000162828	9.49368e-05	5.41052e-05	3.01399e-05	1.64117e-05	8.7356e-06	4.5455e-06	2.31236e-06	1.15014e-06	5.594e-07	2.66094e-07	1.23835e-07	5.64612e-08	2.54034e-08	1.17255e-08	6.60711e-09	6.60711e-09	
3.92079e-09	3.92079e-09	7.11399e-09	1.57743e-08	3.58215e-08	8.02321e-08	1.76052e-07	3.77985e-07	7.93788e-07	1.63027e-06	3.27408e-06	6.42903e-06	1.23422e-05	2.31631e-05	4.24952e-05	7.62087e-05	0.000133594	0.000228923	0.000383462	0.000627923	0.00100523	0.0015734	0.00240803	0.00360397	0.00527527	0.00755266	0.0105778	0.0144936	0.0194298	0.0254844	0.0327	0.0410355	0.0503349	0.0603036	0.0705078	0.0804111	0.0894405	0.0970686	0.102887	0.106574	0.107848	0.106574	0.102887	0.0970687	0.0894406	0.0804111	0.0705077	0.0603035	0.0503347	0.0410353	0.0326999	0.0254843	0.0194297	0.0144935	0.0105778	0.00755262	0.00527524	0.00360396	0.00240803	0.0015734	0.00100523	0.000627922	0.000383462	0.000228923	0.000133594	7.62087e-05	4.24951e-05	2.31631e-05	1.23422e-05	6.42903e-06	3.27408e-06	1.63028e-06	7.93796e-07	3.78007e-07	1.76111e-07	8.03852e-08	3.62088e-08	1.67337e-08	9.44019e-09	9.44019e-09	
5.47101e-09	5.47101e-09	9.9157e-09	2.19612e-08	4.98179e-08	1.11465e-07	2.44331e-07	5.24038e-07	1.09937e-06	2.25555e-06	4.52522e-06	8.87684e-06	1.70245e-05	3.192e-05	5.8506e-05	0.000104828	0.000183609	0.000314381	0.000526234	0.000861169	0.0013779	0.00215578	0.00329835	0.00493567	0.00722446	0.010345	0.0144936	0.0198696	0.0266563	0.0349953	0.0449516	0.0564702	0.0693247	0.0830757	0.0970768	0.11055	0.122701	0.132836	0.140479	0.145288	0.146945	0.145288	0.14048	0.132837	0.122701	0.11055	0.0970768	0.0830755	0.0693244	0.0564699	0.0449513	0.034995	0.0266561	0.0198694	0.0144935	0.0103449	0.00722441	0.00493564	0.00329834	0.00215577	0.00137789	0.000861167	0.000526233	0.00031438	0.000183609	0.000104828	5.85059e-05	3.192e-05	1.70245e-05	8.87684e-06	4.52522e-06	2.25556e-06	1.09938e-06	5.24069e-07	2.44414e-07	1.11679e-07	5.03591e-08	2.33004e-08	1.31594e-08	1.31594e-08	
7.44758e-09	7.44758e-09	1.34838e-08	2.98312e-08	6.76022e-08	1.51107e-07	3.30906e-07	7.09032e-07	1.48603e-06	3.04593e-06	6.10513e-06	1.19649e-05	2.29263e-05	4.29476e-05	7.86524e-05	0.000140814	0.000246456	0.000421706	0.000705468	0.00115391	0.00184559	0.00288676	0.00441625	0.00660879	0.00967553	0.0138603	0.0194298	0.0266563	0.0357916	0.0470287	0.0604499	0.0759578	0.0931948	0.111486	0.129874	0.14728	0.16269	0.175299	0.184636	0.190426	0.192407	0.190426	0.184636	0.1753	0.16269	0.14728	0.129874	0.111486	0.0931944	0.0759573	0.0604493	0.0470282	0.0357912	0.026656	0.0194296	0.0138602	0.00967545	0.00660874	0.00441622	0.00288674	0.00184558	0.00115391	0.000705466	0.000421706	0.000246456	0.000140813	7.86523e-05	4.29476e-05	2.29263e-05	1.19649e-05	6.10513e-06	3.04594e-06	1.48604e-06	7.09075e-07	3.31019e-07	1.51399e-07	6.83399e-08	3.16548e-08	1.78966e-08	1.78966e-08	
9.89036e-09	9.89036e-09	1.78888e-08	3.95357e-08	8.95093e-08	1.99891e-07	4.37336e-07	9.3623e-07	1.96044e-06	4.01476e-06	8.03996e-06	1.57434e-05	3.01412e-05	5.64183e-05	0.000103244	0.000184711	0.00032308	0.000552504	0.000923842	0.00151055	0.00241543	0.00377772	0.00577971	0.0086514	0.0126718	0.0181643	0.0254844	0.0349953	0.0470287	0.0618242	0.0794449	0.0996712	0.121895	0.145075	0.167856	0.188867	0.206986	0.221453	0.231925	0.238296	0.240449	0.238296	0.231925	0.221453	0.206987	0.188867	0.167856	0.145075	0.121894	0.0996703	0.0794439	0.0618233	0.0470279	0.0349947	0.025484	0.0181641	0.0126716	0.00865131	0.00577966	0.0037777	0.00241541	0.00151054	0.000923839	0.000552502	0.000323079	0.00018471	0.000103244	5.64182e-05	3.01411e-05	1.57433e-05	8.03996e-06	4.01476e-06	1.96046e-06	9.36287e-07	4.37487e-07	2.0028e-07	9.04901e-08	4.19583e-08	2.37453e-08	2.37453e-08	
1.28132e-08	1.28132e-08	2.3154e-08	5.11231e-08	1.15641e-07	2.58026e-07	5.64049e-07	1.20647e-06	2.52421e-06	5.16506e-06	1.03352e-05	2.02219e-05	3.86863e-05	7.23609e-05	0.000132329	0.0002366	0.000413612	0.000706995	0.00118173	0.00193174	0.00308861	0.00483087	0.00739281	0.0110711	0.0162272	0.0232822	0.0327	0.0449516	0.0604499	0.0794449	0.101883	0.127264	0.154553	0.18223	0.208564	0.232046	0.251673	0.266935	0.277742	0.284197	0.286352	0.284197	0.277743	0.266936	0.251674	0.232047	0.208565	0.18223	0.154552	0.127263	0.101882	0.0794433	0.0604485	0.0449506	0.0326993	0.0232818	0.016227	0.011071	0.00739273	0.00483082	0.00308858	0.00193173	0.00118173	0.000706992	0.000413611	0.000236599	0.000132329	7.23608e-05	3.86862e-05	2.02219e-05	1.03352e-05	5.16507e-06	2.52424e-06	1.20655e-06	5.64245e-07	2.5853e-07	1.16913e-07	5.42624e-08	3.07369e-08	3.07369e-08	
1.61942e-08	1.61942e-08	2.92385e-08	6.45e-08	1.4578e-07	3.25016e-07	7.09936e-07	1.51734e-06	3.17218e-06	6.48604e-06	1.29689e-05	2.53569e-05	4.84766e-05	9.06146e-05	0.000165611	0.000295945	0.000517113	0.000883572	0.00147647	0.00241317	0.00385837	0.00603596	0.00924067	0.0138473	0.0203147	0.0291801	0.0410355	0.0564702	0.0759578	0.0996712	0.127264	0.157728	0.189443	0.22043	0.2488	0.273201	0.292974	0.307988	0.31843	0.324577	0.32661	0.324577	0.318431	0.307989	0.292976	0.273203	0.248802	0.220431	0.189442	0.157727	0.127262	0.0996687	0.0759555	0.0564685	0.0410343	0.0291793	0.0203142	0.013847	0.00924054	0.00603589	0.00385833	0.00241316	0.00147646	0.000883568	0.000517111	0.000295945	0.00016561	9.06144e-05	4.84766e-05	2.53569e-05	1.29689e-05	6.48604e-06	3.17221e-06	1.51744e-06	7.10184e-07	3.25655e-07	1.47389e-07	6.84688e-08	3.88171e-08	3.88171e-08	
1.99675e-08	1.99675e-08	3.60229e-08	7.94016e-08	1.79325e-07	3.99516e-07	8.72042e-07	1.86249e-06	3.89103e-06	7.95038e-06	1.58863e-05	3.10408e-05	5.93064e-05	0.000110794	0.000202383	0.000361485	0.000631377	0.00107847	0.00180177	0.00294463	0.00470847	0.00736784	0.0112853	0.0169241	0.0248543	0.0357463	0.0503349	0.0693247	0.0931948	0.121895	0.154553	0.189443	0.224332	0.257008	0.28577	0.309696	0.328583	0.342655	0.352312	0.357941	0.359792	0.357942	0.352314	0.342657	0.328586	0.309699	0.285773	0.25701	0.224332	0.189442	0.15455	0.121891	0.0931913	0.0693218	0.0503329	0.0357451	0.0248536	0.0169237	0.0112851	0.00736773	0.00470841	0.0029446	0.00180176	0.00107846	0.000631374	0.000361484	0.000202383	0.000110794	5.93063e-05	3.10408e-05	1.58862e-05	7.9504e-06	3.89107e-06	1.86261e-06	8.72348e-07	4.00305e-07	1.81311e-07	8.42962e-08	4.78276e-08	4.78276e-08	
