2.11586e-87	2.11586e-87	4.62827e-86	1.01888e-84	2.16367e-83	4.42676e-82	8.71493e-81	1.6487e-79	2.99289e-78	5.20514e-77	8.65822e-76	1.37493e-74	2.08024e-73	2.99205e-72	4.08129e-71	5.26542e-70	6.40595e-69	7.32496e-68	7.84285e-67	7.82984e-66	7.25346e-65	6.20067e-64	4.85991e-63	3.46589e-62	2.22879e-61	1.2783e-60	6.45142e-60	2.81684e-59	1.04102e-58	3.1634e-58	7.59715e-58	1.36438e-57	1.69982e-57	1.36563e-57	7.66162e-58	3.44525e-58	2.08452e-58	3.48016e-58	8.13173e-58	1.96162e-57	8.8257e-57	8.1451e-56	8.43663e-55	8.27322e-54	7.53543e-53	6.33461e-52	4.88311e-51	3.42572e-50	2.16754e-49	1.22351e-48	6.07924e-48	2.61437e-47	9.52223e-47	2.85433e-46	6.77183e-46	1.20455e-45	1.49369e-45	1.20455e-45	6.77183e-46	2.85433e-46	9.52223e-47	2.61437e-47	6.07924e-48	1.22351e-48	2.16754e-49	3.42572e-50	4.88311e-51	6.3346e-52	7.53541e-53	8.27288e-54	8.42897e-55	8.00853e-56	7.12566e-57	5.95952e-58	4.70059e-59	3.50704e-60	2.48163e-61	1.6699e-62	1.13569e-63	1.13569e-63	
2.11586e-87	2.11586e-87	4.62827e-86	1.01888e-84	2.16367e-83	4.42676e-82	8.71493e-81	1.6487e-79	2.99289e-78	5.20514e-77	8.65822e-76	1.37493e-74	2.08024e-73	2.99205e-72	4.08129e-71	5.26542e-70	6.40595e-69	7.32496e-68	7.84285e-67	7.82984e-66	7.25346e-65	6.20067e-64	4.85991e-63	3.46589e-62	2.22879e-61	1.2783e-60	6.45142e-60	2.81684e-59	1.04102e-58	3.1634e-58	7.59715e-58	1.36438e-57	1.69982e-57	1.36563e-57	7.66162e-58	3.44525e-58	2.08452e-58	3.48016e-58	8.13173e-58	1.96162e-57	8.8257e-57	8.1451e-56	8.43663e-55	8.27322e-54	7.53543e-53	6.33461e-52	4.88311e-51	3.42572e-50	2.16754e-49	1.22351e-48	6.07924e-48	2.61437e-47	9.52223e-47	2.85433e-46	6.77183e-46	1.20455e-45	1.49369e-45	1.20455e-45	6.77183e-46	2.85433e-46	9.52223e-47	2.61437e-47	6.07924e-48	1.22351e-48	2.16754e-49	3.42572e-50	4.88311e-51	6.3346e-52	7.53541e-53	8.27288e-54	8.42897e-55	8.00853e-56	7.12566e-57	5.95952e-58	4.70059e-59	3.50704e-60	2.48163e-61	1.6699e-62	1.13569e-63	1.13569e-63	
7.41578e-86	7.41578e-86	1.61811e-84	3.55369e-83	7.52867e-82	1.53669e-80	3.01816e-79	5.6964e-78	1.03165e-76	1.79004e-75	2.97065e-74	4.7065e-73	7.10445e-72	1.01951e-70	1.38748e-69	1.78598e-68	2.16793e-67	2.47337e-66	2.64233e-65	2.63209e-64	2.43295e-63	2.07528e-62	1.62301e-61	1.15498e-60	7.41152e-60	4.24195e-59	2.13647e-58	9.30974e-58	3.43401e-57	1.04163e-56	2.49754e-56	4.47968e-56	5.57762e-56	4.48381e-56	2.51889e-56	1.13478e-56	6.87496e-57	1.1445e-56	2.64958e-56	6.13695e-56	2.52998e-55	2.2565e-54	2.32524e-53	2.27492e-52	2.06761e-51	1.73445e-50	1.33423e-49	9.34084e-49	5.89815e-48	3.32268e-47	1.6477e-46	7.07249e-46	2.57131e-45	7.69451e-45	1.82275e-44	3.2384e-44	4.0135e-44	3.2384e-44	1.82275e-44	7.69451e-45	2.57131e-45	7.07249e-46	1.6477e-46	3.32268e-47	5.89815e-48	9.34084e-49	1.33423e-49	1.73445e-50	2.06761e-51	2.27481e-52	2.32272e-53	2.21166e-54	1.97214e-55	1.65303e-56	1.30672e-57	9.7709e-59	6.92949e-60	4.67339e-61	3.18592e-62	3.18592e-62	
2.60912e-84	2.60912e-84	5.67935e-83	1.24441e-81	2.63029e-80	5.35643e-79	1.04963e-77	1.97654e-76	3.57153e-75	6.18302e-74	1.02379e-72	1.61839e-71	2.4375e-70	3.49011e-69	4.73929e-68	6.08702e-67	7.3726e-66	8.39301e-65	8.94692e-64	8.89307e-63	8.20269e-62	6.98194e-61	5.4489e-60	3.86953e-59	2.47798e-58	1.41539e-57	7.11454e-57	3.09421e-56	1.13923e-55	3.44959e-55	8.25827e-55	1.47942e-54	1.84094e-54	1.4808e-54	8.32937e-55	3.75914e-55	2.2804e-55	3.78641e-55	8.69504e-55	1.94236e-54	7.33568e-54	6.29692e-53	6.45248e-52	6.29851e-51	5.71274e-50	4.78248e-49	3.67153e-48	2.56531e-47	1.61666e-46	9.08986e-46	4.49917e-45	1.92768e-44	6.99617e-44	2.09016e-43	4.94423e-43	8.77426e-43	1.08686e-42	8.77426e-43	4.94423e-43	2.09016e-43	6.99617e-44	1.92768e-44	4.49917e-45	9.08986e-46	1.61666e-46	2.56531e-47	3.67153e-48	4.78247e-49	5.71272e-50	6.29814e-51	6.44415e-52	6.14884e-53	5.49449e-54	4.61517e-55	3.65608e-56	2.73968e-57	1.94716e-58	1.31606e-59	8.99244e-61	8.99244e-61	
8.96812e-83	8.96812e-83	1.94743e-81	4.25723e-80	8.97779e-79	1.8241e-77	3.56632e-76	6.70043e-75	1.208e-73	2.08658e-72	3.44723e-71	5.43715e-70	8.17082e-69	1.16734e-67	1.58166e-66	2.02699e-65	2.44973e-64	2.78274e-63	2.95999e-62	2.93587e-61	2.7022e-60	2.29519e-59	1.78749e-58	1.26676e-57	8.09551e-57	4.61477e-56	2.31507e-55	1.00493e-54	3.69313e-54	1.11635e-53	2.66841e-53	4.7745e-53	5.93777e-53	4.77899e-53	2.69155e-53	1.21688e-53	7.39158e-54	1.22432e-53	2.7911e-53	6.03289e-53	2.08336e-52	1.7112e-51	1.74237e-50	1.69688e-49	1.53591e-48	1.2832e-47	9.83153e-47	6.85578e-46	4.31214e-45	2.41993e-44	1.19555e-43	5.11315e-43	1.85253e-42	5.52569e-42	1.30522e-41	2.31373e-41	2.86448e-41	2.31373e-41	1.30522e-41	5.52569e-42	1.85253e-42	5.11315e-43	1.19555e-43	2.41993e-44	4.31214e-45	6.85578e-46	9.83153e-47	1.2832e-47	1.5359e-48	1.69676e-49	1.73968e-50	1.6634e-51	1.4895e-52	1.25377e-53	9.95325e-55	7.47439e-56	5.32365e-57	3.60594e-58	2.46955e-59	2.46955e-59	
3.01009e-81	3.01009e-81	6.52076e-80	1.42222e-78	2.99237e-77	6.06601e-76	1.18328e-74	2.21814e-73	3.99001e-72	6.87647e-71	1.13352e-69	1.78387e-68	2.67482e-67	3.813e-66	5.15499e-65	6.59198e-64	7.94948e-63	9.01058e-62	9.56395e-61	9.46577e-60	8.6939e-59	7.36892e-58	5.72694e-57	4.05021e-56	2.58313e-55	1.46954e-54	7.35775e-54	3.18778e-53	1.16938e-52	3.52872e-52	8.42176e-52	1.50506e-51	1.87069e-51	1.50649e-51	8.49529e-52	3.84758e-52	2.34017e-52	3.86733e-52	8.75882e-52	1.83772e-51	5.79725e-51	4.52624e-50	4.57528e-49	4.44539e-48	4.01548e-47	3.34807e-46	2.56011e-45	1.78174e-44	1.11852e-43	6.26515e-43	3.08956e-42	1.31899e-41	4.77065e-41	1.42072e-40	3.35115e-40	5.93396e-40	7.34268e-40	5.93396e-40	3.35115e-40	1.42072e-40	4.77065e-41	1.31899e-41	3.08956e-42	6.26515e-43	1.11852e-43	1.78174e-44	2.56011e-45	3.34807e-46	4.01546e-47	4.44501e-48	4.56678e-49	4.37559e-50	3.9263e-51	3.31184e-52	2.63472e-53	1.98274e-54	1.41523e-55	9.60659e-57	6.59416e-58	6.59416e-58	
9.86111e-80	9.86111e-80	2.13111e-78	4.63747e-77	9.73507e-76	1.96898e-74	3.83215e-73	7.16742e-72	1.28639e-70	2.21203e-69	3.6382e-68	5.7129e-67	8.54728e-66	1.21575e-64	1.64004e-63	2.09266e-62	2.51814e-61	2.84812e-60	3.01657e-59	2.97926e-58	2.73055e-57	2.30957e-56	1.79122e-55	1.2642e-54	8.04646e-54	4.56854e-53	2.28294e-52	9.87224e-52	3.61487e-51	1.08897e-50	2.59503e-50	4.63207e-50	5.75407e-50	4.63651e-50	2.61784e-50	1.18771e-50	7.23339e-51	1.1928e-50	2.68563e-50	5.48671e-50	1.58118e-49	1.16482e-48	1.16755e-47	1.13168e-46	1.02016e-45	8.48905e-45	6.47838e-44	4.49996e-43	2.81954e-42	1.57635e-41	7.75937e-41	3.30677e-40	1.19401e-39	3.55023e-39	8.36256e-39	1.47918e-38	1.82941e-38	1.47918e-38	8.36256e-39	3.55023e-39	1.19401e-39	3.30677e-40	7.75937e-41	1.57635e-41	2.81954e-42	4.49996e-43	6.47838e-44	8.48904e-45	1.02015e-45	1.13156e-46	1.16493e-47	1.11845e-48	1.00569e-49	8.50068e-51	6.77687e-52	5.11068e-53	3.65563e-54	2.48675e-55	1.71084e-56	1.71084e-56	
3.1516e-78	3.1516e-78	6.79481e-77	1.47523e-75	3.08981e-74	6.23519e-73	1.2108e-71	2.25952e-70	4.04625e-69	6.9423e-68	1.13929e-66	1.78502e-65	2.66476e-64	3.78202e-63	5.09082e-62	6.48167e-61	7.78273e-60	8.78374e-59	9.28343e-58	9.14924e-57	8.36788e-56	7.06304e-55	5.46657e-54	3.8503e-53	2.44575e-52	1.38588e-51	6.91197e-51	2.98337e-50	1.09044e-49	3.27937e-49	7.80302e-49	1.39118e-48	1.72719e-48	1.39253e-48	7.87209e-49	3.57776e-49	2.18179e-49	3.5905e-49	8.04141e-49	1.60443e-48	4.22875e-48	2.91532e-47	2.8934e-46	2.79758e-45	2.5168e-44	2.09016e-43	1.59199e-42	1.10368e-41	6.90228e-41	3.85179e-40	1.89257e-39	8.05139e-39	2.90237e-38	8.61647e-38	2.02683e-37	3.58128e-37	4.42703e-37	3.58128e-37	2.02683e-37	8.61647e-38	2.90237e-38	8.05139e-39	1.89257e-39	3.85179e-40	6.90228e-41	1.10368e-41	1.59198e-42	2.09016e-43	2.51678e-44	2.79722e-45	2.88553e-46	2.77607e-47	2.50131e-48	2.11865e-49	1.69255e-50	1.2791e-51	9.16863e-53	6.25027e-54	4.30981e-55	4.30981e-55	
9.82147e-77	9.82147e-77	2.11247e-75	4.57601e-74	9.56255e-73	1.92536e-71	3.73041e-70	6.94588e-69	1.24107e-67	2.12462e-66	3.47897e-65	5.4388e-64	8.10151e-63	1.14732e-61	1.54101e-60	1.95779e-59	2.34573e-58	2.64179e-57	2.78616e-56	2.74011e-55	2.50087e-54	2.10653e-53	1.62705e-52	1.14367e-51	7.2502e-51	4.10025e-50	2.04104e-49	8.7932e-49	3.20822e-48	9.63221e-48	2.2885e-47	4.07532e-47	5.05683e-47	4.07931e-47	2.30889e-47	1.05117e-47	6.41867e-48	1.05426e-47	2.34993e-47	4.59178e-47	1.10939e-46	7.09367e-46	6.95839e-45	6.71062e-44	6.02498e-43	4.99383e-42	3.79622e-41	2.62681e-40	1.63969e-39	9.13349e-39	4.47971e-38	1.90249e-37	6.84685e-37	2.02958e-36	4.76772e-36	8.41548e-36	1.03978e-35	8.41548e-36	4.76772e-36	2.02958e-36	6.84685e-37	1.90249e-37	4.47971e-38	9.13349e-39	1.63969e-39	2.62681e-40	3.79622e-41	4.99382e-42	6.02491e-43	6.70957e-44	6.9353e-45	6.68573e-46	6.03635e-47	5.12342e-48	4.1015e-49	3.10607e-50	2.23114e-51	1.52419e-52	1.05336e-53	1.05336e-53	
2.98284e-75	2.98284e-75	6.40054e-74	1.38334e-72	2.88426e-71	5.79422e-70	1.12013e-68	2.08099e-67	3.70998e-66	6.33718e-65	1.0354e-63	1.61513e-62	2.40061e-61	3.39231e-60	4.54649e-59	5.76374e-58	6.89108e-57	7.74435e-56	8.15036e-55	7.99887e-54	7.28533e-53	6.12395e-52	4.72041e-51	3.31135e-50	2.09504e-49	1.18251e-48	5.87514e-48	2.52644e-47	9.20142e-47	2.75801e-46	6.54303e-46	1.16383e-45	1.44333e-45	1.16498e-45	6.60174e-46	3.01068e-46	1.84081e-46	3.01797e-46	6.69815e-46	1.28513e-45	2.85588e-45	1.6776e-44	1.62272e-43	1.56071e-42	1.39844e-41	1.15685e-40	8.77729e-40	6.06202e-39	3.777e-38	2.10007e-37	1.02821e-36	4.35929e-36	1.56633e-35	4.63606e-35	1.08763e-34	1.91781e-34	2.36845e-34	1.91781e-34	1.08763e-34	4.63606e-35	1.56633e-35	4.35929e-36	1.02821e-36	2.10007e-37	3.777e-38	6.06202e-39	8.77728e-40	1.15684e-40	1.39842e-41	1.56041e-42	1.61612e-43	1.5611e-44	1.41233e-45	1.20119e-46	9.63583e-48	7.3124e-49	5.26359e-50	3.60338e-51	2.49585e-52	2.49585e-52	
8.82373e-74	8.82373e-74	1.88892e-72	4.07328e-71	8.47371e-70	1.69848e-68	3.27615e-67	6.07294e-66	1.08029e-64	1.84122e-63	3.00168e-62	4.67213e-61	6.92922e-60	9.77052e-59	1.30667e-57	1.65296e-56	1.97207e-55	2.21157e-54	2.32263e-53	2.27471e-52	2.06752e-51	1.73438e-50	1.33417e-49	9.34045e-49	5.89791e-48	3.32254e-47	1.64763e-46	7.07219e-46	2.5712e-45	7.6942e-45	1.82269e-44	3.23835e-44	4.01392e-44	3.24158e-44	1.83915e-44	8.40149e-45	5.14361e-45	8.41811e-45	1.8611e-44	3.51448e-44	7.21554e-44	3.85524e-43	3.66663e-42	3.51636e-41	3.14449e-40	2.59623e-39	1.96609e-38	1.35534e-37	8.42913e-37	4.67836e-36	2.28659e-35	9.67821e-35	3.47196e-34	1.02613e-33	2.40421e-33	4.23512e-33	5.22785e-33	4.23512e-33	2.40421e-33	1.02613e-33	3.47196e-34	9.67821e-35	2.28659e-35	4.67836e-36	8.42913e-37	1.35534e-37	1.96609e-38	2.59623e-39	3.14443e-40	3.51552e-41	3.64824e-42	3.53107e-43	3.20102e-44	2.728e-45	2.19287e-46	1.66755e-47	1.20283e-48	8.25168e-50	5.72821e-51	5.72821e-51	
2.5409e-72	2.5409e-72	5.4266e-71	1.16757e-69	2.42347e-68	4.84679e-67	9.32806e-66	1.7253e-64	3.06229e-63	5.20787e-62	8.47165e-61	1.31575e-59	1.94716e-58	2.73968e-57	3.65608e-56	4.61517e-55	5.49449e-54	6.14884e-53	6.44415e-52	6.29814e-51	5.71272e-50	4.78247e-49	3.67153e-48	2.56531e-47	1.61666e-46	9.08986e-46	4.49917e-45	1.92768e-44	6.99617e-44	2.09017e-43	4.94426e-43	8.77452e-43	1.08702e-42	8.78335e-43	4.98922e-43	2.28295e-43	1.3995e-43	2.28662e-43	5.03756e-43	9.38325e-43	1.78935e-42	8.60859e-42	8.02082e-41	7.66823e-40	6.84364e-39	5.63964e-38	4.2628e-37	2.93318e-36	1.82091e-35	1.00886e-34	4.92248e-34	2.08007e-33	7.45042e-33	2.19879e-32	5.14526e-32	9.05482e-32	1.11723e-31	9.05482e-32	5.14526e-32	2.19879e-32	7.45042e-33	2.08007e-33	4.92248e-34	1.00886e-34	1.82091e-35	2.93318e-36	4.26279e-37	5.63962e-38	6.8435e-39	7.66595e-40	7.97093e-41	7.73023e-42	7.0217e-43	5.99619e-44	4.82977e-45	3.68031e-46	2.66015e-47	1.82872e-48	1.27229e-49	1.27229e-49	
7.11824e-71	7.11824e-71	1.51668e-69	3.25592e-68	6.7431e-67	1.34558e-65	2.58396e-64	4.7687e-63	8.44555e-62	1.43315e-60	2.32623e-59	3.6051e-58	5.32365e-57	7.47439e-56	9.95325e-55	1.25377e-53	1.4895e-52	1.6634e-51	1.73968e-50	1.69676e-49	1.5359e-48	1.2832e-47	9.83153e-47	6.85578e-46	4.31214e-45	2.41993e-44	1.19555e-43	5.11315e-43	1.85253e-42	5.5257e-42	1.30523e-41	2.3138e-41	2.86491e-41	2.31615e-41	1.31718e-41	6.03704e-42	3.70563e-42	6.04488e-42	1.32748e-41	2.44366e-41	4.35467e-41	1.86797e-40	1.69716e-39	1.61702e-38	1.44028e-37	1.18465e-36	8.9377e-36	6.13873e-35	3.80411e-34	2.10399e-33	1.02486e-32	4.32374e-32	1.54633e-31	4.55716e-31	1.06509e-30	1.87262e-30	2.30954e-30	1.87262e-30	1.06509e-30	4.55716e-31	1.54633e-31	4.32374e-32	1.02486e-32	2.10399e-33	3.80411e-34	6.13873e-35	8.93769e-36	1.18464e-36	1.44024e-37	1.61642e-38	1.68399e-39	1.63635e-40	1.48931e-41	1.27435e-42	1.02853e-43	7.85343e-45	5.68818e-46	3.91843e-47	2.73217e-48	2.73217e-48	
1.93877e-69	1.93877e-69	4.12129e-68	8.82759e-67	1.82415e-65	3.63203e-64	6.9593e-63	1.28152e-61	2.26466e-60	3.8346e-59	6.2107e-58	9.60433e-57	1.41523e-55	1.98274e-54	2.63472e-53	3.31184e-52	3.9263e-51	4.37559e-50	4.56678e-49	4.44501e-48	4.01546e-47	3.34807e-46	2.56011e-45	1.78174e-44	1.11852e-43	6.26515e-43	3.08956e-42	1.31899e-41	4.77065e-41	1.42072e-40	3.35118e-40	5.93414e-40	7.3438e-40	5.94023e-40	3.38205e-40	1.55262e-40	9.54249e-41	1.55424e-40	3.40324e-40	6.20203e-40	1.03962e-39	3.93997e-39	3.47049e-38	3.29399e-37	2.92813e-36	2.40393e-35	1.81035e-34	1.24118e-33	7.67798e-33	4.23933e-32	2.06159e-31	8.68384e-31	3.10104e-30	9.12655e-30	2.1305e-29	3.74242e-29	4.61369e-29	3.74242e-29	2.1305e-29	9.12655e-30	3.10104e-30	8.68384e-31	2.06159e-31	4.23933e-32	7.67798e-33	1.24118e-33	1.81034e-34	2.40391e-35	2.92804e-36	3.29244e-37	3.43666e-38	3.34593e-39	3.05128e-40	2.61605e-41	2.11566e-42	1.6187e-43	1.1748e-44	8.10952e-46	5.66684e-47	5.66684e-47	
5.13042e-68	5.13042e-68	1.08805e-66	2.32537e-65	4.79455e-64	9.52528e-63	1.82112e-61	3.34617e-60	5.90036e-59	9.96903e-58	1.61115e-56	2.48616e-55	3.65563e-54	5.11068e-53	6.77687e-52	8.50068e-51	1.00569e-49	1.11845e-48	1.16493e-47	1.13156e-46	1.02015e-45	8.48904e-45	6.47838e-44	4.49996e-43	2.81954e-42	1.57635e-41	7.75937e-41	3.30677e-40	1.19401e-39	3.55024e-39	8.36262e-39	1.47922e-38	1.82969e-38	1.48076e-38	8.44015e-39	3.88092e-39	2.38826e-39	3.88414e-39	8.48223e-39	1.53262e-38	2.43317e-38	8.0824e-38	6.85199e-37	6.47516e-36	5.74453e-35	4.70741e-34	3.53865e-33	2.42182e-32	1.49557e-31	8.24385e-31	4.00254e-30	1.68335e-29	6.00263e-29	1.76428e-28	4.11381e-28	7.21998e-28	8.89735e-28	7.21998e-28	4.11381e-28	1.76428e-28	6.00263e-29	1.68335e-29	4.00254e-30	8.24385e-31	1.49557e-31	2.42182e-32	3.53864e-33	4.70738e-34	5.74429e-35	6.47128e-36	6.76759e-37	6.60159e-38	6.03197e-39	5.18177e-40	4.19895e-41	3.21908e-42	2.34104e-43	1.6193e-44	1.13401e-45	1.13401e-45	
1.31808e-66	1.31808e-66	2.7889e-65	5.94718e-64	1.22351e-62	2.4254e-61	4.62692e-60	8.48311e-59	1.4926e-57	2.5164e-56	4.05817e-55	6.24878e-54	9.16863e-53	1.2791e-51	1.69255e-50	2.11865e-49	2.50131e-48	2.77607e-47	2.88553e-46	2.79722e-45	2.51678e-44	2.09016e-43	1.59198e-42	1.10368e-41	6.90228e-41	3.85179e-40	1.89257e-39	8.05139e-39	2.90237e-38	8.61649e-38	2.02685e-37	3.58139e-37	4.42772e-37	3.58513e-37	2.04576e-37	9.42164e-38	5.8052e-38	9.42782e-38	2.05381e-37	3.68417e-37	5.57769e-37	1.61389e-36	1.30495e-35	1.22689e-34	1.08627e-33	8.88537e-33	6.66742e-32	4.5552e-31	2.80826e-30	1.54543e-29	7.49155e-29	3.14602e-28	1.12026e-27	3.28843e-27	7.65929e-27	1.34313e-26	1.65456e-26	1.34313e-26	7.65929e-27	3.28843e-27	1.12026e-27	3.14602e-28	7.49155e-29	1.54543e-29	2.80826e-30	4.5552e-31	6.6674e-32	8.88527e-33	1.08622e-33	1.22595e-34	1.28449e-35	1.25537e-36	1.14926e-37	9.89201e-39	8.03161e-40	6.16961e-41	4.4958e-42	3.11605e-43	2.18692e-44	2.18692e-44	
3.28524e-65	3.28524e-65	6.93511e-64	1.47561e-62	3.02911e-61	5.99153e-60	1.14051e-58	2.08651e-57	3.66328e-56	6.16273e-55	9.91732e-54	1.52383e-52	2.23114e-51	3.10607e-50	4.1015e-49	5.12342e-48	6.03635e-47	6.68573e-46	6.9353e-45	6.70957e-44	6.02491e-43	4.99382e-42	3.79622e-41	2.62681e-40	1.63969e-39	9.13349e-39	4.47971e-38	1.90249e-37	6.84686e-37	2.02958e-36	4.76776e-36	8.41575e-36	1.03995e-35	8.42462e-36	4.81252e-36	2.21983e-36	1.36946e-36	2.22098e-36	4.82736e-36	8.60668e-36	1.25089e-35	3.14049e-35	2.39501e-34	2.238e-33	1.97748e-32	1.61461e-31	1.20946e-30	8.24899e-30	5.07705e-29	2.78952e-28	1.35017e-27	5.66169e-27	2.01334e-26	5.90277e-26	1.37341e-25	2.40652e-25	2.96348e-25	2.40652e-25	1.37341e-25	5.90277e-26	2.01334e-26	5.66169e-27	1.35017e-27	2.78952e-28	5.07705e-29	8.24898e-30	1.20945e-30	1.61459e-31	1.97735e-32	2.23578e-33	2.34688e-34	2.298e-35	2.10777e-36	1.81772e-37	1.47875e-38	1.13816e-39	8.31034e-41	5.77151e-42	4.05928e-43	4.05928e-43	
7.93741e-64	7.93741e-64	1.67173e-62	3.54918e-61	7.26975e-60	1.43481e-58	2.7253e-57	4.97503e-56	8.7159e-55	1.46314e-53	2.34954e-52	3.60251e-51	5.26359e-50	7.3124e-49	9.63583e-48	1.20119e-46	1.41233e-45	1.5611e-44	1.61612e-43	1.56041e-42	1.39842e-41	1.15684e-40	8.77728e-40	6.06202e-39	3.777e-38	2.10007e-37	1.02821e-36	4.35929e-36	1.56634e-35	4.63607e-35	1.08764e-34	1.91788e-34	2.36883e-34	1.91991e-34	1.09791e-34	5.072e-35	3.13282e-35	5.07403e-35	1.10054e-34	1.95209e-34	2.74083e-34	5.96393e-34	4.23212e-33	3.92509e-32	3.46101e-31	2.82091e-30	2.10943e-29	1.43632e-28	8.82594e-28	4.84178e-27	2.34001e-26	9.79874e-26	3.47999e-25	1.01909e-24	2.36878e-24	4.14761e-24	5.10587e-24	4.14761e-24	2.36878e-24	1.01909e-24	3.47999e-25	9.79874e-26	2.34001e-26	4.84178e-27	8.82594e-28	1.43632e-28	2.10942e-29	2.82085e-30	3.4607e-31	3.92002e-32	4.12233e-33	4.04395e-34	3.7162e-35	3.21093e-36	2.61719e-37	2.01834e-38	1.47661e-39	1.02755e-40	7.24246e-42	7.24246e-42	
1.85741e-62	1.85741e-62	3.90301e-61	8.26821e-60	1.68987e-58	3.32803e-57	6.30766e-56	1.14899e-54	2.00864e-53	3.36474e-52	5.39173e-51	8.24967e-50	1.20283e-48	1.66755e-47	2.19287e-46	2.728e-45	3.20102e-44	3.53107e-43	3.64824e-42	3.51552e-41	3.14443e-40	2.59623e-39	1.96609e-38	1.35534e-37	8.42913e-37	4.67836e-36	2.28659e-35	9.67821e-35	3.47196e-34	1.02613e-33	2.40423e-33	4.23525e-33	5.22869e-33	4.2398e-33	2.42708e-33	1.12291e-33	6.94417e-34	1.12326e-33	2.43155e-33	4.29439e-33	5.85851e-33	1.10715e-32	7.194e-32	6.6095e-31	5.81558e-30	4.73175e-29	3.53239e-28	2.40131e-27	1.47325e-26	8.06987e-26	3.89457e-25	1.62866e-24	5.777e-24	1.68989e-23	3.92439e-23	6.86679e-23	8.45084e-23	6.86679e-23	3.92439e-23	1.68989e-23	5.777e-24	1.62866e-24	3.89457e-25	8.06987e-26	1.47325e-26	2.4013e-27	3.53237e-28	4.73163e-29	5.81489e-30	6.59827e-31	6.95128e-32	6.8316e-33	6.28958e-34	5.44468e-35	4.44638e-36	3.43563e-37	2.5184e-38	1.75598e-39	1.24028e-40	1.24028e-40	
4.20598e-61	4.20598e-61	8.81792e-60	1.86393e-58	3.80128e-57	7.47006e-56	1.41277e-54	2.56796e-53	4.47971e-52	7.48823e-51	1.19741e-49	1.82827e-48	2.66015e-47	3.68031e-46	4.82977e-45	5.99619e-44	7.0217e-43	7.73023e-42	7.97093e-41	7.66595e-40	6.8435e-39	5.63962e-38	4.26279e-37	2.93318e-36	1.82091e-35	1.00886e-34	4.92248e-34	2.08007e-33	7.45043e-33	2.19879e-32	5.14531e-32	9.05511e-32	1.11741e-31	9.06491e-32	5.19449e-32	2.4068e-32	1.49013e-32	2.40737e-32	5.20179e-32	9.15372e-32	1.21963e-31	2.01271e-31	1.17549e-30	1.06701e-29	9.3674e-29	7.60857e-28	5.67072e-27	3.84884e-26	2.35775e-25	1.28961e-24	6.21523e-24	2.59582e-23	9.19694e-23	2.68755e-22	6.23597e-22	1.09049e-21	1.34171e-21	1.09049e-21	6.23597e-22	2.68755e-22	9.19694e-23	2.59582e-23	6.21523e-24	1.28961e-24	2.35775e-25	3.84883e-26	5.67067e-27	7.60833e-28	9.36591e-29	1.0646e-29	1.12354e-30	1.10619e-31	1.02029e-32	8.84875e-34	7.23994e-35	5.60485e-36	4.11646e-37	2.87585e-38	2.03552e-39	2.03552e-39	
9.20742e-60	9.20742e-60	1.92597e-58	4.06229e-57	8.26669e-56	1.62103e-54	3.0592e-53	5.54881e-52	9.65921e-51	1.61122e-49	2.57104e-48	3.91746e-47	5.68817e-46	7.85343e-45	1.02853e-43	1.27435e-42	1.48931e-41	1.63635e-40	1.68399e-39	1.61642e-38	1.44024e-37	1.18464e-36	8.93769e-36	6.13873e-35	3.80411e-34	2.10399e-33	1.02486e-32	4.32375e-32	1.54633e-31	4.55717e-31	1.0651e-30	1.87268e-30	2.30992e-30	1.87473e-30	1.07534e-30	4.98954e-31	3.09272e-31	4.99043e-31	1.07648e-30	1.88855e-30	2.46869e-30	3.58875e-30	1.84531e-29	1.64876e-28	1.44398e-27	1.17088e-26	8.71275e-26	5.90447e-25	3.61171e-24	1.97275e-23	9.49523e-23	3.96098e-22	1.40186e-21	4.09271e-21	9.48925e-21	1.65853e-20	2.04018e-20	1.65853e-20	9.48925e-21	4.09271e-21	1.40186e-21	3.96098e-22	9.49523e-23	1.97275e-23	3.61171e-24	5.90445e-25	8.71264e-26	1.17083e-26	1.44367e-27	1.64377e-28	1.73777e-29	1.71395e-30	1.58371e-31	1.37604e-32	1.12796e-33	8.74867e-35	6.43771e-36	4.50625e-37	3.19613e-38	3.19613e-38	
1.94661e-58	1.94661e-58	4.06264e-57	8.55047e-56	1.73627e-54	3.39739e-53	6.3979e-52	1.158e-50	2.01157e-49	3.34843e-48	5.332e-47	8.10751e-46	1.1748e-44	1.6187e-43	2.11566e-42	2.61605e-41	3.05128e-40	3.34593e-39	3.43666e-38	3.29244e-37	2.92804e-36	2.40391e-35	1.81034e-34	1.24118e-33	7.67798e-33	4.23933e-32	2.0616e-31	8.68384e-31	3.10104e-30	9.12658e-30	2.13052e-29	3.74254e-29	4.61446e-29	3.74666e-29	2.15112e-29	9.99494e-30	6.20218e-30	9.99629e-30	2.15282e-29	3.76723e-29	4.85005e-29	6.28336e-29	2.78248e-28	2.43437e-27	2.12638e-26	1.72136e-25	1.27891e-24	8.65418e-24	5.28627e-23	2.8836e-22	1.38624e-21	5.77634e-21	2.04233e-20	5.95763e-20	1.38042e-19	2.41167e-19	2.96615e-19	2.41167e-19	1.38042e-19	5.95763e-20	2.04233e-20	5.77634e-21	1.38624e-21	2.8836e-22	5.28626e-23	8.65414e-24	1.27889e-24	1.72126e-25	2.12576e-26	2.42438e-27	2.56736e-28	2.53657e-29	2.34797e-30	2.04376e-31	1.67837e-32	1.30421e-33	9.61515e-35	6.74329e-36	4.7926e-37	4.7926e-37	
3.97027e-57	3.97027e-57	8.26742e-56	1.73627e-54	3.51814e-53	6.86938e-52	1.29089e-50	2.33155e-49	4.04168e-48	6.71371e-47	1.06687e-45	1.6189e-44	2.34104e-43	3.21908e-42	4.19895e-41	5.18177e-40	6.03197e-39	6.60159e-38	6.76759e-37	6.47128e-36	5.74429e-35	4.70738e-34	3.53864e-33	2.42182e-32	1.49557e-31	8.24385e-31	4.00254e-30	1.68335e-29	6.00264e-29	1.76428e-28	4.11384e-28	7.22022e-28	8.89885e-28	7.22822e-28	4.15383e-28	1.93261e-28	1.20054e-28	1.93281e-28	4.15626e-28	7.25743e-28	9.23221e-28	1.08071e-27	4.03128e-27	3.42821e-26	2.98542e-25	2.41284e-24	1.78998e-23	1.20953e-22	7.37841e-22	4.01986e-21	1.93029e-20	8.03519e-20	2.83852e-19	8.27426e-19	1.91619e-18	3.34661e-18	4.11563e-18	3.34661e-18	1.91619e-18	8.27426e-19	2.83852e-19	8.03519e-20	1.93029e-20	4.01986e-21	7.3784e-22	1.20952e-22	1.78994e-23	2.41265e-24	2.98422e-25	3.40888e-26	3.61589e-27	3.57858e-28	3.31825e-29	2.89346e-30	2.38045e-31	1.85317e-32	1.36878e-33	9.61766e-35	6.84935e-36	6.84935e-36	
7.80287e-56	7.80287e-56	1.62117e-54	3.39739e-53	6.86938e-52	1.33845e-50	2.5099e-49	4.5238e-48	7.82557e-47	1.29723e-45	2.0572e-44	3.11527e-43	4.4958e-42	6.16961e-41	8.03161e-40	9.89201e-39	1.14926e-37	1.25537e-36	1.28449e-35	1.22595e-34	1.08622e-33	8.88527e-33	6.6674e-32	4.5552e-31	2.80826e-30	1.54543e-29	7.49155e-29	3.14602e-28	1.12026e-27	3.28844e-27	7.65935e-27	1.34318e-26	1.65484e-26	1.34468e-26	7.7342e-27	3.60304e-27	2.24054e-27	3.60331e-27	7.73751e-27	1.34863e-26	1.69974e-26	1.82496e-26	5.61781e-26	4.59575e-25	3.98776e-24	3.21774e-23	2.38366e-22	1.60854e-21	9.80014e-21	5.33313e-20	2.55827e-19	1.06397e-18	3.75579e-18	1.09418e-17	2.53298e-17	4.42299e-17	5.4392e-17	4.42299e-17	2.53298e-17	1.09418e-17	3.75579e-18	1.06397e-18	2.55826e-19	5.33313e-20	9.80013e-21	1.60852e-21	2.38359e-22	3.21738e-23	3.98552e-24	4.55972e-25	4.84438e-26	4.80231e-27	4.46053e-28	3.89626e-29	3.21115e-30	2.50437e-31	1.85317e-32	1.30455e-33	9.30915e-35	9.30915e-35	
1.47584e-54	1.47584e-54	3.05947e-53	6.3979e-52	1.29089e-50	2.5099e-49	4.69681e-48	8.44782e-47	1.45834e-45	2.4125e-44	3.81803e-43	5.77005e-42	8.31033e-41	1.13816e-39	1.47875e-38	1.81772e-37	2.10777e-36	2.298e-35	2.34688e-34	2.23578e-33	1.97735e-32	1.61459e-31	1.20945e-30	8.24898e-30	5.07705e-29	2.78952e-28	1.35017e-27	5.6617e-27	2.01334e-26	5.90278e-26	1.37342e-25	2.40661e-25	2.96399e-25	2.40931e-25	1.38691e-25	6.46894e-26	4.02671e-26	6.46929e-26	1.38734e-25	2.41439e-25	3.02141e-25	3.02096e-25	7.54611e-25	5.85297e-24	5.05586e-23	4.07303e-22	3.0131e-21	2.03071e-20	1.2358e-19	6.71806e-19	3.21966e-18	1.33802e-17	4.72037e-17	1.37463e-16	3.18153e-16	5.55527e-16	6.83202e-16	5.55527e-16	3.18153e-16	1.37463e-16	4.72037e-17	1.33802e-17	3.21966e-18	6.71806e-19	1.23579e-19	2.03069e-20	3.01296e-21	4.07239e-22	5.05183e-23	5.78828e-24	6.15918e-25	6.1155e-26	5.68966e-27	4.97834e-28	4.11009e-29	3.21115e-30	2.38045e-31	1.67882e-32	1.20036e-33	1.20036e-33	
2.68286e-53	2.68286e-53	5.54931e-52	1.158e-50	2.33155e-49	4.5238e-48	8.44782e-47	1.51631e-45	2.61222e-44	4.31253e-43	6.81121e-42	1.02729e-40	1.47661e-39	2.01834e-38	2.61719e-37	3.21093e-36	3.7162e-35	4.04395e-34	4.12233e-33	3.92002e-32	3.4607e-31	2.82085e-30	2.10942e-29	1.43632e-28	8.82594e-28	4.84178e-27	2.34001e-26	9.79874e-26	3.47999e-25	1.01909e-24	2.3688e-24	4.14776e-24	5.10676e-24	4.15245e-24	2.39218e-24	1.11707e-24	6.96002e-25	1.11712e-24	2.39271e-24	4.15864e-24	5.17635e-24	4.8897e-24	9.8041e-24	7.06687e-23	6.06857e-22	4.88092e-21	3.60602e-20	2.42746e-19	1.47568e-18	8.0147e-18	3.83811e-17	1.59406e-16	5.62129e-16	1.63664e-15	3.78791e-15	6.6151e-15	8.13674e-15	6.6151e-15	3.78791e-15	1.63664e-15	5.62129e-16	1.59406e-16	3.83811e-17	8.01469e-18	1.47567e-18	2.42741e-19	3.60578e-20	4.87981e-21	6.06161e-22	6.95516e-23	7.41189e-24	7.37076e-25	6.86854e-26	6.01979e-27	4.97834e-28	3.89626e-29	2.89346e-30	2.04431e-31	1.46453e-32	1.46453e-32	
4.68057e-52	4.68057e-52	9.66008e-51	2.01157e-49	4.04168e-48	7.82557e-47	1.45834e-45	2.61222e-44	4.491e-43	7.39922e-42	1.16629e-40	1.75553e-39	2.5184e-38	3.43563e-37	4.44638e-36	5.44468e-35	6.28958e-34	6.8316e-33	6.95128e-32	6.59827e-31	5.81489e-30	4.73163e-29	3.53237e-28	2.4013e-27	1.47325e-26	8.06987e-26	3.89457e-25	1.62866e-24	5.777e-24	1.68989e-23	3.92443e-23	6.86703e-23	8.45231e-23	6.87486e-23	3.96334e-23	1.85276e-23	1.15541e-23	1.85281e-23	3.96396e-23	6.88201e-23	8.53209e-23	7.71349e-23	1.2381e-22	8.07296e-22	6.8766e-21	5.52146e-20	4.07417e-19	2.73965e-18	1.66391e-17	9.02993e-17	4.32163e-16	1.79412e-15	6.32544e-15	1.84169e-14	4.26351e-14	7.44857e-14	9.16462e-14	7.44857e-14	4.26351e-14	1.84169e-14	6.32544e-15	1.79412e-15	4.32163e-16	9.02992e-17	1.6639e-17	2.73958e-18	4.07378e-19	5.51961e-20	6.86505e-21	7.88768e-22	8.41764e-23	8.38345e-24	7.82437e-25	6.86854e-26	5.68966e-27	4.46053e-28	3.31826e-29	2.3486e-30	1.68574e-31	1.68574e-31	
7.8247e-51	7.8247e-51	1.61137e-49	3.34843e-48	6.71371e-47	1.29723e-45	2.4125e-44	4.31253e-43	7.39922e-42	1.21662e-40	1.91386e-39	2.87512e-38	4.11645e-37	5.60485e-36	7.23994e-35	8.84875e-34	1.02029e-32	1.10619e-31	1.12354e-30	1.0646e-29	9.36591e-29	7.60833e-28	5.67067e-27	3.84883e-26	2.35775e-25	1.28961e-24	6.21523e-24	2.59582e-23	9.19695e-23	2.68755e-22	6.23603e-22	1.09053e-21	1.34195e-21	1.09178e-21	6.29812e-22	2.94713e-22	1.8394e-22	2.9472e-22	6.29883e-22	1.09257e-21	1.35058e-21	1.18152e-21	1.5291e-21	8.70995e-21	7.33332e-20	5.87739e-19	4.3317e-18	2.91e-17	1.76596e-16	9.57784e-16	4.58191e-15	1.90179e-14	6.70532e-14	1.95288e-13	4.52339e-13	7.90793e-13	9.73426e-13	7.90793e-13	4.52339e-13	1.95288e-13	6.70532e-14	1.90179e-14	4.58191e-15	9.57783e-16	1.76595e-16	2.90989e-17	4.33107e-18	5.87444e-19	7.31492e-20	8.41524e-21	8.9928e-22	8.96907e-23	8.38345e-24	7.37076e-25	6.1155e-26	4.80231e-27	3.57858e-28	2.53725e-29	1.82457e-30	1.82457e-30	
1.25132e-49	1.25132e-49	2.57128e-48	5.332e-47	1.06687e-45	2.0572e-44	3.81803e-43	6.81121e-42	1.16629e-40	1.91386e-39	3.00475e-38	4.50509e-37	6.4377e-36	8.74867e-35	1.12796e-33	1.37604e-32	1.58371e-31	1.71395e-30	1.73777e-29	1.64377e-28	1.44367e-27	1.17083e-26	8.71264e-26	5.90445e-25	3.61171e-24	1.97275e-23	9.49523e-23	3.96098e-22	1.40186e-21	4.09272e-21	9.48934e-21	1.65859e-20	2.04054e-20	1.66051e-20	9.5842e-21	4.48881e-21	2.80372e-21	4.48889e-21	9.58496e-21	1.66132e-20	2.04934e-20	1.7505e-20	1.85888e-20	8.8643e-20	7.33454e-19	5.86594e-18	4.31842e-17	2.89863e-16	1.75794e-15	9.53027e-15	4.55825e-14	1.89208e-13	6.67339e-13	1.94484e-12	4.50892e-12	7.8908e-12	9.71968e-12	7.8908e-12	4.50892e-12	1.94484e-12	6.67339e-13	1.89208e-13	4.55824e-14	9.53026e-15	1.75792e-15	2.89846e-16	4.31746e-17	5.86145e-18	7.30651e-19	8.41541e-20	9.0044e-21	8.9928e-22	8.41764e-23	7.41189e-24	6.15918e-25	4.84438e-26	3.6159e-27	2.56806e-28	1.85013e-29	1.85013e-29	
1.91077e-48	1.91077e-48	3.91782e-47	8.10751e-46	1.6189e-44	3.11527e-43	5.77005e-42	1.02729e-40	1.75553e-39	2.87512e-38	4.50509e-37	6.74153e-36	9.61514e-35	1.30421e-33	1.67837e-32	2.04376e-31	2.34797e-30	2.53657e-29	2.56736e-28	2.42438e-27	2.12576e-26	1.72126e-25	1.27889e-24	8.65414e-24	5.28626e-23	2.8836e-22	1.38624e-21	5.77634e-21	2.04234e-20	5.95765e-20	1.38044e-19	2.41175e-19	2.96668e-19	2.41455e-19	1.39429e-19	6.53527e-20	4.08468e-20	6.53536e-20	1.39437e-19	2.41535e-19	2.97512e-19	2.49881e-19	2.23585e-19	8.50926e-19	6.85418e-18	5.46724e-17	4.02049e-16	2.69673e-15	1.63476e-14	8.86071e-14	4.2383e-13	1.75994e-12	6.21178e-12	1.81227e-11	4.2074e-11	7.37414e-11	9.09183e-11	7.37414e-11	4.2074e-11	1.81227e-11	6.21178e-12	1.75994e-12	4.2383e-13	8.86068e-14	1.63473e-14	2.69648e-15	4.01909e-16	5.4607e-17	6.81333e-18	7.85573e-19	8.41541e-20	8.41524e-21	7.88768e-22	6.95516e-23	5.78828e-24	4.55972e-25	3.40888e-26	2.42504e-27	1.75023e-28	1.75023e-28	
2.78044e-47	2.78044e-47	5.6887e-46	1.1748e-44	2.34104e-43	4.4958e-42	8.31033e-41	1.47661e-39	2.5184e-38	4.11645e-37	6.4377e-36	9.61514e-35	1.36878e-33	1.85317e-32	2.38045e-31	2.89346e-30	3.31825e-29	3.57858e-28	3.61589e-27	3.40888e-26	2.98422e-25	2.41265e-24	1.78994e-23	1.20952e-22	7.3784e-22	4.01986e-21	1.93029e-20	8.0352e-20	2.83852e-19	8.27428e-19	1.91621e-18	3.34673e-18	4.11637e-18	3.35063e-18	1.93549e-18	9.07778e-19	5.67705e-19	9.07789e-19	1.93557e-18	3.35138e-18	4.12401e-18	3.42393e-18	2.66618e-18	7.72112e-18	5.96049e-17	4.73701e-16	3.47955e-15	2.33255e-14	1.41366e-13	7.66287e-13	3.6668e-12	1.52379e-11	5.38462e-11	1.57348e-10	3.66031e-10	6.42866e-10	7.93644e-10	6.42866e-10	3.66031e-10	1.57348e-10	5.38462e-11	1.52379e-11	3.6668e-12	7.66283e-13	1.41362e-13	2.33221e-14	3.47761e-15	4.72793e-16	5.90372e-17	6.81333e-18	7.30651e-19	7.31492e-20	6.86505e-21	6.06161e-22	5.05183e-23	3.98552e-24	2.98422e-25	2.12634e-26	1.53733e-27	1.53733e-27	
3.84707e-46	3.84707e-46	7.85416e-45	1.6187e-43	3.21908e-42	6.16961e-41	1.13816e-39	2.01834e-38	3.43563e-37	5.60485e-36	8.74867e-35	1.30421e-33	1.85317e-32	2.50437e-31	3.21115e-30	3.89626e-29	4.46053e-28	4.80231e-27	4.84438e-26	4.55972e-25	3.98552e-24	3.21738e-23	2.38359e-22	1.60852e-21	9.80013e-21	5.33313e-20	2.55827e-19	1.06397e-18	3.7558e-18	1.09419e-17	2.53301e-17	4.42315e-17	5.44018e-17	4.42833e-17	2.55857e-17	1.20058e-17	7.51161e-18	1.20059e-17	2.55865e-17	4.42902e-17	5.44674e-17	4.48728e-17	3.14476e-17	6.66129e-17	4.80305e-16	3.79597e-15	2.78467e-14	1.86587e-13	1.13084e-12	6.13225e-12	2.9367e-11	1.2219e-10	4.32542e-10	1.26686e-09	2.95518e-09	5.2051e-09	6.43743e-09	5.2051e-09	2.95518e-09	1.26686e-09	4.32542e-10	1.2219e-10	2.9367e-11	6.13221e-12	1.13079e-12	1.86543e-13	2.78211e-14	3.78396e-15	4.72793e-16	5.4607e-17	5.86145e-18	5.87444e-19	5.51961e-20	4.87981e-21	4.07239e-22	3.21738e-23	2.41265e-24	1.72174e-25	1.24692e-26	1.24692e-26	
5.04906e-45	5.04906e-45	1.02863e-43	2.11566e-42	4.19895e-41	8.03161e-40	1.47875e-38	2.61719e-37	4.44638e-36	7.23994e-35	1.12796e-33	1.67837e-32	2.38045e-31	3.21115e-30	4.11009e-29	4.97834e-28	5.68966e-27	6.1155e-26	6.15918e-25	5.78828e-24	5.05183e-23	4.07239e-22	3.01296e-21	2.03069e-20	1.23579e-19	6.71806e-19	3.21967e-18	1.33802e-17	4.72037e-17	1.37463e-16	3.18156e-16	5.55548e-16	6.83325e-16	5.56199e-16	3.21373e-16	1.50843e-16	9.44077e-17	1.50845e-16	3.21382e-16	5.56262e-16	6.83865e-16	5.60557e-16	3.64553e-16	5.52754e-16	3.57202e-15	2.79719e-14	2.04834e-13	1.37195e-12	8.31733e-12	4.5138e-11	2.16441e-10	9.02223e-10	3.20169e-09	9.40702e-09	2.20263e-08	3.89476e-08	4.82878e-08	3.89476e-08	2.20263e-08	9.40702e-09	3.20169e-09	9.02223e-10	2.1644e-10	4.51375e-11	8.31665e-12	1.37139e-12	2.04512e-13	2.78211e-14	3.47761e-15	4.01909e-16	4.31746e-17	4.33107e-18	4.07378e-19	3.60578e-20	3.01296e-21	2.38359e-22	1.78994e-23	1.27925e-24	9.27971e-26	9.27971e-26	
6.26899e-44	6.26899e-44	1.27447e-42	2.61605e-41	5.18177e-40	9.89201e-39	1.81772e-37	3.21093e-36	5.44468e-35	8.84875e-34	1.37604e-32	2.04376e-31	2.89346e-30	3.89626e-29	4.97834e-28	6.01979e-27	6.86854e-26	7.37076e-25	7.41189e-24	6.95516e-23	6.06161e-22	4.87981e-21	3.60578e-20	2.42741e-19	1.47567e-18	8.01469e-18	3.83811e-17	1.59406e-16	5.62129e-16	1.63664e-15	3.78794e-15	6.61535e-15	8.13822e-15	6.62312e-15	3.82629e-15	1.79605e-15	1.12426e-15	1.79606e-15	3.82638e-15	6.62369e-15	8.14255e-15	6.65254e-15	4.11621e-15	4.49255e-15	2.44464e-14	1.88339e-13	1.37522e-12	9.20665e-12	5.58465e-11	3.03458e-10	1.45785e-09	6.09269e-09	2.16945e-08	6.40157e-08	1.50658e-07	2.6782e-07	3.33189e-07	2.6782e-07	1.50658e-07	6.40157e-08	2.16945e-08	6.09269e-09	1.45784e-09	3.03452e-10	5.58384e-11	9.20003e-12	1.37139e-12	1.86543e-13	2.33221e-14	2.69648e-15	2.89846e-16	2.90989e-17	2.73958e-18	2.42741e-19	2.03069e-20	1.60852e-21	1.20953e-22	8.65654e-24	6.28934e-25	6.28934e-25	
7.34181e-43	7.34181e-43	1.48946e-41	3.05128e-40	6.03197e-39	1.14926e-37	2.10777e-36	3.7162e-35	6.28958e-34	1.02029e-32	1.58371e-31	2.34797e-30	3.31825e-29	4.46053e-28	5.68966e-27	6.86854e-26	7.82437e-25	8.38345e-24	8.41764e-23	7.88768e-22	6.86505e-21	5.51961e-20	4.07378e-19	2.73958e-18	1.6639e-17	9.02992e-17	4.32163e-16	1.79412e-15	6.32545e-15	1.84169e-14	4.26355e-14	7.44885e-14	9.16628e-14	7.4576e-14	4.30673e-14	2.0211e-14	1.26509e-14	2.02112e-14	4.30683e-14	7.45813e-14	9.16976e-14	7.47564e-14	4.48261e-14	3.65585e-14	1.54013e-13	1.151e-12	8.35972e-12	5.5913e-11	3.39441e-10	1.84779e-09	8.90034e-09	3.73283e-08	1.33528e-07	3.96298e-07	9.39144e-07	1.68173e-06	2.10241e-06	1.68173e-06	9.39144e-07	3.96298e-07	1.33528e-07	3.73283e-08	8.9003e-09	1.84771e-09	3.3935e-10	5.58384e-11	8.31665e-12	1.13079e-12	1.41362e-13	1.63473e-14	1.75792e-15	1.76595e-16	1.6639e-17	1.47567e-18	1.23579e-19	9.80013e-21	7.37841e-22	5.28773e-23	3.84749e-24	3.84749e-24	
8.08333e-42	8.08333e-42	1.6365e-40	3.34593e-39	6.60159e-38	1.25537e-36	2.298e-35	4.04395e-34	6.8316e-33	1.10619e-31	1.71395e-30	2.53657e-29	3.57858e-28	4.80231e-27	6.1155e-26	7.37076e-25	8.38345e-24	8.96907e-23	8.9928e-22	8.41524e-21	7.31492e-20	5.87444e-19	4.33107e-18	2.90989e-17	1.76595e-16	9.57783e-16	4.58191e-15	1.90179e-14	6.70532e-14	1.95289e-13	4.52343e-13	7.90822e-13	9.73603e-13	7.9175e-13	4.5692e-13	2.14306e-13	1.34107e-13	2.14309e-13	4.56931e-13	7.918e-13	9.73888e-13	7.9275e-13	4.66461e-13	3.02915e-13	9.0039e-13	6.34651e-12	4.55944e-11	3.04243e-10	1.84869e-09	1.00882e-08	4.87657e-08	2.05498e-07	7.39634e-07	2.21232e-06	5.29238e-06	9.57392e-06	1.20535e-05	9.57392e-06	5.29238e-06	2.21232e-06	7.39634e-07	2.05498e-07	4.87652e-08	1.00874e-08	1.84771e-09	3.03452e-10	4.51375e-11	6.13221e-12	7.66283e-13	8.86068e-14	9.53026e-15	9.57783e-16	9.02992e-17	8.01469e-18	6.71806e-19	5.33313e-20	4.01986e-21	2.88441e-22	2.10171e-23	2.10171e-23	
8.33576e-41	8.33576e-41	1.68415e-39	3.43667e-38	6.76759e-37	1.28449e-35	2.34688e-34	4.12233e-33	6.95128e-32	1.12354e-30	1.73777e-29	2.56736e-28	3.61589e-27	4.84438e-26	6.15918e-25	7.41189e-24	8.41764e-23	8.9928e-22	9.0044e-21	8.41541e-20	7.30651e-19	5.86145e-18	4.31746e-17	2.89846e-16	1.75792e-15	9.53026e-15	4.55825e-14	1.89208e-13	6.6734e-13	1.94485e-12	4.50896e-12	7.89109e-12	9.72143e-12	7.90033e-12	4.5545e-12	2.13405e-12	1.33468e-12	2.13408e-12	4.55461e-12	7.90081e-12	9.72384e-12	7.90535e-12	4.60019e-12	2.55791e-12	5.00148e-12	3.15011e-11	2.20995e-10	1.46574e-09	8.91002e-09	4.87731e-08	2.36884e-07	1.00455e-06	3.64547e-06	1.10194e-05	2.67047e-05	4.90094e-05	6.23567e-05	4.90094e-05	2.67047e-05	1.10194e-05	3.64547e-06	1.00455e-06	2.36879e-07	4.87652e-08	8.9003e-09	1.45784e-09	2.1644e-10	2.9367e-11	3.6668e-12	4.2383e-13	4.55824e-14	4.58191e-15	4.32163e-16	3.83811e-17	3.21966e-18	2.55826e-19	1.93029e-20	1.38663e-21	1.01168e-22	1.01168e-22	
8.0175e-40	8.0175e-40	1.61658e-38	3.29244e-37	6.47128e-36	1.22595e-34	2.23578e-33	3.92002e-32	6.59827e-31	1.0646e-29	1.64377e-28	2.42438e-27	3.40888e-26	4.55972e-25	5.78828e-24	6.95516e-23	7.88768e-22	8.41524e-21	8.41541e-20	7.85573e-19	6.81333e-18	5.4607e-17	4.01909e-16	2.69648e-15	1.63473e-14	8.86068e-14	4.2383e-13	1.75994e-12	6.21179e-12	1.81227e-11	4.20744e-11	7.37441e-11	9.09346e-11	7.383e-11	4.24979e-11	1.98826e-11	1.24236e-11	1.98829e-11	4.2499e-11	7.38345e-11	9.09551e-11	7.38533e-11	4.26882e-11	2.16428e-11	2.76615e-11	1.42073e-10	9.44721e-10	6.16652e-09	3.74192e-08	2.05571e-07	1.00459e-06	4.29583e-06	1.57619e-05	4.83308e-05	0.000119262	0.000223486	0.000289057	0.000223486	0.000119262	4.83308e-05	1.57619e-05	4.29581e-06	1.00455e-06	2.05498e-07	3.73283e-08	6.09269e-09	9.02223e-10	1.2219e-10	1.52379e-11	1.75994e-12	1.89208e-13	1.90179e-14	1.79412e-15	1.59406e-16	1.33802e-17	1.06397e-18	8.0352e-20	5.77796e-21	4.22056e-22	4.22056e-22	
7.15795e-39	7.15795e-39	1.44038e-37	2.92804e-36	5.74429e-35	1.08622e-33	1.97735e-32	3.4607e-31	5.81489e-30	9.36591e-29	1.44367e-27	2.12576e-26	2.98422e-25	3.98552e-24	5.05183e-23	6.06161e-22	6.86505e-21	7.31492e-20	7.30651e-19	6.81333e-18	5.90372e-17	4.72793e-16	3.47762e-15	2.33221e-14	1.41362e-13	7.66283e-13	3.6668e-12	1.52379e-11	5.38462e-11	1.57348e-10	3.66034e-10	6.42889e-10	7.93785e-10	6.43632e-10	3.69698e-10	1.72586e-10	1.07693e-10	1.72588e-10	3.69708e-10	6.43672e-10	7.93958e-10	6.43739e-10	3.70375e-10	1.788e-10	1.61539e-10	6.05128e-10	3.57139e-09	2.23382e-08	1.34322e-07	7.40277e-07	3.64584e-06	1.5762e-05	5.86893e-05	0.00018352	0.000464593	0.000897981	0.00119266	0.000897981	0.000464593	0.00018352	5.86892e-05	1.57619e-05	3.64547e-06	7.39634e-07	1.33528e-07	2.16945e-08	3.20169e-09	4.32542e-10	5.38462e-11	6.21178e-12	6.67339e-13	6.70532e-14	6.32544e-15	5.62129e-16	4.72037e-17	3.75579e-18	2.83852e-19	2.04291e-20	1.49383e-21	1.49383e-21	
5.89924e-38	5.89924e-38	1.18476e-36	2.40391e-35	4.70738e-34	8.88527e-33	1.61459e-31	2.82085e-30	4.73163e-29	7.60833e-28	1.17083e-26	1.72126e-25	2.41265e-24	3.21738e-23	4.07239e-22	4.87981e-21	5.51961e-20	5.87444e-19	5.86145e-18	5.4607e-17	4.72793e-16	3.78396e-15	2.78211e-14	1.86543e-13	1.13079e-12	6.13221e-12	2.9367e-11	1.22191e-10	4.32543e-10	1.26686e-09	2.95521e-09	5.20529e-09	6.43856e-09	5.21123e-09	2.98455e-09	1.38905e-09	8.65089e-10	1.38907e-09	2.98464e-09	5.21158e-09	6.43996e-09	5.21177e-09	2.98658e-09	1.4072e-09	1.02244e-09	2.65591e-09	1.23916e-08	6.92269e-08	4.02737e-07	2.21753e-06	1.10223e-05	4.83321e-05	0.000183521	0.000589536	0.00154818	0.00313576	0.00434813	0.00313576	0.00154818	0.000589536	0.00018352	4.83308e-05	1.10194e-05	2.21232e-06	3.96298e-07	6.40157e-08	9.40702e-09	1.26686e-09	1.57348e-10	1.81227e-11	1.94484e-12	1.95288e-13	1.84169e-14	1.63664e-15	1.37463e-16	1.09418e-17	8.27427e-19	5.95932e-20	4.36147e-21	4.36147e-21	
4.4594e-37	4.4594e-37	8.93857e-36	1.81034e-34	3.53864e-33	6.6674e-32	1.20945e-30	2.10942e-29	3.53237e-28	5.67067e-27	8.71264e-26	1.27889e-24	1.78994e-23	2.38359e-22	3.01296e-21	3.60578e-20	4.07378e-19	4.33107e-18	4.31746e-17	4.01909e-16	3.47762e-15	2.78211e-14	2.04512e-13	1.37139e-12	8.31665e-12	4.51375e-11	2.1644e-10	9.02223e-10	3.20169e-09	9.40705e-09	2.20265e-08	3.8949e-08	4.82961e-08	3.89928e-08	2.22428e-08	1.03093e-08	6.40342e-09	1.03094e-08	2.22435e-08	3.89956e-08	4.83068e-08	3.8996e-08	2.22481e-08	1.03515e-08	6.76945e-09	1.32644e-08	4.42691e-08	1.89651e-07	9.8744e-07	5.33133e-06	2.67267e-05	0.000119272	0.000464596	0.00154819	0.00428392	0.00929781	0.013719	0.00929781	0.00428392	0.00154818	0.000464593	0.000119262	2.67047e-05	5.29238e-06	9.39144e-07	1.50658e-07	2.20263e-08	2.95518e-09	3.66031e-10	4.2074e-11	4.50892e-12	4.52339e-13	4.26351e-14	3.78791e-15	3.18153e-16	2.53298e-17	1.91619e-18	1.38082e-19	1.01128e-20	1.01128e-20	
