8.65351e-48	8.65351e-48	6.94915e-47	6.00145e-46	5.04088e-45	4.10995e-44	3.25032e-43	2.49142e-42	1.84949e-41	1.32854e-40	9.22639e-40	6.18896e-39	4.00594e-38	2.49942e-37	1.50156e-36	8.67578e-36	4.81503e-35	2.56356e-34	1.30748e-33	6.37875e-33	2.97204e-32	1.32027e-31	5.58197e-31	2.24179e-30	8.53491e-30	3.07364e-29	1.04458e-28	3.34177e-28	1.00366e-27	2.82176e-27	7.40313e-27	1.8064e-26	4.08445e-26	8.52461e-26	1.63536e-25	2.87085e-25	4.59052e-25	6.65515e-25	8.70996e-25	1.0253e-24	1.08291e-24	1.0253e-24	8.70996e-25	6.65515e-25	4.59052e-25	2.87085e-25	1.63536e-25	8.52461e-26	4.08445e-26	1.8064e-26	7.40313e-27	2.82176e-27	1.00366e-27	3.34177e-28	1.04458e-28	3.07364e-29	8.53491e-30	2.24179e-30	5.58197e-31	1.32027e-31	2.97204e-32	6.37875e-33	1.30748e-33	2.56356e-34	4.81503e-35	8.67578e-36	1.50156e-36	2.49942e-37	4.00594e-38	6.18896e-39	9.22639e-40	1.32854e-40	1.84949e-41	2.49142e-42	3.25032e-43	4.10995e-44	5.04097e-45	6.00988e-46	7.72015e-47	7.72015e-47	
8.65351e-48	8.65351e-48	6.94915e-47	6.00145e-46	5.04088e-45	4.10995e-44	3.25032e-43	2.49142e-42	1.84949e-41	1.32854e-40	9.22639e-40	6.18896e-39	4.00594e-38	2.49942e-37	1.50156e-36	8.67578e-36	4.81503e-35	2.56356e-34	1.30748e-33	6.37875e-33	2.97204e-32	1.32027e-31	5.58197e-31	2.24179e-30	8.53491e-30	3.07364e-29	1.04458e-28	3.34177e-28	1.00366e-27	2.82176e-27	7.40313e-27	1.8064e-26	4.08445e-26	8.52461e-26	1.63536e-25	2.87085e-25	4.59052e-25	6.65515e-25	8.70996e-25	1.0253e-24	1.08291e-24	1.0253e-24	8.70996e-25	6.65515e-25	4.59052e-25	2.87085e-25	1.63536e-25	8.52461e-26	4.08445e-26	1.8064e-26	7.40313e-27	2.82176e-27	1.00366e-27	3.34177e-28	1.04458e-28	3.07364e-29	8.53491e-30	2.24179e-30	5.58197e-31	1.32027e-31	2.97204e-32	6.37875e-33	1.30748e-33	2.56356e-34	4.81503e-35	8.67578e-36	1.50156e-36	2.49942e-37	4.00594e-38	6.18896e-39	9.22639e-40	1.32854e-40	1.84949e-41	2.49142e-42	3.25032e-43	4.10995e-44	5.04097e-45	6.00988e-46	7.72015e-47	7.72015e-47	
6.94915e-47	6.94915e-47	5.56502e-46	4.79391e-45	4.01647e-44	3.2665e-43	2.57681e-42	1.97021e-41	1.45892e-40	1.04537e-39	7.24172e-39	4.84557e-38	3.1286e-37	1.94716e-36	1.16688e-35	6.72525e-35	3.7232e-34	1.97732e-33	1.00597e-32	4.89552e-32	2.27525e-31	1.0082e-30	4.25185e-30	1.70329e-29	6.46836e-29	2.32353e-28	7.87654e-28	2.51346e-27	7.52991e-27	2.11173e-26	5.52672e-26	1.34532e-25	3.03489e-25	6.32024e-25	1.21001e-24	2.12026e-24	3.38494e-24	4.901e-24	6.40804e-24	7.53885e-24	7.96082e-24	7.53885e-24	6.40804e-24	4.901e-24	3.38494e-24	2.12026e-24	1.21001e-24	6.32024e-25	3.03489e-25	1.34532e-25	5.52672e-26	2.11173e-26	7.52991e-27	2.51346e-27	7.87654e-28	2.32353e-28	6.46836e-29	1.70329e-29	4.25185e-30	1.0082e-30	2.27525e-31	4.89552e-32	1.00597e-32	1.97732e-33	3.7232e-34	6.72525e-35	1.16688e-35	1.94716e-36	3.1286e-37	4.84557e-38	7.24172e-39	1.04537e-39	1.45892e-40	1.97021e-41	2.57681e-42	3.2665e-43	4.01655e-44	4.8007e-45	6.18397e-46	6.18397e-46	
6.00145e-46	6.00145e-46	4.79391e-45	4.12008e-44	3.44397e-43	2.79446e-42	2.19938e-41	1.67779e-40	1.23954e-39	8.86152e-39	6.1248e-38	4.0889e-37	2.63404e-36	1.63564e-35	9.77968e-35	5.6237e-34	3.1063e-33	1.64595e-32	8.35483e-32	4.05658e-31	1.88104e-30	8.31617e-30	3.4991e-29	1.39852e-28	5.29874e-28	1.89899e-27	6.42255e-27	2.04476e-26	6.11171e-26	1.7101e-25	4.46559e-25	1.08464e-24	2.44167e-24	5.07466e-24	9.69733e-24	1.69639e-23	2.7043e-23	3.91087e-23	5.10896e-23	6.00727e-23	6.34236e-23	6.00727e-23	5.10896e-23	3.91087e-23	2.7043e-23	1.69639e-23	9.69733e-24	5.07466e-24	2.44167e-24	1.08464e-24	4.46559e-25	1.7101e-25	6.11171e-26	2.04476e-26	6.42255e-27	1.89899e-27	5.29874e-28	1.39852e-28	3.4991e-29	8.31617e-30	1.88104e-30	4.05658e-31	8.35483e-32	1.64595e-32	3.1063e-33	5.6237e-34	9.77968e-35	1.63564e-35	2.63404e-36	4.0889e-37	6.1248e-38	8.86152e-39	1.23954e-39	1.67779e-40	2.19938e-41	2.79446e-42	3.44404e-43	4.12595e-44	5.3283e-45	5.3283e-45	
5.04088e-45	5.04088e-45	4.01647e-44	3.44397e-43	2.87223e-42	2.32522e-41	1.8259e-40	1.38971e-39	1.02439e-38	7.30676e-38	5.03878e-37	3.35628e-36	2.15722e-35	1.33654e-34	7.97329e-34	4.57463e-33	2.52115e-32	1.33288e-31	6.75044e-31	3.27019e-30	1.51296e-29	6.67369e-29	2.80163e-28	1.1172e-27	4.22321e-27	1.51007e-26	5.09549e-26	1.61855e-25	4.82676e-25	1.34751e-24	3.51092e-24	8.50906e-24	1.91148e-23	3.9648e-23	7.56241e-23	1.3207e-22	2.10235e-22	3.03676e-22	3.96359e-22	4.65799e-22	4.91693e-22	4.65799e-22	3.96359e-22	3.03676e-22	2.10235e-22	1.3207e-22	7.56241e-23	3.9648e-23	1.91148e-23	8.50906e-24	3.51092e-24	1.34751e-24	4.82676e-25	1.61855e-25	5.09549e-26	1.51007e-26	4.22321e-27	1.1172e-27	2.80163e-28	6.67369e-29	1.51296e-29	3.27019e-30	6.75044e-31	1.33288e-31	2.52115e-32	4.57463e-33	7.97329e-34	1.33654e-34	2.15722e-35	3.35628e-36	5.03878e-37	7.30676e-38	1.02439e-38	1.38971e-39	1.8259e-40	2.32523e-41	2.87228e-42	3.44892e-43	4.46521e-44	4.46521e-44	
4.10995e-44	4.10995e-44	3.2665e-43	2.79446e-42	2.32522e-41	1.87811e-40	1.47145e-39	1.1174e-38	8.21792e-38	5.84847e-37	4.02404e-36	2.67434e-35	1.71504e-34	1.06019e-33	6.31053e-33	3.61251e-32	1.98644e-31	1.04784e-30	5.2949e-30	2.55929e-29	1.1814e-28	5.19939e-28	2.17777e-27	8.66456e-27	3.26789e-26	1.16582e-25	3.92489e-25	1.24387e-24	3.70097e-24	1.03089e-23	2.67999e-23	6.48109e-23	1.45285e-22	3.0075e-22	5.72582e-22	9.98283e-22	1.5868e-21	2.28935e-21	2.98545e-21	3.50659e-21	3.70085e-21	3.50659e-21	2.98545e-21	2.28935e-21	1.5868e-21	9.98283e-22	5.72582e-22	3.0075e-22	1.45285e-22	6.48109e-23	2.67999e-23	1.03089e-23	3.70097e-24	1.24387e-24	3.92489e-25	1.16582e-25	3.26789e-26	8.66456e-27	2.17777e-27	5.19939e-28	1.1814e-28	2.55929e-29	5.2949e-30	1.04784e-30	1.98644e-31	3.61251e-32	6.31053e-33	1.06019e-33	1.71504e-34	2.67434e-35	4.02404e-36	5.84847e-37	8.21792e-38	1.1174e-38	1.47145e-39	1.87811e-40	2.32527e-41	2.7985e-42	3.63226e-43	3.63226e-43	
3.25032e-43	3.25032e-43	2.57681e-42	2.19938e-41	1.8259e-40	1.47145e-39	1.15023e-38	8.71493e-38	6.39494e-37	4.54085e-36	3.11731e-35	2.06709e-34	1.32265e-33	8.15794e-33	4.84494e-32	2.76733e-31	1.51829e-30	7.99102e-30	4.02896e-29	1.94304e-28	8.94913e-28	3.92971e-27	1.64226e-26	6.51917e-26	2.45317e-25	8.73182e-25	2.933e-24	9.27406e-24	2.75312e-23	7.65144e-23	1.98471e-22	4.78926e-22	1.07134e-21	2.21332e-21	4.20598e-21	7.32071e-21	1.16196e-20	1.67442e-20	2.18162e-20	2.56106e-20	2.70244e-20	2.56106e-20	2.18162e-20	1.67442e-20	1.16196e-20	7.32071e-21	4.20598e-21	2.21332e-21	1.07134e-21	4.78926e-22	1.98471e-22	7.65144e-23	2.75312e-23	9.27406e-24	2.933e-24	8.73182e-25	2.45317e-25	6.51917e-26	1.64226e-26	3.92971e-27	8.94913e-28	1.94304e-28	4.02896e-29	7.99102e-30	1.51829e-30	2.76733e-31	4.84494e-32	8.15794e-33	1.32265e-33	2.06709e-34	3.11731e-35	4.54085e-36	6.39494e-37	8.71493e-38	1.15023e-38	1.47145e-39	1.82594e-40	2.20258e-41	2.86598e-42	2.86598e-42	
2.49142e-42	2.49142e-42	1.97021e-41	1.67779e-40	1.38971e-39	1.1174e-38	8.71493e-38	6.58813e-37	4.82344e-36	3.41728e-35	2.34072e-34	1.54866e-33	9.88709e-33	6.08465e-32	3.60558e-31	2.05484e-30	1.12488e-29	5.90724e-29	2.97171e-28	1.42997e-27	6.57135e-27	2.87913e-26	1.20051e-25	4.75488e-25	1.78523e-24	6.33999e-24	2.12476e-23	6.70323e-23	1.98545e-22	5.50554e-22	1.42492e-21	3.43098e-21	7.65888e-21	1.57911e-20	2.9952e-20	5.20453e-20	8.24869e-20	1.18725e-19	1.54553e-19	1.81335e-19	1.91311e-19	1.81335e-19	1.54553e-19	1.18725e-19	8.24869e-20	5.20453e-20	2.9952e-20	1.57911e-20	7.65888e-21	3.43098e-21	1.42492e-21	5.50554e-22	1.98545e-22	6.70323e-23	2.12476e-23	6.33999e-24	1.78523e-24	4.75488e-25	1.20051e-25	2.87913e-26	6.57135e-27	1.42997e-27	2.97171e-28	5.90724e-29	1.12488e-29	2.05484e-30	3.60558e-31	6.08465e-32	9.88709e-33	1.54866e-33	2.34072e-34	3.41728e-35	4.82344e-36	6.58813e-37	8.71493e-38	1.1174e-38	1.38974e-39	1.68025e-40	2.19181e-41	2.19181e-41	
1.84949e-41	1.84949e-41	1.45892e-40	1.23954e-39	1.02439e-38	8.21792e-38	6.39494e-37	4.82344e-36	3.52351e-35	2.49072e-34	1.70224e-33	1.12372e-32	7.15819e-32	4.39545e-31	2.59883e-30	1.4778e-29	8.07197e-29	4.22955e-28	2.12301e-27	1.01931e-26	4.67379e-26	2.04319e-25	8.50047e-25	3.35926e-24	1.25841e-23	4.45902e-23	1.49101e-22	4.69326e-22	1.38698e-21	3.83743e-21	9.90993e-21	2.38098e-20	5.30386e-20	1.09136e-19	2.06621e-19	3.58426e-19	5.67244e-19	8.15478e-19	1.06063e-18	1.24376e-18	1.31194e-18	1.24376e-18	1.06063e-18	8.15478e-19	5.67244e-19	3.58426e-19	2.06621e-19	1.09136e-19	5.30386e-20	2.38098e-20	9.90993e-21	3.83743e-21	1.38698e-21	4.69326e-22	1.49101e-22	4.45902e-23	1.25841e-23	3.35926e-24	8.50047e-25	2.04319e-25	4.67379e-26	1.01931e-26	2.12301e-27	4.22955e-28	8.07197e-29	1.4778e-29	2.59883e-30	4.39545e-31	7.15819e-32	1.12372e-32	1.70224e-33	2.49072e-34	3.52351e-35	4.82344e-36	6.39494e-37	8.21793e-38	1.02441e-38	1.24137e-39	1.62337e-40	1.62337e-40	
1.32854e-40	1.32854e-40	1.04537e-39	8.86152e-39	7.30676e-38	5.84847e-37	4.54085e-36	3.41728e-35	2.49072e-34	1.75673e-33	1.19793e-32	7.89042e-32	5.01511e-31	3.07268e-30	1.81271e-29	1.02851e-28	5.60545e-28	2.93066e-27	1.46779e-26	7.03167e-26	3.21706e-25	1.40325e-24	5.82513e-24	2.29688e-23	8.58519e-23	3.03524e-22	1.01265e-21	3.18039e-21	9.37783e-21	2.58883e-20	6.67079e-20	1.59928e-19	3.55509e-19	7.30065e-19	1.37962e-18	2.3892e-18	3.77564e-18	5.42147e-18	7.0451e-18	8.25705e-18	8.70812e-18	8.25705e-18	7.0451e-18	5.42147e-18	3.77564e-18	2.3892e-18	1.37962e-18	7.30065e-19	3.55509e-19	1.59928e-19	6.67079e-20	2.58883e-20	9.37783e-21	3.18039e-21	1.01265e-21	3.03524e-22	8.58519e-23	2.29688e-23	5.82513e-24	1.40325e-24	3.21706e-25	7.03167e-26	1.46779e-26	2.93066e-27	5.60545e-28	1.02851e-28	1.81271e-29	3.07268e-30	5.01511e-31	7.89042e-32	1.19793e-32	1.75673e-33	2.49072e-34	3.41728e-35	4.54085e-36	5.84847e-37	7.30691e-38	8.87468e-39	1.16346e-39	1.16346e-39	
9.22639e-40	9.22639e-40	7.24172e-39	6.1248e-38	5.03878e-37	4.02404e-36	3.11731e-35	2.34072e-34	1.70224e-33	1.19793e-32	8.15064e-32	5.35669e-31	3.39715e-30	2.07678e-29	1.22249e-28	6.92095e-28	3.76368e-27	1.96342e-26	9.81197e-26	4.69024e-25	2.14112e-24	9.31879e-24	3.85985e-23	1.5186e-22	5.66357e-22	1.99787e-21	6.65071e-21	2.0841e-20	6.13159e-20	1.68893e-19	4.34243e-19	1.03883e-18	2.30444e-18	4.72293e-18	8.90846e-18	1.54017e-17	2.43038e-17	3.48567e-17	4.5256e-17	5.30128e-17	5.58987e-17	5.30128e-17	4.5256e-17	3.48567e-17	2.43038e-17	1.54017e-17	8.90846e-18	4.72293e-18	2.30444e-18	1.03883e-18	4.34243e-19	1.68893e-19	6.13159e-20	2.0841e-20	6.65071e-21	1.99787e-21	5.66357e-22	1.5186e-22	3.85985e-23	9.31879e-24	2.14112e-24	4.69024e-25	9.81197e-26	1.96342e-26	3.76368e-27	6.92095e-28	1.22249e-28	2.07678e-29	3.39715e-30	5.35669e-31	8.15064e-32	1.19793e-32	1.70224e-33	2.34072e-34	3.11731e-35	4.02404e-36	5.03888e-37	6.13396e-38	8.06164e-39	8.06164e-39	
6.18896e-39	6.18896e-39	4.84557e-38	4.0889e-37	3.35628e-36	2.67434e-35	2.06709e-34	1.54866e-33	1.12372e-32	7.89042e-32	5.35669e-31	3.51268e-30	2.22279e-29	1.35587e-28	7.96372e-28	4.49866e-27	2.44106e-26	1.27066e-25	6.33609e-25	3.02211e-24	1.37659e-23	5.97824e-23	2.47077e-22	9.69952e-22	3.60945e-21	1.27045e-20	4.21987e-20	1.31943e-19	3.87331e-19	1.06455e-18	2.73111e-18	6.51963e-18	1.44325e-17	2.95207e-17	5.55794e-17	9.59294e-17	1.51157e-16	2.16535e-16	2.80892e-16	3.28861e-16	3.46701e-16	3.28861e-16	2.80892e-16	2.16535e-16	1.51157e-16	9.59294e-17	5.55794e-17	2.95207e-17	1.44325e-17	6.51963e-18	2.73111e-18	1.06455e-18	3.87331e-19	1.31943e-19	4.21987e-20	1.27045e-20	3.60945e-21	9.69952e-22	2.47077e-22	5.97824e-23	1.37659e-23	3.02211e-24	6.33609e-25	1.27066e-25	2.44106e-26	4.49866e-27	7.96372e-28	1.35587e-28	2.22279e-29	3.51268e-30	5.35669e-31	7.89042e-32	1.12372e-32	1.54866e-33	2.06709e-34	2.67434e-35	3.35635e-36	4.09505e-37	5.39541e-38	5.39541e-38	
4.00594e-38	4.00594e-38	3.1286e-37	2.63404e-36	2.15722e-35	1.71504e-34	1.32265e-33	9.88709e-33	7.15819e-32	5.01511e-31	3.39715e-30	2.22279e-29	1.40346e-28	8.54211e-28	5.00624e-27	2.82182e-26	1.52784e-25	7.93562e-25	3.94847e-24	1.8792e-23	8.5413e-23	3.70124e-22	1.52637e-21	5.97904e-21	2.2201e-20	7.79724e-20	2.58421e-19	8.06239e-19	2.3616e-18	6.47652e-18	1.65797e-17	3.94946e-17	8.72488e-17	1.7811e-16	3.34716e-16	5.76755e-16	9.07488e-16	1.29847e-15	1.68294e-15	1.9693e-15	2.07576e-15	1.9693e-15	1.68294e-15	1.29847e-15	9.07488e-16	5.76755e-16	3.34716e-16	1.7811e-16	8.72488e-17	3.94946e-17	1.65797e-17	6.47652e-18	2.3616e-18	8.06239e-19	2.58421e-19	7.79724e-20	2.2201e-20	5.97904e-21	1.52637e-21	3.70124e-22	8.5413e-23	1.8792e-23	3.94847e-24	7.93562e-25	1.52784e-25	2.82182e-26	5.00624e-27	8.54211e-28	1.40346e-28	2.22279e-29	3.39715e-30	5.01511e-31	7.15819e-32	9.88709e-33	1.32265e-33	1.71504e-34	2.15726e-35	2.63804e-36	3.48439e-37	3.48439e-37	
2.49942e-37	2.49942e-37	1.94716e-36	1.63564e-35	1.33654e-34	1.06019e-33	8.15794e-33	6.08465e-32	4.39545e-31	3.07268e-30	2.07678e-29	1.35587e-28	8.54211e-28	5.18775e-27	3.03374e-26	1.70628e-25	9.21837e-25	4.77766e-24	2.37205e-23	1.12649e-22	5.10907e-22	2.20916e-21	9.09081e-21	3.55332e-20	1.31655e-19	4.61384e-19	1.52583e-18	4.75005e-18	1.38835e-17	3.79922e-17	9.7051e-17	2.30699e-16	5.08605e-16	1.03624e-15	1.94382e-15	3.34389e-15	5.25388e-15	7.50871e-15	9.72365e-15	1.13722e-14	1.19849e-14	1.13722e-14	9.72365e-15	7.50871e-15	5.25388e-15	3.34389e-15	1.94382e-15	1.03624e-15	5.08605e-16	2.30699e-16	9.7051e-17	3.79922e-17	1.38835e-17	4.75005e-18	1.52583e-18	4.61384e-19	1.31655e-19	3.55332e-20	9.09081e-21	2.20916e-21	5.10907e-22	1.12649e-22	2.37205e-23	4.77766e-24	9.21837e-25	1.70628e-25	3.03374e-26	5.18775e-27	8.54211e-28	1.35587e-28	2.07678e-29	3.07268e-30	4.39545e-31	6.08465e-32	8.15794e-33	1.06019e-33	1.33656e-34	1.63814e-35	2.16909e-36	2.16909e-36	
1.50156e-36	1.50156e-36	1.16688e-35	9.77968e-35	7.97329e-34	6.31053e-33	4.84494e-32	3.60558e-31	2.59883e-30	1.81271e-29	1.22249e-28	7.96372e-28	5.00624e-27	3.03374e-26	1.77024e-25	9.93484e-25	5.35582e-24	2.76981e-23	1.37222e-22	6.50274e-22	2.94292e-21	1.26979e-20	5.21408e-20	2.03367e-19	7.51883e-19	2.62933e-18	8.67675e-18	2.69536e-17	7.86112e-17	2.14661e-16	5.47193e-16	1.29803e-15	2.85587e-15	5.80736e-15	1.0874e-14	1.86756e-14	2.93014e-14	4.18287e-14	5.41218e-14	6.32653e-14	6.66623e-14	6.32653e-14	5.41218e-14	4.18287e-14	2.93014e-14	1.86756e-14	1.0874e-14	5.80736e-15	2.85587e-15	1.29803e-15	5.47193e-16	2.14661e-16	7.86112e-17	2.69536e-17	8.67675e-18	2.62933e-18	7.51883e-19	2.03367e-19	5.21408e-20	1.26979e-20	2.94292e-21	6.50274e-22	1.37222e-22	2.76981e-23	5.35582e-24	9.93484e-25	1.77024e-25	3.03374e-26	5.00624e-27	7.96372e-28	1.22249e-28	1.81271e-29	2.59883e-30	3.60558e-31	4.84494e-32	6.31053e-33	7.97345e-34	9.7947e-35	1.30016e-35	1.30016e-35	
8.67578e-36	8.67578e-36	6.72525e-35	5.6237e-34	4.57463e-33	3.61251e-32	2.76733e-31	2.05484e-30	1.4778e-29	1.02851e-28	6.92095e-28	4.49866e-27	2.82182e-26	1.70628e-25	9.93484e-25	5.56355e-24	2.99283e-23	1.54445e-22	7.63516e-22	3.61047e-21	1.6305e-20	7.02026e-20	2.87658e-19	1.11959e-18	4.13056e-18	1.4414e-17	4.74652e-17	1.47135e-16	4.28218e-16	1.16687e-15	2.96826e-15	7.02675e-15	1.54292e-14	3.13152e-14	5.85316e-14	1.00364e-13	1.57248e-13	2.24223e-13	2.8988e-13	3.38683e-13	3.56808e-13	3.38683e-13	2.8988e-13	2.24223e-13	1.57248e-13	1.00364e-13	5.85316e-14	3.13152e-14	1.54292e-14	7.02675e-15	2.96826e-15	1.16687e-15	4.28218e-16	1.47135e-16	4.74652e-17	1.4414e-17	4.13056e-18	1.11959e-18	2.87658e-19	7.02026e-20	1.6305e-20	3.61047e-21	7.63516e-22	1.54445e-22	2.99283e-23	5.56355e-24	9.93484e-25	1.70628e-25	2.82182e-26	4.49866e-27	6.92095e-28	1.02851e-28	1.4778e-29	2.05484e-30	2.76733e-31	3.61251e-32	4.57472e-33	5.6324e-34	7.49514e-35	7.49514e-35	
4.81503e-35	4.81503e-35	3.7232e-34	3.1063e-33	2.52115e-32	1.98644e-31	1.51829e-30	1.12488e-29	8.07197e-29	5.60545e-28	3.76368e-27	2.44106e-26	1.52784e-25	9.21837e-25	5.35582e-24	2.99283e-23	1.6065e-22	8.27265e-22	4.08098e-21	1.92571e-20	8.67822e-20	3.72862e-19	1.52462e-18	5.9215e-18	2.18009e-17	7.59173e-17	2.49474e-16	7.71722e-16	2.24135e-15	6.0949e-15	1.54724e-14	3.65542e-14	8.01082e-14	1.62284e-13	3.02796e-13	5.18381e-13	8.11079e-13	1.15526e-12	1.49234e-12	1.74273e-12	1.8357e-12	1.74273e-12	1.49234e-12	1.15526e-12	8.11079e-13	5.18381e-13	3.02796e-13	1.62284e-13	8.01082e-14	3.65542e-14	1.54724e-14	6.0949e-15	2.24135e-15	7.71722e-16	2.49474e-16	7.59173e-17	2.18009e-17	5.9215e-18	1.52462e-18	3.72862e-19	8.67822e-20	1.92571e-20	4.08098e-21	8.27265e-22	1.6065e-22	2.99283e-23	5.35582e-24	9.21837e-25	1.52784e-25	2.44106e-26	3.76368e-27	5.60545e-28	8.07197e-29	1.12488e-29	1.51829e-30	1.98644e-31	2.5212e-32	3.11114e-33	4.15036e-34	4.15036e-34	
2.56356e-34	2.56356e-34	1.97732e-33	1.64595e-32	1.33288e-31	1.04784e-30	7.99102e-30	5.90724e-29	4.22955e-28	2.93066e-27	1.96342e-26	1.27066e-25	7.93562e-25	4.77766e-24	2.76981e-23	1.54445e-22	8.27265e-22	4.25096e-21	2.09261e-20	9.85374e-20	4.43131e-19	1.89996e-18	7.75272e-18	3.00488e-17	1.10401e-16	3.83661e-16	1.25818e-15	3.88408e-15	1.12578e-14	3.05515e-14	7.74025e-14	1.82507e-13	3.99198e-13	8.07221e-13	1.50358e-12	2.57013e-12	4.01598e-12	5.71403e-12	7.37551e-12	8.60898e-12	9.06682e-12	8.60898e-12	7.37551e-12	5.71403e-12	4.01598e-12	2.57013e-12	1.50358e-12	8.07221e-13	3.99198e-13	1.82507e-13	7.74025e-14	3.05515e-14	1.12578e-14	3.88408e-15	1.25818e-15	3.83661e-16	1.10401e-16	3.00488e-17	7.75272e-18	1.89996e-18	4.43131e-19	9.85374e-20	2.09261e-20	4.25096e-21	8.27265e-22	1.54445e-22	2.76981e-23	4.77766e-24	7.93562e-25	1.27066e-25	1.96342e-26	2.93066e-27	4.22955e-28	5.90724e-29	7.99102e-30	1.04784e-30	1.33291e-31	1.64853e-32	2.20468e-33	2.20468e-33	
1.30748e-33	1.30748e-33	1.00597e-32	8.35483e-32	6.75044e-31	5.2949e-30	4.02896e-29	2.97171e-28	2.12301e-27	1.46779e-26	9.81197e-26	6.33609e-25	3.94847e-24	2.37205e-23	1.37222e-22	7.63516e-22	4.08098e-21	2.09261e-20	1.02797e-19	4.83041e-19	2.16777e-18	9.27534e-18	3.77702e-17	1.46095e-16	5.35674e-16	1.85779e-15	6.08022e-15	1.87326e-14	5.41875e-14	1.46765e-13	3.71108e-13	8.73362e-13	1.90677e-12	3.84886e-12	7.15727e-12	1.2216e-11	1.90638e-11	2.70965e-11	3.49495e-11	4.07763e-11	4.29386e-11	4.07763e-11	3.49495e-11	2.70965e-11	1.90638e-11	1.2216e-11	7.15727e-12	3.84886e-12	1.90677e-12	8.73362e-13	3.71108e-13	1.46765e-13	5.41875e-14	1.87326e-14	6.08022e-15	1.85779e-15	5.35674e-16	1.46095e-16	3.77702e-17	9.27534e-18	2.16777e-18	4.83041e-19	1.02797e-19	2.09261e-20	4.08098e-21	7.63516e-22	1.37222e-22	2.37205e-23	3.94847e-24	6.33609e-25	9.81197e-26	1.46779e-26	2.12301e-27	2.97171e-28	4.02896e-29	5.2949e-30	6.75059e-31	8.36802e-32	1.1219e-32	1.1219e-32	
6.37875e-33	6.37875e-33	4.89552e-32	4.05658e-31	3.27019e-30	2.55929e-29	1.94304e-28	1.42997e-27	1.01931e-26	7.03167e-26	4.69024e-25	3.02211e-24	1.8792e-23	1.12649e-22	6.50274e-22	3.61047e-21	1.92571e-20	9.85374e-20	4.83041e-19	2.26511e-18	1.01444e-17	4.33168e-17	1.76034e-16	6.79533e-16	2.48662e-15	8.60692e-15	2.81137e-14	8.6447e-14	2.49582e-13	6.74694e-13	1.70282e-12	4.00002e-12	8.71746e-12	1.75665e-11	3.26146e-11	5.5587e-11	8.66413e-11	1.23029e-10	1.58575e-10	1.84936e-10	1.94717e-10	1.84936e-10	1.58575e-10	1.23029e-10	8.66413e-11	5.5587e-11	3.26146e-11	1.75665e-11	8.71746e-12	4.00002e-12	1.70282e-12	6.74694e-13	2.49582e-13	8.6447e-14	2.81137e-14	8.60692e-15	2.48662e-15	6.79533e-16	1.76034e-16	4.33168e-17	1.01444e-17	2.26511e-18	4.83041e-19	9.85374e-20	1.92571e-20	3.61047e-21	6.50274e-22	1.12649e-22	1.8792e-23	3.02211e-24	4.69024e-25	7.03167e-26	1.01931e-26	1.42997e-27	1.94304e-28	2.55929e-29	3.27026e-30	4.06303e-31	5.46091e-32	5.46091e-32	
2.97204e-32	2.97204e-32	2.27525e-31	1.88104e-30	1.51296e-29	1.1814e-28	8.94913e-28	6.57135e-27	4.67379e-26	3.21706e-25	2.14112e-24	1.37659e-23	8.5413e-23	5.10907e-22	2.94292e-21	1.6305e-20	8.67822e-20	4.43131e-19	2.16777e-18	1.01444e-17	4.53396e-17	1.93211e-16	7.8362e-16	3.01899e-15	1.10259e-14	3.80901e-14	1.2418e-13	3.81123e-13	1.0983e-12	2.96358e-12	7.46609e-12	1.75075e-11	3.80903e-11	7.66315e-11	1.42064e-10	2.41804e-10	3.76461e-10	5.34089e-10	6.87961e-10	8.02034e-10	8.44349e-10	8.02034e-10	6.87961e-10	5.34089e-10	3.76461e-10	2.41804e-10	1.42064e-10	7.66315e-11	3.80903e-11	1.75075e-11	7.46609e-12	2.96358e-12	1.0983e-12	3.81123e-13	1.2418e-13	3.80901e-14	1.10259e-14	3.01899e-15	7.8362e-16	1.93211e-16	4.53396e-17	1.01444e-17	2.16777e-18	4.43131e-19	8.67822e-20	1.6305e-20	2.94292e-21	5.10907e-22	8.5413e-23	1.37659e-23	2.14112e-24	3.21706e-25	4.67379e-26	6.57135e-27	8.94913e-28	1.1814e-28	1.51299e-29	1.88405e-30	2.53861e-31	2.53861e-31	
1.32027e-31	1.32027e-31	1.0082e-30	8.31617e-30	6.67369e-29	5.19939e-28	3.92971e-27	2.87913e-26	2.04319e-25	1.40325e-24	9.31879e-24	5.97824e-23	3.70124e-22	2.20916e-21	1.26979e-20	7.02026e-20	3.72862e-19	1.89996e-18	9.27534e-18	4.33168e-17	1.93211e-16	8.21716e-16	3.32615e-15	1.27896e-14	4.66208e-14	1.60754e-13	5.23117e-13	1.60259e-12	4.60999e-12	1.24176e-11	3.123e-11	7.31109e-11	1.58811e-10	3.19022e-10	5.90601e-10	1.00401e-09	1.56151e-09	2.21355e-09	2.8497e-09	3.32118e-09	3.49606e-09	3.32118e-09	2.8497e-09	2.21355e-09	1.56151e-09	1.00401e-09	5.90601e-10	3.19022e-10	1.58811e-10	7.31109e-11	3.123e-11	1.24176e-11	4.60999e-12	1.60259e-12	5.23117e-13	1.60754e-13	4.66208e-14	1.27896e-14	3.32615e-15	8.21716e-16	1.93211e-16	4.33168e-17	9.27534e-18	1.89996e-18	3.72862e-19	7.02026e-20	1.26979e-20	2.20916e-21	3.70124e-22	5.97824e-23	9.31879e-24	1.40325e-24	2.04319e-25	2.87913e-26	3.92971e-27	5.19939e-28	6.67384e-29	8.32957e-30	1.12516e-30	1.12516e-30	
5.58197e-31	5.58197e-31	4.25185e-30	3.4991e-29	2.80163e-28	2.17777e-27	1.64226e-26	1.20051e-25	8.50047e-25	5.82513e-24	3.85985e-23	2.47077e-22	1.52637e-21	9.09081e-21	5.21408e-20	2.87658e-19	1.52462e-18	7.75272e-18	3.77702e-17	1.76034e-16	7.8362e-16	3.32615e-15	1.34376e-14	5.15721e-14	1.87642e-13	6.45832e-13	2.09789e-12	6.41578e-12	1.84243e-11	4.95463e-11	1.2441e-10	2.90802e-10	6.30755e-10	1.26534e-09	2.33957e-09	3.97288e-09	6.17332e-09	8.74513e-09	1.12533e-08	1.3112e-08	1.38014e-08	1.3112e-08	1.12533e-08	8.74513e-09	6.17332e-09	3.97288e-09	2.33957e-09	1.26534e-09	6.30755e-10	2.90802e-10	1.2441e-10	4.95463e-11	1.84243e-11	6.41578e-12	2.09789e-12	6.45832e-13	1.87642e-13	5.15721e-14	1.34376e-14	3.32615e-15	7.8362e-16	1.76034e-16	3.77702e-17	7.75272e-18	1.52462e-18	2.87658e-19	5.21408e-20	9.09081e-21	1.52637e-21	2.47077e-22	3.85985e-23	5.82513e-24	8.50047e-25	1.20051e-25	1.64226e-26	2.17777e-27	2.80169e-28	3.50478e-29	4.74618e-30	4.74618e-30	
2.24179e-30	2.24179e-30	1.70329e-29	1.39852e-28	1.1172e-27	8.66456e-27	6.51917e-26	4.75488e-25	3.35926e-24	2.29688e-23	1.5186e-22	9.69952e-22	5.97904e-21	3.55332e-20	2.03367e-19	1.11959e-18	5.9215e-18	3.00488e-17	1.46095e-16	6.79533e-16	3.01899e-15	1.27896e-14	5.15721e-14	1.97561e-13	7.17514e-13	2.46523e-12	7.99427e-12	2.44078e-11	6.99807e-11	1.87903e-10	4.71131e-10	1.09972e-09	2.38222e-09	4.77315e-09	8.81596e-09	1.49568e-08	2.32238e-08	3.28815e-08	4.22988e-08	4.9278e-08	5.18671e-08	4.9278e-08	4.22988e-08	3.28815e-08	2.32238e-08	1.49568e-08	8.81596e-09	4.77315e-09	2.38222e-09	1.09972e-09	4.71131e-10	1.87903e-10	6.99807e-11	2.44078e-11	7.99427e-12	2.46523e-12	7.17514e-13	1.97561e-13	5.15721e-14	1.27896e-14	3.01899e-15	6.79533e-16	1.46095e-16	3.00488e-17	5.9215e-18	1.11959e-18	2.03367e-19	3.55332e-20	5.97904e-21	9.69952e-22	1.5186e-22	2.29688e-23	3.35926e-24	4.75488e-25	6.51917e-26	8.66456e-27	1.11723e-27	1.4008e-28	1.90176e-29	1.90176e-29	
8.53491e-30	8.53491e-30	6.46836e-29	5.29874e-28	4.22321e-27	3.26789e-26	2.45317e-25	1.78523e-24	1.25841e-23	8.58519e-23	5.66357e-22	3.60945e-21	2.2201e-20	1.31655e-19	7.51883e-19	4.13056e-18	2.18009e-17	1.10401e-16	5.35674e-16	2.48662e-15	1.10259e-14	4.66208e-14	1.87642e-13	7.17514e-13	2.60135e-12	8.92263e-12	2.88875e-11	8.80618e-11	2.52114e-10	6.76005e-10	1.69275e-09	3.94646e-09	8.53938e-09	1.70931e-08	3.15438e-08	5.34785e-08	8.29943e-08	1.1747e-07	1.51092e-07	1.76018e-07	1.85268e-07	1.76018e-07	1.51092e-07	1.1747e-07	8.29943e-08	5.34785e-08	3.15438e-08	1.70931e-08	8.53938e-09	3.94646e-09	1.69275e-09	6.76005e-10	2.52114e-10	8.80618e-11	2.88875e-11	8.92263e-12	2.60135e-12	7.17514e-13	1.87642e-13	4.66208e-14	1.10259e-14	2.48662e-15	5.35674e-16	1.10401e-16	2.18009e-17	4.13056e-18	7.51883e-19	1.31655e-19	2.2201e-20	3.60945e-21	5.66357e-22	8.58519e-23	1.25841e-23	1.78523e-24	2.45317e-25	3.2679e-26	4.22331e-27	5.30745e-28	7.22375e-29	7.22375e-29	
3.07364e-29	3.07364e-29	2.32353e-28	1.89899e-27	1.51007e-26	1.16582e-25	8.73182e-25	6.33999e-24	4.45902e-23	3.03524e-22	1.99787e-21	1.27045e-20	7.79724e-20	4.61384e-19	2.62933e-18	1.4414e-17	7.59173e-17	3.83661e-16	1.85779e-15	8.60692e-15	3.80901e-14	1.60754e-13	6.45832e-13	2.46523e-12	8.92263e-12	3.05553e-11	9.87738e-11	3.00674e-10	8.59661e-10	2.30222e-09	5.75844e-09	1.34119e-08	2.89957e-08	5.79978e-08	1.06968e-07	1.81275e-07	2.81258e-07	3.98067e-07	5.12044e-07	5.96602e-07	6.28002e-07	5.96602e-07	5.12044e-07	3.98067e-07	2.81258e-07	1.81275e-07	1.06968e-07	5.79978e-08	2.89957e-08	1.34119e-08	5.75844e-09	2.30222e-09	8.59661e-10	3.00674e-10	9.87738e-11	3.05553e-11	8.92263e-12	2.46523e-12	6.45832e-13	1.60754e-13	3.80901e-14	8.60692e-15	1.85779e-15	3.83661e-16	7.59173e-17	1.4414e-17	2.62933e-18	4.61384e-19	7.79724e-20	1.27045e-20	1.99787e-21	3.03524e-22	4.45902e-23	6.33999e-24	8.73182e-25	1.16582e-25	1.51011e-26	1.90214e-27	2.59548e-28	2.59548e-28	
1.04458e-28	1.04458e-28	7.87654e-28	6.42255e-27	5.09549e-26	3.92489e-25	2.933e-24	2.12476e-23	1.49101e-22	1.01265e-21	6.65071e-21	4.21987e-20	2.58421e-19	1.52583e-18	8.67675e-18	4.74652e-17	2.49474e-16	1.25818e-15	6.08022e-15	2.81137e-14	1.2418e-13	5.23117e-13	2.09789e-12	7.99427e-12	2.88875e-11	9.87738e-11	3.18845e-10	9.69322e-10	2.76814e-09	7.40555e-09	1.85067e-08	4.3072e-08	9.30658e-08	1.86078e-07	3.43112e-07	5.81432e-07	9.02231e-07	1.2773e-06	1.64365e-06	1.91578e-06	2.01693e-06	1.91578e-06	1.64365e-06	1.2773e-06	9.02231e-07	5.81432e-07	3.43112e-07	1.86078e-07	9.30658e-08	4.3072e-08	1.85067e-08	7.40555e-09	2.76814e-09	9.69322e-10	3.18845e-10	9.87738e-11	2.88875e-11	7.99427e-12	2.09789e-12	5.23117e-13	1.2418e-13	2.81137e-14	6.08022e-15	1.25818e-15	2.49474e-16	4.74652e-17	8.67675e-18	1.52583e-18	2.58421e-19	4.21987e-20	6.65071e-21	1.01265e-21	1.49101e-22	2.12476e-23	2.933e-24	3.92489e-25	5.09561e-26	6.43326e-27	8.80049e-28	8.80049e-28	
3.34177e-28	3.34177e-28	2.51346e-27	2.04476e-26	1.61855e-25	1.24387e-24	9.27406e-24	6.70323e-23	4.69326e-22	3.18039e-21	2.0841e-20	1.31943e-19	8.06239e-19	4.75005e-18	2.69536e-17	1.47135e-16	7.71722e-16	3.88408e-15	1.87326e-14	8.6447e-14	3.81123e-13	1.60259e-12	6.41578e-12	2.44078e-11	8.80618e-11	3.00674e-10	9.69322e-10	2.94343e-09	8.39734e-09	2.24468e-08	5.60601e-08	1.30418e-07	2.81734e-07	5.63304e-07	1.03891e-06	1.76124e-06	2.73459e-06	3.8742e-06	4.98929e-06	5.81918e-06	6.12818e-06	5.81918e-06	4.98929e-06	3.8742e-06	2.73459e-06	1.76124e-06	1.03891e-06	5.63304e-07	2.81734e-07	1.30418e-07	5.60601e-08	2.24468e-08	8.39734e-09	2.94343e-09	9.69322e-10	3.00674e-10	8.80618e-11	2.44078e-11	6.41578e-12	1.60259e-12	3.81123e-13	8.6447e-14	1.87326e-14	3.88408e-15	7.71722e-16	1.47135e-16	2.69536e-17	4.75005e-18	8.06239e-19	1.31943e-19	2.0841e-20	3.18039e-21	4.69326e-22	6.70323e-23	9.27406e-24	1.24387e-24	1.61859e-25	2.04819e-26	2.80895e-27	2.80895e-27	
1.00366e-27	1.00366e-27	7.52991e-27	6.11171e-26	4.82676e-25	3.70097e-24	2.75312e-23	1.98545e-22	1.38698e-21	9.37783e-21	6.13159e-20	3.87331e-19	2.3616e-18	1.38835e-17	7.86112e-17	4.28218e-16	2.24135e-15	1.12578e-14	5.41875e-14	2.49582e-13	1.0983e-12	4.60999e-12	1.84243e-11	6.99807e-11	2.52114e-10	8.59661e-10	2.76814e-09	8.39734e-09	2.39378e-08	6.39516e-08	1.59665e-07	3.71423e-07	8.02541e-07	1.60542e-06	2.96316e-06	5.02841e-06	7.81673e-06	1.10888e-05	1.42991e-05	1.66955e-05	1.759e-05	1.66955e-05	1.42991e-05	1.10888e-05	7.81673e-06	5.02841e-06	2.96316e-06	1.60542e-06	8.02541e-07	3.71423e-07	1.59665e-07	6.39516e-08	2.39378e-08	8.39734e-09	2.76814e-09	8.59661e-10	2.52114e-10	6.99807e-11	1.84243e-11	4.60999e-12	1.0983e-12	2.49582e-13	5.41875e-14	1.12578e-14	2.24135e-15	4.28218e-16	7.86112e-17	1.38835e-17	2.3616e-18	3.87331e-19	6.13159e-20	9.37783e-21	1.38698e-21	1.98545e-22	2.75312e-23	3.70098e-24	4.82687e-25	6.12204e-26	8.41714e-27	8.41714e-27	
2.82176e-27	2.82176e-27	2.11173e-26	1.7101e-25	1.34751e-24	1.03089e-23	7.65144e-23	5.50554e-22	3.83743e-21	2.58883e-20	1.68893e-19	1.06455e-18	6.47652e-18	3.79922e-17	2.14661e-16	1.16687e-15	6.0949e-15	3.05515e-14	1.46765e-13	6.74694e-13	2.96358e-12	1.24176e-11	4.95463e-11	1.87903e-10	6.76005e-10	2.30222e-09	7.40555e-09	2.24468e-08	6.39516e-08	1.70803e-07	4.2645e-07	9.92409e-07	2.14591e-06	4.2975e-06	7.94358e-06	1.35039e-05	2.10337e-05	2.99009e-05	3.86352e-05	4.51837e-05	4.76391e-05	4.51837e-05	3.86352e-05	2.99009e-05	2.10337e-05	1.35039e-05	7.94358e-06	4.2975e-06	2.14591e-06	9.92409e-07	4.2645e-07	1.70803e-07	6.39516e-08	2.24468e-08	7.40555e-09	2.30222e-09	6.76005e-10	1.87903e-10	4.95463e-11	1.24176e-11	2.96358e-12	6.74694e-13	1.46765e-13	3.05515e-14	6.0949e-15	1.16687e-15	2.14661e-16	3.79922e-17	6.47652e-18	1.06455e-18	1.68893e-19	2.58883e-20	3.83743e-21	5.50554e-22	7.65144e-23	1.03089e-23	1.34754e-24	1.71301e-25	2.3611e-26	2.3611e-26	
7.40313e-27	7.40313e-27	5.52672e-26	4.46559e-25	3.51092e-24	2.67999e-23	1.98471e-22	1.42492e-21	9.90993e-21	6.67079e-20	4.34243e-19	2.73111e-18	1.65797e-17	9.7051e-17	5.47193e-16	2.96826e-15	1.54724e-14	7.74025e-14	3.71108e-13	1.70282e-12	7.46609e-12	3.123e-11	1.2441e-10	4.71131e-10	1.69275e-09	5.75844e-09	1.85067e-08	5.60601e-08	1.59665e-07	4.2645e-07	1.0652e-06	2.48106e-06	5.37217e-06	1.07786e-05	1.99699e-05	3.40416e-05	5.31837e-05	7.58403e-05	9.82851e-05	0.000115223	0.000121623	0.000115223	9.82851e-05	7.58403e-05	5.31837e-05	3.40416e-05	1.99699e-05	1.07786e-05	5.37217e-06	2.48106e-06	1.0652e-06	4.2645e-07	1.59665e-07	5.60601e-08	1.85067e-08	5.75844e-09	1.69275e-09	4.71131e-10	1.2441e-10	3.123e-11	7.46609e-12	1.70282e-12	3.71108e-13	7.74025e-14	1.54724e-14	2.96826e-15	5.47193e-16	9.7051e-17	1.65797e-17	2.73111e-18	4.34243e-19	6.67079e-20	9.90993e-21	1.42492e-21	1.98471e-22	2.67999e-23	3.511e-24	4.47324e-25	6.18077e-26	6.18077e-26	
1.8064e-26	1.8064e-26	1.34532e-25	1.08464e-24	8.50906e-24	6.48109e-23	4.78926e-22	3.43098e-21	2.38098e-20	1.59928e-19	1.03883e-18	6.51963e-18	3.94946e-17	2.30699e-16	1.29803e-15	7.02675e-15	3.65542e-14	1.82507e-13	8.73362e-13	4.00002e-12	1.75075e-11	7.31109e-11	2.90802e-10	1.09972e-09	3.94646e-09	1.34119e-08	4.3072e-08	1.30418e-07	3.71423e-07	9.92409e-07	2.48106e-06	5.78728e-06	1.25573e-05	2.52643e-05	4.69687e-05	8.03852e-05	0.000126139	0.000180684	0.000235153	0.000276658	0.000292559	0.000276658	0.000235153	0.000180684	0.000126139	8.03852e-05	4.69687e-05	2.52643e-05	1.25573e-05	5.78728e-06	2.48106e-06	9.92409e-07	3.71423e-07	1.30418e-07	4.3072e-08	1.34119e-08	3.94646e-09	1.09972e-09	2.90802e-10	7.31109e-11	1.75075e-11	4.00002e-12	8.73362e-13	1.82507e-13	3.65542e-14	7.02675e-15	1.29803e-15	2.30699e-16	3.94946e-17	6.51963e-18	1.03883e-18	1.59928e-19	2.38098e-20	3.43098e-21	4.78926e-22	6.48109e-23	8.50927e-24	1.08651e-24	1.50486e-25	1.50486e-25	
4.08445e-26	4.08445e-26	3.03489e-25	2.44167e-24	1.91148e-23	1.45285e-22	1.07134e-21	7.65888e-21	5.30386e-20	3.55509e-19	2.30444e-18	1.44325e-17	8.72488e-17	5.08605e-16	2.85587e-15	1.54292e-14	8.01082e-14	3.99198e-13	1.90677e-12	8.71746e-12	3.80903e-11	1.58811e-10	6.30755e-10	2.38222e-09	8.53938e-09	2.89957e-08	9.30658e-08	2.81734e-07	8.02541e-07	2.14591e-06	5.37217e-06	1.25573e-05	2.73266e-05	5.51899e-05	0.000103092	0.000177427	0.000280141	0.000403831	0.000528722	0.000625236	0.000663232	0.000625236	0.000528722	0.000403831	0.000280141	0.000177427	0.000103092	5.51899e-05	2.73266e-05	1.25573e-05	5.37217e-06	2.14591e-06	8.02541e-07	2.81734e-07	9.30658e-08	2.89957e-08	8.53938e-09	2.38222e-09	6.30755e-10	1.58811e-10	3.80903e-11	8.71746e-12	1.90677e-12	3.99198e-13	8.01082e-14	1.54292e-14	2.85587e-15	5.08605e-16	8.72488e-17	1.44325e-17	2.30444e-18	3.55509e-19	5.30386e-20	7.65888e-21	1.07134e-21	1.45285e-22	1.91152e-23	2.4459e-24	3.39554e-25	3.39554e-25	
8.52461e-26	8.52461e-26	6.32024e-25	5.07466e-24	3.9648e-23	3.0075e-22	2.21332e-21	1.57911e-20	1.09136e-19	7.30065e-19	4.72293e-18	2.95207e-17	1.7811e-16	1.03624e-15	5.80736e-15	3.13152e-14	1.62284e-13	8.07221e-13	3.84886e-12	1.75665e-11	7.66315e-11	3.19022e-10	1.26534e-09	4.77315e-09	1.70931e-08	5.79978e-08	1.86078e-07	5.63304e-07	1.60542e-06	4.2975e-06	1.07786e-05	2.52643e-05	5.51899e-05	0.000112027	0.000210593	0.00036521	0.000581586	0.000845836	0.00111665	0.00133011	0.00141896	0.00133011	0.00111665	0.000845836	0.000581586	0.00036521	0.000210593	0.000112027	5.51899e-05	2.52643e-05	1.07786e-05	4.2975e-06	1.60542e-06	5.63304e-07	1.86078e-07	5.79978e-08	1.70931e-08	4.77315e-09	1.26534e-09	3.19022e-10	7.66315e-11	1.75665e-11	3.84886e-12	8.07221e-13	1.62284e-13	3.13152e-14	5.80736e-15	1.03624e-15	1.7811e-16	2.95207e-17	4.72293e-18	7.30065e-19	1.09136e-19	1.57911e-20	2.21332e-21	3.0075e-22	3.9649e-23	5.08351e-24	7.07274e-25	7.07274e-25	
1.63536e-25	1.63536e-25	1.21001e-24	9.69733e-24	7.56241e-23	5.72582e-22	4.20598e-21	2.9952e-20	2.06621e-19	1.37962e-18	8.90846e-18	5.55794e-17	3.34716e-16	1.94382e-15	1.0874e-14	5.85316e-14	3.02796e-13	1.50358e-12	7.15727e-12	3.26146e-11	1.42064e-10	5.90601e-10	2.33957e-09	8.81596e-09	3.15438e-08	1.06968e-07	3.43112e-07	1.03891e-06	2.96316e-06	7.94358e-06	1.99699e-05	4.69687e-05	0.000103092	0.000210593	0.000399129	0.000699176	0.00112652	0.00165878	0.00221498	0.00266409	0.00287312	0.00266409	0.00221498	0.00165878	0.00112652	0.000699176	0.000399129	0.000210593	0.000103092	4.69687e-05	1.99699e-05	7.94358e-06	2.96316e-06	1.03891e-06	3.43112e-07	1.06968e-07	3.15438e-08	8.81596e-09	2.33957e-09	5.90601e-10	1.42064e-10	3.26146e-11	7.15727e-12	1.50358e-12	3.02796e-13	5.85316e-14	1.0874e-14	1.94382e-15	3.34716e-16	5.55794e-17	8.90846e-18	1.37962e-18	2.06621e-19	2.9952e-20	4.20598e-21	5.72582e-22	7.56261e-23	9.71435e-24	1.35433e-24	1.35433e-24	
2.87085e-25	2.87085e-25	2.12026e-24	1.69639e-23	1.3207e-22	9.98283e-22	7.32071e-21	5.20453e-20	3.58426e-19	2.3892e-18	1.54017e-17	9.59294e-17	5.76755e-16	3.34389e-15	1.86756e-14	1.00364e-13	5.18381e-13	2.57013e-12	1.2216e-11	5.5587e-11	2.41804e-10	1.00401e-09	3.97288e-09	1.49568e-08	5.34785e-08	1.81275e-07	5.81432e-07	1.76124e-06	5.02841e-06	1.35039e-05	3.40416e-05	8.03852e-05	0.000177427	0.00036521	0.000699176	0.00124073	0.00203088	0.00304293	0.00412565	0.00501242	0.00550748	0.00501242	0.00412565	0.00304293	0.00203088	0.00124073	0.000699176	0.00036521	0.000177427	8.03852e-05	3.40416e-05	1.35039e-05	5.02841e-06	1.76124e-06	5.81432e-07	1.81275e-07	5.34785e-08	1.49568e-08	3.97288e-09	1.00401e-09	2.41804e-10	5.5587e-11	1.2216e-11	2.57013e-12	5.18381e-13	1.00364e-13	1.86756e-14	3.34389e-15	5.76755e-16	9.59294e-17	1.54017e-17	2.3892e-18	3.58426e-19	5.20453e-20	7.32071e-21	9.98284e-22	1.32074e-22	1.69938e-23	2.37356e-24	2.37356e-24	
4.59052e-25	4.59052e-25	3.38494e-24	2.7043e-23	2.10235e-22	1.5868e-21	1.16196e-20	8.24869e-20	5.67244e-19	3.77564e-18	2.43038e-17	1.51157e-16	9.07488e-16	5.25388e-15	2.93014e-14	1.57248e-13	8.11079e-13	4.01598e-12	1.90638e-11	8.66413e-11	3.76461e-10	1.56151e-09	6.17332e-09	2.32238e-08	8.29943e-08	2.81258e-07	9.02231e-07	2.73459e-06	7.81673e-06	2.10337e-05	5.31837e-05	0.000126139	0.000280141	0.000581586	0.00112652	0.00203088	0.00339351	0.00520781	0.00718289	0.00871347	0.00968805	0.00871347	0.00718289	0.00520781	0.00339351	0.00203088	0.00112652	0.000581586	0.000280141	0.000126139	5.31837e-05	2.10337e-05	7.81673e-06	2.73459e-06	9.02231e-07	2.81258e-07	8.29943e-08	2.32238e-08	6.17332e-09	1.56151e-09	3.76461e-10	8.66413e-11	1.90638e-11	4.01598e-12	8.11079e-13	1.57248e-13	2.93014e-14	5.25388e-15	9.07488e-16	1.51157e-16	2.43038e-17	3.77564e-18	5.67244e-19	8.24869e-20	1.16196e-20	1.5868e-21	2.10241e-22	2.70909e-23	3.78989e-24	3.78989e-24	
6.65515e-25	6.65515e-25	4.901e-24	3.91087e-23	3.03676e-22	2.28935e-21	1.67442e-20	1.18725e-19	8.15478e-19	5.42147e-18	3.48567e-17	2.16535e-16	1.29847e-15	7.50871e-15	4.18287e-14	2.24223e-13	1.15526e-12	5.71403e-12	2.70965e-11	1.23029e-10	5.34089e-10	2.21355e-09	8.74513e-09	3.28815e-08	1.1747e-07	3.98067e-07	1.2773e-06	3.8742e-06	1.10888e-05	2.99009e-05	7.58403e-05	0.000180684	0.000403831	0.000845836	0.00165878	0.00304293	0.00520781	0.00820206	0.0112944	0.0131644	0.01391	0.0131644	0.0112944	0.00820206	0.00520781	0.00304293	0.00165878	0.000845836	0.000403831	0.000180684	7.58403e-05	2.99009e-05	1.10888e-05	3.8742e-06	1.2773e-06	3.98067e-07	1.1747e-07	3.28815e-08	8.74513e-09	2.21355e-09	5.34089e-10	1.23029e-10	2.70965e-11	5.71403e-12	1.15526e-12	2.24223e-13	4.18287e-14	7.50871e-15	1.29847e-15	2.16535e-16	3.48567e-17	5.42147e-18	8.15478e-19	1.18725e-19	1.67442e-20	2.28935e-21	3.03684e-22	3.91782e-23	5.488e-24	5.488e-24	
8.70996e-25	8.70996e-25	6.40804e-24	5.10896e-23	3.96359e-22	2.98545e-21	2.18162e-20	1.54553e-19	1.06063e-18	7.0451e-18	4.5256e-17	2.80892e-16	1.68294e-15	9.72365e-15	5.41218e-14	2.8988e-13	1.49234e-12	7.37551e-12	3.49495e-11	1.58575e-10	6.87961e-10	2.8497e-09	1.12533e-08	4.22988e-08	1.51092e-07	5.12044e-07	1.64365e-06	4.98929e-06	1.42991e-05	3.86352e-05	9.82851e-05	0.000235153	0.000528722	0.00111665	0.00221498	0.00412565	0.00718289	0.0112944	0.0144711	0.0163246	0.0169566	0.0163246	0.0144711	0.0112944	0.00718289	0.00412565	0.00221498	0.00111665	0.000528722	0.000235153	9.82851e-05	3.86352e-05	1.42991e-05	4.98929e-06	1.64365e-06	5.12044e-07	1.51092e-07	4.22988e-08	1.12533e-08	2.8497e-09	6.87961e-10	1.58575e-10	3.49495e-11	7.37551e-12	1.49234e-12	2.8988e-13	5.41218e-14	9.72365e-15	1.68294e-15	2.80892e-16	4.5256e-17	7.0451e-18	1.06063e-18	1.54553e-19	2.18162e-20	2.98545e-21	3.9637e-22	5.11807e-23	7.17619e-24	7.17619e-24	
1.0253e-24	1.0253e-24	7.53885e-24	6.00727e-23	4.65799e-22	3.50659e-21	2.56106e-20	1.81335e-19	1.24376e-18	8.25705e-18	5.30128e-17	3.28861e-16	1.9693e-15	1.13722e-14	6.32653e-14	3.38683e-13	1.74273e-12	8.60898e-12	4.07763e-11	1.84936e-10	8.02034e-10	3.32118e-09	1.3112e-08	4.9278e-08	1.76018e-07	5.96602e-07	1.91578e-06	5.81918e-06	1.66955e-05	4.51837e-05	0.000115223	0.000276658	0.000625236	0.00133011	0.00266409	0.00501242	0.00871347	0.0131644	0.0163246	0.018131	0.0187213	0.018131	0.0163246	0.0131644	0.00871347	0.00501242	0.00266409	0.00133011	0.000625236	0.000276658	0.000115223	4.51837e-05	1.66955e-05	5.81918e-06	1.91578e-06	5.96602e-07	1.76018e-07	4.9278e-08	1.3112e-08	3.32118e-09	8.02034e-10	1.84936e-10	4.07763e-11	8.60898e-12	1.74273e-12	3.38683e-13	6.32653e-14	1.13722e-14	1.9693e-15	3.28861e-16	5.30128e-17	8.25705e-18	1.24376e-18	1.81335e-19	2.56106e-20	3.50659e-21	4.65812e-22	6.01799e-23	8.44302e-24	8.44302e-24	
1.08291e-24	1.08291e-24	7.96082e-24	6.34236e-23	4.91693e-22	3.70085e-21	2.70244e-20	1.91311e-19	1.31194e-18	8.70812e-18	5.58987e-17	3.46701e-16	2.07576e-15	1.19849e-14	6.66623e-14	3.56808e-13	1.8357e-12	9.06682e-12	4.29386e-11	1.94717e-10	8.44349e-10	3.49606e-09	1.38014e-08	5.18671e-08	1.85268e-07	6.28002e-07	2.01693e-06	6.12818e-06	1.759e-05	4.76391e-05	0.000121623	0.000292559	0.000663232	0.00141896	0.00287312	0.00550748	0.00968805	0.01391	0.0169566	0.0187213	0.0192967	0.0187213	0.0169566	0.01391	0.00968805	0.00550748	0.00287312	0.00141896	0.000663232	0.000292559	0.000121623	4.76391e-05	1.759e-05	6.12818e-06	2.01693e-06	6.28002e-07	1.85268e-07	5.18671e-08	1.38014e-08	3.49606e-09	8.44349e-10	1.94717e-10	4.29386e-11	9.06682e-12	1.8357e-12	3.56808e-13	6.66623e-14	1.19849e-14	2.07576e-15	3.46701e-16	5.58987e-17	8.70812e-18	1.31194e-18	1.91311e-19	2.70244e-20	3.70085e-21	4.91706e-22	6.35369e-23	8.91577e-24	8.91577e-24	
1.0253e-24	1.0253e-24	7.53885e-24	6.00727e-23	4.65799e-22	3.50659e-21	2.56106e-20	1.81335e-19	1.24376e-18	8.25705e-18	5.30128e-17	3.28861e-16	1.9693e-15	1.13722e-14	6.32653e-14	3.38683e-13	1.74273e-12	8.60898e-12	4.07763e-11	1.84936e-10	8.02034e-10	3.32118e-09	1.3112e-08	4.9278e-08	1.76018e-07	5.96602e-07	1.91578e-06	5.81918e-06	1.66955e-05	4.51837e-05	0.000115223	0.000276658	0.000625236	0.00133011	0.00266409	0.00501242	0.00871347	0.0131644	0.0163246	0.018131	0.0187213	0.018131	0.0163246	0.0131644	0.00871347	0.00501242	0.00266409	0.00133011	0.000625236	0.000276658	0.000115223	4.51837e-05	1.66955e-05	5.81918e-06	1.91578e-06	5.96602e-07	1.76018e-07	4.9278e-08	1.3112e-08	3.32118e-09	8.02034e-10	1.84936e-10	4.07763e-11	8.60898e-12	1.74273e-12	3.38683e-13	6.32653e-14	1.13722e-14	1.9693e-15	3.28861e-16	5.30128e-17	8.25705e-18	1.24376e-18	1.81335e-19	2.56106e-20	3.50659e-21	4.65812e-22	6.01799e-23	8.44302e-24	8.44302e-24	
