2.9496e-122	2.9496e-122	3.59446e-120	4.29036e-118	4.97262e-116	5.59181e-114	6.09564e-112	6.43559e-110	6.57408e-108	6.49098e-106	6.18773e-104	5.68833e-102	5.0364e-100	4.28888e-98	3.50768e-96	2.7508e-94	2.06498e-92	1.48109e-90	1.01291e-88	6.59048e-87	4.06967e-85	2.37862e-83	1.31195e-81	6.80585e-80	3.30828e-78	1.50052e-76	6.32017e-75	2.45857e-73	8.77739e-72	2.85494e-70	8.38779e-69	2.20349e-67	5.11372e-66	1.03336e-64	1.78712e-63	2.59193e-62	3.08081e-61	2.92866e-60	2.16813e-59	1.18612e-58	3.88669e-58	1.18612e-58	2.16813e-59	2.92866e-60	3.08081e-61	2.59193e-62	1.78712e-63	1.03336e-64	5.11372e-66	2.20349e-67	8.38776e-69	2.84819e-70	-2.03236e-72	-1.38338e-70	-1.33479e-69	-8.62688e-69	-2.87227e-68	-8.62688e-69	-1.33479e-69	-1.38584e-70	-1.08098e-71	-6.74617e-73	-3.50646e-74	-1.56077e-75	-6.07223e-77	-2.09744e-78	-6.51227e-80	-1.8358e-81	-4.73768e-83	-1.12712e-84	-2.48667e-86	-5.11361e-88	-9.8454e-90	-1.7817e-91	-3.04117e-93	-4.91126e-95	-7.52488e-97	-1.0966e-98	-1.54367e-100	-1.54367e-100	
2.9496e-122	2.9496e-122	3.59446e-120	4.29036e-118	4.97262e-116	5.59181e-114	6.09564e-112	6.43559e-110	6.57408e-108	6.49098e-106	6.18773e-104	5.68833e-102	5.0364e-100	4.28888e-98	3.50768e-96	2.7508e-94	2.06498e-92	1.48109e-90	1.01291e-88	6.59048e-87	4.06967e-85	2.37862e-83	1.31195e-81	6.80585e-80	3.30828e-78	1.50052e-76	6.32017e-75	2.45857e-73	8.77739e-72	2.85494e-70	8.38779e-69	2.20349e-67	5.11372e-66	1.03336e-64	1.78712e-63	2.59193e-62	3.08081e-61	2.92866e-60	2.16813e-59	1.18612e-58	3.88669e-58	1.18612e-58	2.16813e-59	2.92866e-60	3.08081e-61	2.59193e-62	1.78712e-63	1.03336e-64	5.11372e-66	2.20349e-67	8.38776e-69	2.84819e-70	-2.03236e-72	-1.38338e-70	-1.33479e-69	-8.62688e-69	-2.87227e-68	-8.62688e-69	-1.33479e-69	-1.38584e-70	-1.08098e-71	-6.74617e-73	-3.50646e-74	-1.56077e-75	-6.07223e-77	-2.09744e-78	-6.51227e-80	-1.8358e-81	-4.73768e-83	-1.12712e-84	-2.48667e-86	-5.11361e-88	-9.8454e-90	-1.7817e-91	-3.04117e-93	-4.91126e-95	-7.52488e-97	-1.0966e-98	-1.54367e-100	-1.54367e-100	
3.59446e-120	3.59446e-120	4.37456e-118	5.21468e-116	6.036e-114	6.77865e-112	7.37964e-110	7.78082e-108	7.93764e-106	7.82674e-104	7.45099e-102	6.8403e-100	6.04802e-98	5.14323e-96	4.20054e-94	3.28953e-92	2.46588e-90	1.76609e-88	1.20607e-86	7.83571e-85	4.83139e-83	2.81955e-81	1.55275e-79	8.04236e-78	3.90305e-76	1.76737e-74	7.43146e-73	2.88577e-71	1.02836e-69	3.33837e-68	9.78785e-67	2.56553e-65	5.93921e-64	1.1968e-62	2.063e-61	2.98019e-60	3.52493e-59	3.33071e-58	2.44931e-57	1.33254e-56	4.35812e-56	1.33254e-56	2.44931e-57	3.33071e-58	3.52493e-59	2.98019e-60	2.063e-61	1.1968e-62	5.93921e-64	2.56553e-65	9.78781e-67	3.3296e-68	-3.74814e-70	-1.79324e-68	-1.72726e-67	-1.11461e-66	-3.7055e-66	-1.11461e-66	-1.72727e-67	-1.79612e-68	-1.40317e-69	-8.77038e-71	-4.5655e-72	-2.03522e-73	-7.92983e-75	-2.7431e-76	-8.52936e-78	-2.40788e-79	-6.22292e-81	-1.48257e-82	-3.27545e-84	-6.74504e-86	-1.30044e-87	-2.35661e-89	-4.02796e-91	-6.51366e-93	-9.99346e-95	-1.4583e-96	-2.05559e-98	-2.05559e-98	
4.29036e-118	4.29036e-118	5.21468e-116	6.20805e-114	7.17643e-112	8.04882e-110	8.75085e-108	9.21434e-106	9.3875e-104	9.24393e-102	8.78824e-100	8.05697e-98	7.11401e-96	6.04139e-94	4.92721e-92	3.85316e-90	2.88429e-88	2.06279e-86	1.40664e-84	9.12535e-83	5.61817e-81	3.27373e-79	1.80008e-77	9.30873e-76	4.51035e-74	2.03899e-72	8.55893e-71	3.3177e-69	1.1801e-67	3.8235e-66	1.11869e-64	2.92565e-63	6.75601e-62	1.35755e-60	2.33234e-59	3.35578e-58	3.94942e-57	3.70891e-56	2.70871e-55	1.46524e-54	4.78276e-54	1.46524e-54	2.70871e-55	3.70891e-56	3.94942e-57	3.35578e-58	2.33234e-59	1.35755e-60	6.75601e-62	2.92565e-63	1.11869e-64	3.81231e-66	-6.07359e-68	-2.28113e-66	-2.19342e-65	-1.4132e-64	-4.69111e-64	-1.4132e-64	-2.19343e-65	-2.28445e-66	-1.78746e-67	-1.11895e-68	-5.8337e-70	-2.60448e-71	-1.0163e-72	-3.52078e-74	-1.09634e-75	-3.0995e-77	-8.0218e-79	-1.91385e-80	-4.23422e-82	-8.73157e-84	-1.68577e-85	-3.05908e-87	-5.23576e-89	-8.47829e-91	-1.30251e-92	-1.90324e-94	-2.68639e-96	-2.68639e-96	
4.97262e-116	4.97262e-116	6.036e-114	7.17643e-112	8.28498e-110	9.27986e-108	1.00759e-105	1.05954e-103	1.078e-101	1.06008e-99	1.00645e-97	9.21444e-96	8.12478e-94	6.89016e-92	5.61156e-90	4.38212e-88	3.27555e-86	2.33922e-84	1.5928e-82	1.03177e-80	6.34268e-79	3.69025e-77	2.02594e-75	1.046e-73	5.05992e-72	2.2836e-70	9.56916e-69	3.70265e-67	1.31456e-65	4.25074e-64	1.24108e-62	3.23829e-61	7.45909e-60	1.49452e-58	2.55902e-57	3.66687e-56	4.29354e-55	4.0066e-54	2.90527e-53	1.5622e-52	5.08897e-52	1.5622e-52	2.90527e-53	4.0066e-54	4.29354e-55	3.66687e-56	2.55902e-57	1.49452e-58	7.45909e-60	3.23829e-61	1.24107e-62	4.23684e-64	-9.02012e-66	-2.82469e-64	-2.71135e-63	-1.7441e-62	-5.7807e-62	-1.7441e-62	-2.71136e-63	-2.8284e-64	-2.21657e-65	-1.38975e-66	-7.25673e-68	-3.24475e-69	-1.26805e-70	-4.39948e-72	-1.37198e-73	-3.88443e-75	-1.00678e-76	-2.40542e-78	-5.32933e-80	-1.10053e-81	-2.1277e-83	-3.86638e-85	-6.62658e-87	-1.07451e-88	-1.65299e-90	-2.41862e-92	-3.41845e-94	-3.41845e-94	
5.59181e-114	5.59181e-114	6.77865e-112	8.04882e-110	9.27986e-108	1.03804e-105	1.12558e-103	1.18203e-101	1.201e-99	1.17943e-97	1.11824e-95	1.02237e-93	9.0022e-92	7.62355e-90	6.20007e-88	4.83478e-86	3.60869e-84	2.57337e-82	1.74964e-80	1.13167e-78	6.9462e-77	4.03513e-75	2.21178e-73	1.14012e-71	5.50608e-70	2.48075e-68	1.03771e-66	4.00798e-65	1.42026e-63	4.58332e-62	1.33532e-60	3.47611e-59	7.98631e-58	1.59548e-56	2.72251e-55	3.88487e-54	4.52504e-53	4.19513e-52	3.01945e-51	1.61348e-50	5.24508e-50	1.61348e-50	3.01945e-51	4.19513e-52	4.52504e-53	3.88487e-54	2.72251e-55	1.59548e-56	7.98631e-58	3.47611e-59	1.33531e-60	4.56653e-62	-1.2537e-63	-3.40253e-62	-3.26026e-61	-2.09378e-60	-6.92887e-60	-2.09378e-60	-3.26027e-61	-3.40654e-62	-2.67395e-63	-1.67919e-64	-8.78181e-66	-3.93274e-67	-1.53927e-68	-5.34853e-70	-1.67044e-71	-4.73641e-73	-1.22939e-74	-2.94153e-76	-6.52643e-78	-1.34964e-79	-2.613e-81	-4.75487e-83	-8.16062e-85	-1.32507e-86	-2.04123e-88	-2.99072e-90	-4.23282e-92	-4.23282e-92	
6.09564e-112	6.09564e-112	7.37964e-110	8.75085e-108	1.00759e-105	1.12558e-103	1.21887e-101	1.27827e-99	1.29702e-97	1.27198e-95	1.20432e-93	1.09955e-91	9.66822e-90	8.17602e-88	6.6399e-86	5.1703e-84	3.8535e-82	2.7439e-80	1.8628e-78	1.20303e-76	7.37289e-75	4.27629e-73	2.34023e-71	1.20436e-69	5.80663e-68	2.61167e-66	1.09053e-64	4.20425e-63	1.48694e-61	4.78875e-60	1.39213e-58	3.61547e-57	8.28478e-56	1.65018e-54	2.80602e-53	3.98696e-52	4.61907e-51	4.25352e-50	3.03791e-49	1.61275e-48	5.23144e-48	1.61275e-48	3.03791e-49	4.25352e-50	4.61907e-51	3.98696e-52	2.80602e-53	1.65018e-54	8.28478e-56	3.61547e-57	1.39212e-58	4.76902e-60	-1.6488e-61	-3.9841e-60	-3.81072e-59	-2.44323e-58	-8.07246e-58	-2.44323e-58	-3.81073e-59	-3.9883e-60	-3.13574e-61	-1.97237e-62	-1.03315e-63	-4.634e-65	-1.81655e-66	-6.32167e-68	-1.97734e-69	-5.61499e-71	-1.45959e-72	-3.49741e-74	-7.771e-76	-1.60932e-77	-3.12017e-79	-5.68573e-81	-9.77184e-83	-1.58888e-84	-2.45099e-86	-3.59597e-88	-5.09642e-90	-5.09642e-90	
6.43559e-110	6.43559e-110	7.78082e-108	9.21434e-106	1.05954e-103	1.18203e-101	1.27827e-99	1.33874e-97	1.35652e-95	1.32851e-93	1.2561e-91	1.14522e-89	1.00555e-87	8.49145e-86	6.88616e-84	5.35426e-82	3.98474e-80	2.83313e-78	1.92047e-76	1.23838e-74	7.57773e-73	4.38814e-71	2.39757e-69	1.23183e-67	5.92901e-66	2.66206e-64	1.10958e-62	4.26967e-61	1.50712e-59	4.84371e-58	1.405e-56	3.64013e-55	8.3191e-54	1.652e-52	2.79908e-51	3.95977e-50	4.56235e-49	4.17214e-48	2.95589e-47	1.55847e-46	5.04408e-46	1.55847e-46	2.95589e-47	4.17214e-48	4.56235e-49	3.95977e-50	2.79908e-51	1.652e-52	8.3191e-54	3.64013e-55	1.40499e-56	4.8212e-58	-2.06487e-59	-4.53132e-58	-4.32634e-57	-2.76911e-56	-9.13433e-56	-2.76911e-56	-4.32635e-57	-4.53559e-58	-3.57199e-59	-2.25046e-60	-1.18073e-61	-5.30439e-63	-2.08261e-64	-7.25881e-66	-2.27395e-67	-6.467e-69	-1.68357e-70	-4.04007e-72	-8.98986e-74	-1.86443e-75	-3.61995e-77	-6.60582e-79	-1.13691e-80	-1.85117e-82	-2.85955e-84	-4.20115e-86	-5.96234e-88	-5.96234e-88	
6.57408e-108	6.57408e-108	7.93764e-106	9.3875e-104	1.078e-101	1.201e-99	1.29702e-97	1.35652e-95	1.37265e-93	1.34244e-91	1.26749e-89	1.15398e-87	1.01181e-85	8.532e-84	6.909e-82	5.36414e-80	3.98617e-78	2.82988e-76	1.91535e-74	1.23317e-72	7.53394e-71	4.35579e-69	2.376e-67	1.2187e-65	5.85577e-64	2.62453e-62	1.09194e-60	4.19379e-59	1.47739e-57	4.73818e-56	1.3713e-54	3.54414e-53	8.07775e-52	1.59912e-50	2.69961e-49	3.80201e-48	4.35585e-47	3.95473e-46	2.77844e-45	1.45437e-44	4.69626e-44	1.45437e-44	2.77844e-45	3.95473e-46	4.35585e-47	3.80201e-48	2.69961e-49	1.59912e-50	8.07775e-52	3.54414e-53	1.37129e-54	4.71326e-56	-2.47188e-57	-5.00194e-56	-4.76694e-55	-3.04584e-54	-1.00305e-53	-3.04584e-54	-4.76695e-55	-5.00613e-56	-3.94927e-57	-2.49232e-58	-1.30978e-59	-5.89368e-61	-2.31767e-62	-8.09083e-64	-2.53852e-65	-7.23049e-67	-1.88518e-68	-4.53062e-70	-1.00963e-71	-2.09695e-73	-4.0773e-75	-7.45106e-77	-1.2842e-78	-2.09394e-80	-3.23906e-82	-4.7653e-84	-6.7724e-86	-6.7724e-86	
6.49098e-106	6.49098e-106	7.82674e-104	9.24393e-102	1.06008e-99	1.17943e-97	1.27198e-95	1.32851e-93	1.34244e-91	1.31106e-89	1.23612e-87	1.12382e-85	9.83946e-84	8.28503e-82	6.69919e-80	5.19354e-78	3.85361e-76	2.73161e-74	1.84598e-72	1.18665e-70	7.23817e-69	4.17799e-67	2.27523e-65	1.16504e-63	5.58816e-62	2.5001e-60	1.03823e-58	3.97983e-57	1.39917e-55	4.47773e-54	1.29295e-52	3.33332e-51	7.57624e-50	1.4951e-48	2.51461e-47	3.52529e-46	4.01538e-45	3.61855e-44	2.52006e-43	1.30914e-42	4.21708e-42	1.30914e-42	2.52006e-43	3.61855e-44	4.01538e-45	3.52529e-46	2.51461e-47	1.4951e-48	7.57624e-50	3.33332e-51	1.29294e-52	4.45096e-54	-2.83521e-55	-5.35426e-54	-5.09324e-53	-3.24856e-52	-1.06799e-51	-3.24856e-52	-5.09325e-53	-5.35824e-54	-4.23438e-55	-2.67682e-56	-1.40909e-57	-6.35105e-59	-2.50158e-60	-8.7468e-62	-2.74865e-63	-7.84115e-65	-2.04752e-66	-4.92822e-68	-1.09987e-69	-2.28776e-71	-4.4548e-73	-8.15269e-75	-1.40714e-76	-2.29765e-78	-3.55918e-80	-5.24355e-82	-7.46253e-84	-7.46253e-84	
6.18773e-104	6.18773e-104	7.45099e-102	8.78824e-100	1.00645e-97	1.11824e-95	1.20432e-93	1.2561e-91	1.26749e-89	1.23612e-87	1.16381e-85	1.05656e-83	9.23719e-82	7.76653e-80	6.27064e-78	4.85403e-76	3.59623e-74	2.54525e-72	1.71736e-70	1.10221e-68	6.71229e-67	3.86806e-65	2.10291e-63	1.07494e-61	5.14689e-60	2.29847e-58	9.52699e-57	3.64477e-55	1.27874e-53	4.08336e-52	1.17632e-50	3.02492e-49	6.85586e-48	1.34858e-46	2.25953e-45	3.15285e-44	3.56971e-43	3.1922e-42	2.20284e-41	1.13521e-40	3.64759e-40	1.13521e-40	2.20284e-41	3.1922e-42	3.56971e-43	3.15285e-44	2.25953e-45	1.34858e-46	6.85586e-48	3.02492e-49	1.17631e-50	4.0555e-52	-3.12012e-53	-5.55286e-52	-5.27219e-51	-3.35659e-50	-1.10157e-49	-3.35659e-50	-5.2722e-51	-5.5565e-52	-4.39886e-53	-2.78564e-54	-1.46889e-55	-6.63167e-57	-2.61643e-58	-9.16321e-60	-2.88411e-61	-8.24053e-63	-2.15515e-64	-5.19522e-66	-1.16121e-67	-2.41895e-69	-4.71722e-71	-8.64556e-73	-1.49437e-74	-2.44357e-76	-3.79058e-78	-5.59232e-80	-7.97014e-82	-7.97014e-82	
5.68833e-102	5.68833e-102	6.8403e-100	8.05697e-98	9.21444e-96	1.02237e-93	1.09955e-91	1.14522e-89	1.15398e-87	1.12382e-85	1.05656e-83	9.57801e-82	8.36155e-80	7.0199e-78	5.65934e-76	4.3742e-74	3.23576e-72	2.28656e-70	1.54038e-68	9.87033e-67	6.00102e-65	3.45241e-63	1.87373e-61	9.56116e-60	4.56969e-58	2.03692e-56	8.42662e-55	3.21733e-53	1.1264e-51	3.58888e-50	1.0314e-48	2.64537e-47	5.97831e-46	1.17208e-44	1.95614e-43	2.71639e-42	3.05662e-41	2.71157e-40	1.85328e-39	9.47013e-39	3.03483e-38	9.47013e-39	1.85328e-39	2.71157e-40	3.05662e-41	2.71639e-42	1.95614e-43	1.17208e-44	5.97831e-46	2.64537e-47	1.03139e-48	3.56082e-50	-3.29694e-51	-5.57407e-50	-5.28214e-49	-3.35665e-48	-1.09962e-47	-3.35665e-48	-5.28215e-49	-5.57729e-50	-4.42334e-51	-2.80614e-52	-1.48228e-53	-6.70359e-55	-2.64925e-56	-9.29349e-58	-2.92986e-59	-8.38465e-61	-2.19629e-62	-5.30262e-64	-1.18704e-65	-2.47648e-67	-4.83662e-69	-8.87748e-71	-1.53669e-72	-2.51642e-74	-3.90918e-76	-5.77547e-78	-8.24288e-80	-8.24288e-80	
5.0364e-100	5.0364e-100	6.04802e-98	7.11401e-96	8.12478e-94	9.0022e-92	9.66822e-90	1.00555e-87	1.01181e-85	9.83946e-84	9.23719e-82	8.36155e-80	7.28879e-78	6.11013e-76	4.91845e-74	3.79572e-72	2.80348e-70	1.97796e-68	1.33035e-66	8.51062e-65	5.16574e-63	2.96682e-61	1.60739e-59	8.18747e-58	3.90598e-56	1.73778e-54	7.17497e-53	2.73384e-51	9.55067e-50	3.03607e-48	8.70399e-47	2.22648e-45	5.01676e-44	9.80235e-43	1.62942e-41	2.25151e-40	2.51742e-39	2.21476e-38	1.49854e-37	7.58897e-37	2.42524e-36	7.58897e-37	1.49854e-37	2.21476e-38	2.51742e-39	2.25151e-40	1.62942e-41	9.80235e-43	5.01676e-44	2.22648e-45	8.70385e-47	3.00873e-48	-3.34602e-49	-5.41033e-48	-5.11688e-47	-3.2454e-46	-1.0612e-45	-3.2454e-46	-5.11689e-47	-5.41306e-48	-4.30109e-49	-2.73356e-50	-1.44652e-51	-6.55331e-53	-2.5943e-54	-9.11603e-56	-2.87867e-57	-8.25153e-59	-2.16488e-60	-5.23501e-62	-1.17372e-63	-2.45245e-65	-4.79693e-67	-8.81778e-69	-1.52862e-70	-2.50685e-72	-3.89993e-74	-5.77006e-76	-8.247e-78	-8.247e-78	
4.28888e-98	4.28888e-98	5.14323e-96	6.04139e-94	6.89016e-92	7.62355e-90	8.17602e-88	8.49145e-86	8.532e-84	8.28503e-82	7.76653e-80	7.0199e-78	6.11013e-76	5.11432e-74	4.11055e-72	3.16732e-70	2.33566e-68	1.64526e-66	1.10478e-64	7.0559e-63	4.27552e-61	2.4513e-59	1.32574e-57	6.74061e-56	3.20972e-54	1.42525e-52	5.87282e-51	2.23301e-49	7.78386e-48	2.46865e-46	7.05956e-45	1.80091e-43	4.04554e-42	7.87721e-41	1.30402e-39	1.79272e-38	1.99131e-37	1.73682e-36	1.16278e-35	5.83267e-35	1.85851e-34	5.83267e-35	1.16278e-35	1.73682e-36	1.99131e-37	1.79272e-38	1.30402e-39	7.87721e-41	4.04554e-42	1.80091e-43	7.05943e-45	2.44292e-46	-3.26135e-47	-5.0722e-46	-4.78742e-45	-3.03044e-44	-9.89021e-44	-3.03044e-44	-4.78743e-45	-5.07444e-46	-4.03974e-47	-2.57226e-48	-1.36365e-49	-6.18893e-51	-2.45434e-52	-8.63901e-54	-2.73263e-55	-7.84585e-57	-2.06179e-58	-4.9937e-60	-1.12138e-61	-2.34673e-63	-4.59717e-65	-8.46336e-67	-1.46937e-68	-2.41324e-70	-3.75979e-72	-5.57076e-74	-7.9737e-76	-7.9737e-76	
3.50768e-96	3.50768e-96	4.20054e-94	4.92721e-92	5.61156e-90	6.20007e-88	6.6399e-86	6.88616e-84	6.909e-82	6.69919e-80	6.27064e-78	5.65934e-76	4.91845e-74	4.11055e-72	3.29866e-70	2.53773e-68	1.8684e-66	1.31398e-64	8.8087e-63	5.61638e-61	3.3974e-59	1.94442e-57	1.04971e-55	5.32728e-54	2.53189e-52	1.12205e-50	4.61398e-49	1.75061e-47	6.08856e-46	1.92637e-44	5.49466e-43	1.39778e-41	3.13015e-40	6.07307e-39	1.0011e-37	1.36907e-36	1.51041e-35	1.30558e-34	8.64373e-34	4.29199e-33	1.36335e-32	4.29199e-33	8.64373e-34	1.30558e-34	1.51041e-35	1.36907e-36	1.0011e-37	6.07307e-39	3.13015e-40	1.39778e-41	5.49454e-43	1.90301e-44	-3.05189e-45	-4.58759e-44	-4.32106e-43	-2.72965e-42	-8.89095e-42	-2.72965e-42	-4.32107e-43	-4.58934e-44	-3.66075e-45	-2.33541e-46	-1.24041e-47	-5.6399e-49	-2.24061e-50	-7.90053e-52	-2.50333e-53	-7.19959e-55	-1.89509e-56	-4.5974e-58	-1.03404e-59	-2.16736e-61	-4.25239e-63	-7.84061e-65	-1.36331e-66	-2.24239e-68	-3.49878e-70	-5.1916e-72	-7.44187e-74	-7.44187e-74	
2.7508e-94	2.7508e-94	3.28953e-92	3.85316e-90	4.38212e-88	4.83478e-86	5.1703e-84	5.35426e-82	5.36414e-80	5.19354e-78	4.85403e-76	4.3742e-74	3.79572e-72	3.16732e-70	2.53773e-68	1.94921e-66	1.43278e-64	1.00596e-62	6.73246e-61	4.28523e-59	2.58764e-57	1.47832e-55	7.96616e-54	4.03519e-52	1.91406e-50	8.46537e-49	3.47374e-47	1.31509e-45	4.56328e-44	1.44024e-42	4.09721e-41	1.03928e-39	2.31987e-38	4.48442e-37	7.36e-36	1.00108e-34	1.09668e-33	9.39095e-33	6.14465e-32	3.01815e-31	9.55556e-31	3.01815e-31	6.14465e-32	9.39095e-33	1.09668e-33	1.00108e-34	7.36e-36	4.48442e-37	2.31987e-38	1.03928e-39	4.0971e-41	1.4198e-42	-2.74027e-43	-3.99802e-42	-3.75774e-41	-2.36878e-40	-7.69972e-40	-2.36878e-40	-3.75774e-41	-3.99934e-42	-3.19659e-43	-2.04333e-44	-1.08736e-45	-4.9533e-47	-1.97145e-48	-6.96387e-50	-2.21041e-51	-6.36806e-53	-1.67904e-54	-4.08001e-56	-9.1916e-58	-1.92965e-59	-3.79196e-61	-7.00253e-63	-1.21945e-64	-2.00881e-66	-3.139e-68	-4.66463e-70	-6.69638e-72	-6.69638e-72	
2.06498e-92	2.06498e-92	2.46588e-90	2.88429e-88	3.27555e-86	3.60869e-84	3.8535e-82	3.98474e-80	3.98617e-78	3.85361e-76	3.59623e-74	3.23576e-72	2.80348e-70	2.33566e-68	1.8684e-66	1.43278e-64	1.05143e-62	7.36979e-61	4.92384e-59	3.12857e-57	1.88582e-55	1.0754e-53	5.78408e-52	2.92422e-50	1.38431e-48	6.10978e-47	2.50174e-45	9.44975e-44	3.27121e-42	1.02983e-40	2.92172e-39	7.38908e-38	1.64392e-36	3.16573e-35	5.1723e-34	6.99582e-33	7.60808e-32	6.45125e-31	4.16896e-30	2.02405e-29	6.38569e-29	2.02405e-29	4.16896e-30	6.45125e-31	7.60808e-32	6.99582e-33	5.1723e-34	3.16573e-35	1.64392e-36	7.38908e-38	2.92163e-39	1.01263e-40	-2.35901e-41	-3.35271e-40	-3.14429e-39	-1.97774e-38	-6.41494e-38	-1.97774e-38	-3.14429e-39	-3.35366e-40	-2.68613e-41	-1.72052e-42	-9.17393e-44	-4.18708e-45	-1.66961e-46	-5.90849e-48	-1.87878e-49	-5.42214e-51	-1.43209e-52	-3.48578e-54	-7.8659e-56	-1.65402e-57	-3.25553e-59	-6.02138e-61	-1.05021e-62	-1.73268e-64	-2.71161e-66	-4.03554e-68	-5.80195e-70	-5.80195e-70	
1.48109e-90	1.48109e-90	1.76609e-88	2.06279e-86	2.33922e-84	2.57337e-82	2.7439e-80	2.83313e-78	2.82988e-76	2.73161e-74	2.54525e-72	2.28656e-70	1.97796e-68	1.64526e-66	1.31398e-64	1.00596e-62	7.36979e-61	5.15687e-59	3.43936e-57	2.18145e-55	1.31252e-53	7.47079e-52	4.01047e-50	2.02354e-48	9.55974e-47	4.21032e-45	1.72016e-43	6.48245e-42	2.23853e-40	7.02891e-39	1.98857e-37	5.01369e-36	1.11163e-34	2.13228e-33	3.46757e-32	4.66288e-31	5.03258e-30	4.22377e-29	2.69375e-28	1.29159e-27	4.05947e-27	1.29159e-27	2.69375e-28	4.22377e-29	5.03258e-30	4.66288e-31	3.46757e-32	2.13228e-33	1.11163e-34	5.01369e-36	1.98849e-37	6.88969e-39	-1.94516e-39	-2.70153e-38	-2.52784e-37	-1.58637e-36	-5.13408e-36	-1.58637e-36	-2.52784e-37	-2.70217e-38	-2.16901e-39	-1.39222e-40	-7.43854e-42	-3.40175e-43	-1.35908e-44	-4.81859e-46	-1.53502e-47	-4.438e-49	-1.17421e-50	-2.86301e-52	-6.47144e-54	-1.36305e-55	-2.68719e-57	-4.97814e-59	-8.69626e-61	-1.43697e-62	-2.25227e-64	-3.357e-66	-4.83371e-68	-4.83371e-68	
1.01291e-88	1.01291e-88	1.20607e-86	1.40664e-84	1.5928e-82	1.74964e-80	1.8628e-78	1.92047e-76	1.91535e-74	1.84598e-72	1.71736e-70	1.54038e-68	1.33035e-66	1.10478e-64	8.8087e-63	6.73246e-61	4.92384e-59	3.43936e-57	2.28979e-55	1.44968e-53	8.70612e-52	4.94598e-50	2.64988e-48	1.33432e-46	6.29043e-45	2.76439e-43	1.12684e-41	4.23638e-40	1.45922e-38	4.56956e-37	1.28903e-35	3.23965e-34	7.15742e-33	1.36732e-31	2.21282e-30	2.95769e-29	3.16701e-28	2.62955e-27	1.6537e-26	7.82293e-26	2.44876e-25	7.82293e-26	1.6537e-26	2.62955e-27	3.16701e-28	2.95769e-29	2.21282e-30	1.36732e-31	7.15742e-33	3.23965e-34	1.28897e-35	4.46146e-37	-1.5345e-37	-2.08837e-36	-1.9495e-35	-1.22052e-34	-3.94088e-34	-1.22052e-34	-1.9495e-35	-2.08879e-36	-1.68043e-37	-1.08096e-38	-5.78766e-40	-2.65219e-41	-1.06171e-42	-3.77154e-44	-1.20373e-45	-3.48655e-47	-9.24129e-49	-2.2572e-50	-5.11086e-52	-1.07829e-53	-2.12931e-55	-3.95107e-57	-6.91313e-59	-1.14412e-60	-1.79606e-62	-2.68112e-64	-3.86643e-66	-3.86643e-66	
6.59048e-87	6.59048e-87	7.83571e-85	9.12535e-83	1.03177e-80	1.13167e-78	1.20303e-76	1.23838e-74	1.23317e-72	1.18665e-70	1.10221e-68	9.87033e-67	8.51062e-65	7.0559e-63	5.61638e-61	4.28523e-59	3.12857e-57	2.18145e-55	1.44968e-53	9.16095e-52	5.49114e-50	3.11342e-48	1.66469e-46	8.36486e-45	3.93495e-43	1.72537e-41	7.01653e-40	2.63135e-38	9.04e-37	2.82298e-35	7.9394e-34	1.98878e-32	4.37764e-31	8.32747e-30	1.3409e-28	1.78104e-27	1.89138e-26	1.55272e-25	9.62032e-25	4.48502e-24	1.39774e-23	4.48502e-24	9.62032e-25	1.55272e-25	1.89138e-26	1.78104e-27	1.3409e-28	8.32747e-30	4.37764e-31	1.98878e-32	7.93897e-34	2.74259e-35	-1.15661e-35	-1.54616e-34	-1.43981e-33	-8.99181e-33	-2.89624e-32	-8.99181e-33	-1.43981e-33	-1.54643e-34	-1.24701e-35	-8.03966e-37	-4.31397e-38	-1.98104e-39	-7.9466e-41	-2.8285e-42	-9.04487e-44	-2.62474e-45	-6.96977e-47	-1.70543e-48	-3.86828e-50	-8.17534e-52	-1.61711e-53	-3.00561e-55	-5.26743e-57	-8.73154e-59	-1.37285e-60	-2.05254e-62	-2.96456e-64	-2.96456e-64	
4.06967e-85	4.06967e-85	4.83139e-83	5.61817e-81	6.34268e-79	6.9462e-77	7.37289e-75	7.57773e-73	7.53394e-71	7.23817e-69	6.71229e-67	6.00102e-65	5.16574e-63	4.27552e-61	3.3974e-59	2.58764e-57	1.88582e-55	1.31252e-53	8.70612e-52	5.49114e-50	3.28498e-48	1.85879e-46	9.91797e-45	4.97294e-43	2.33413e-41	1.02107e-39	4.14228e-38	1.54947e-36	5.30875e-35	1.65299e-33	4.63433e-32	1.15689e-30	2.53672e-29	4.80422e-28	7.69519e-27	1.01541e-25	1.06903e-24	8.67205e-24	5.28805e-23	2.42651e-22	7.52575e-22	2.42651e-22	5.28805e-23	8.67205e-24	1.06903e-24	1.01541e-25	7.69519e-27	4.80422e-28	2.53672e-29	1.15689e-30	4.63402e-32	1.59582e-33	-8.31652e-34	-1.09435e-32	-1.01647e-31	-6.33141e-31	-2.03409e-30	-6.33141e-31	-1.01647e-31	-1.0945e-32	-8.84741e-34	-5.71747e-35	-3.07485e-36	-1.4151e-37	-5.68842e-39	-2.02886e-40	-6.50071e-42	-1.89009e-43	-5.02841e-45	-1.23265e-46	-2.80094e-48	-5.92997e-50	-1.17499e-51	-2.18754e-53	-3.84008e-55	-6.37585e-57	-1.00407e-58	-1.50355e-60	-2.17505e-62	-2.17505e-62	
2.37862e-83	2.37862e-83	2.81955e-81	3.27373e-79	3.69025e-77	4.03513e-75	4.27629e-73	4.38814e-71	4.35579e-69	4.17799e-67	3.86806e-65	3.45241e-63	2.96682e-61	2.4513e-59	1.94442e-57	1.47832e-55	1.0754e-53	7.47079e-52	4.94598e-50	3.11342e-48	1.85879e-46	1.04961e-44	5.5884e-43	2.79584e-41	1.30924e-39	5.71353e-38	2.31202e-36	8.62537e-35	2.94686e-33	9.14794e-32	2.55633e-30	6.35853e-29	1.38863e-27	2.61774e-26	4.16992e-25	5.46465e-24	5.70112e-23	4.56681e-22	2.73759e-21	1.23461e-20	3.80891e-20	1.23461e-20	2.73759e-21	4.56681e-22	5.70112e-23	5.46465e-24	4.16992e-25	2.61774e-26	1.38863e-27	6.35853e-29	2.55612e-30	8.75993e-32	-5.69488e-32	-7.38991e-31	-6.84559e-30	-4.25228e-29	-1.36242e-28	-4.25228e-29	-6.8456e-30	-7.39077e-31	-5.98958e-32	-3.88013e-33	-2.09165e-34	-9.64793e-36	-3.88674e-37	-1.3892e-38	-4.46025e-40	-1.2994e-41	-3.4636e-43	-8.50658e-45	-1.93648e-46	-4.10714e-48	-8.15231e-50	-1.52037e-51	-2.67341e-53	-4.44612e-55	-7.01315e-57	-1.05187e-58	-1.52407e-60	-1.52407e-60	
1.31195e-81	1.31195e-81	1.55275e-79	1.80008e-77	2.02594e-75	2.21178e-73	2.34023e-71	2.39757e-69	2.376e-67	2.27523e-65	2.10291e-63	1.87373e-61	1.60739e-59	1.32574e-57	1.04971e-55	7.96616e-54	5.78408e-52	4.01047e-50	2.64988e-48	1.66469e-46	9.91797e-45	5.5884e-43	2.96881e-41	1.48186e-39	6.92269e-38	3.0135e-36	1.21623e-34	4.52478e-33	1.54133e-31	4.76964e-30	1.32827e-28	3.29145e-27	7.15779e-26	1.34278e-24	2.1266e-23	2.76678e-22	2.85898e-21	2.25972e-20	1.32994e-19	5.88487e-19	1.80493e-18	5.88487e-19	1.32994e-19	2.25972e-20	2.85898e-21	2.76678e-22	2.1266e-23	1.34278e-24	7.15779e-26	3.29145e-27	1.32814e-28	4.5189e-30	-3.70653e-30	-4.75063e-29	-4.38831e-28	-2.71796e-27	-8.68312e-27	-2.71796e-27	-4.38831e-28	-4.75109e-29	-3.86067e-30	-2.50741e-31	-1.35498e-32	-6.2647e-34	-2.5295e-35	-9.06069e-37	-2.91523e-38	-8.5103e-40	-2.27296e-41	-5.59316e-43	-1.27565e-44	-2.71053e-46	-5.3898e-48	-1.00694e-49	-1.77363e-51	-2.95468e-53	-4.66833e-55	-7.01317e-57	-1.0178e-58	-1.0178e-58	
6.80585e-80	6.80585e-80	8.04236e-78	9.30873e-76	1.046e-73	1.14012e-71	1.20436e-69	1.23183e-67	1.2187e-65	1.16504e-63	1.07494e-61	9.56116e-60	8.18747e-58	6.74061e-56	5.32728e-54	4.03519e-52	2.92422e-50	2.02354e-48	1.33432e-46	8.36486e-45	4.97294e-43	2.79584e-41	1.48186e-39	7.37895e-38	3.43858e-36	1.49294e-34	6.00888e-33	2.22902e-31	7.56952e-30	2.3346e-28	6.47806e-27	1.59888e-25	3.46153e-24	6.46041e-23	1.0169e-21	1.31294e-20	1.343e-19	1.04649e-18	6.03804e-18	2.61632e-17	7.97203e-17	2.61632e-17	6.03804e-18	1.04649e-18	1.343e-19	1.31294e-20	1.0169e-21	6.46041e-23	3.46153e-24	1.59888e-25	6.47723e-27	2.18068e-28	-2.2879e-28	-2.90031e-27	-2.67113e-26	-1.64928e-25	-5.25278e-25	-1.64928e-25	-2.67113e-26	-2.90054e-27	-2.36361e-28	-1.53924e-29	-8.33924e-31	-3.8651e-32	-1.5643e-33	-5.61603e-35	-1.81088e-36	-5.29759e-38	-1.4178e-39	-3.49575e-41	-7.98829e-43	-1.70056e-44	-3.38772e-46	-6.34038e-48	-1.11876e-49	-1.86694e-51	-2.95468e-53	-4.44613e-55	-6.46316e-57	-6.46316e-57	
3.30828e-78	3.30828e-78	3.90305e-76	4.51035e-74	5.05992e-72	5.50608e-70	5.80663e-68	5.92901e-66	5.85577e-64	5.58816e-62	5.14689e-60	4.56969e-58	3.90598e-56	3.20972e-54	2.53189e-52	1.91406e-50	1.38431e-48	9.55974e-47	6.29043e-45	3.93495e-43	2.33413e-41	1.30924e-39	6.92269e-38	3.43858e-36	1.5982e-34	6.92004e-33	2.77722e-31	1.02708e-29	3.47652e-28	1.06848e-26	2.95351e-25	7.25906e-24	1.56413e-22	2.90332e-21	4.54034e-20	5.81463e-19	5.88395e-18	4.51562e-17	2.54994e-16	1.07947e-15	3.26495e-15	1.07947e-15	2.54994e-16	4.51562e-17	5.88395e-18	5.81463e-19	4.54034e-20	2.90332e-21	1.56413e-22	7.25906e-24	2.95303e-25	9.78952e-27	-1.33606e-26	-1.67711e-25	-1.5397e-24	-9.47548e-24	-3.00786e-23	-9.47549e-24	-1.5397e-24	-1.67722e-25	-1.37083e-26	-8.95252e-28	-4.86336e-29	-2.25989e-30	-9.16881e-32	-3.29949e-33	-1.06633e-34	-3.12629e-36	-8.38459e-38	-2.07156e-39	-4.7432e-41	-1.01169e-42	-2.0192e-44	-3.78603e-46	-6.69243e-48	-1.11876e-49	-1.77363e-51	-2.67342e-53	-3.89275e-55	-3.89275e-55	
1.50052e-76	1.50052e-76	1.76737e-74	2.03899e-72	2.2836e-70	2.48075e-68	2.61167e-66	2.66206e-64	2.62453e-62	2.5001e-60	2.29847e-58	2.03692e-56	1.73778e-54	1.42525e-52	1.12205e-50	8.46537e-49	6.10978e-47	4.21032e-45	2.76439e-43	1.72537e-41	1.02107e-39	5.71353e-38	3.0135e-36	1.49294e-34	6.92004e-33	2.98771e-31	1.19543e-29	4.40676e-28	1.48649e-26	4.55163e-25	1.25308e-23	3.06599e-22	6.57309e-21	1.21299e-19	1.88378e-18	2.39161e-17	2.39236e-16	1.80622e-15	9.96298e-15	4.10925e-14	1.23243e-13	4.10925e-14	9.96298e-15	1.80622e-15	2.39236e-16	2.39161e-17	1.88378e-18	1.21299e-19	6.57309e-21	3.06599e-22	1.25281e-23	4.05974e-25	-7.36088e-25	-9.15841e-24	-8.37965e-23	-5.13864e-22	-1.62537e-21	-5.13865e-22	-8.37966e-23	-9.15887e-24	-7.50957e-25	-4.91902e-26	-2.67981e-27	-1.24861e-28	-5.07889e-30	-1.83219e-31	-5.93526e-33	-1.74406e-34	-4.68775e-36	-1.16064e-37	-2.66293e-39	-5.69112e-41	-1.13807e-42	-2.1379e-44	-3.78603e-46	-6.34038e-48	-1.00694e-49	-1.52038e-51	-2.2176e-53	-2.2176e-53	
6.32017e-75	6.32017e-75	7.43146e-73	8.55893e-71	9.56916e-69	1.03771e-66	1.09053e-64	1.10958e-62	1.09194e-60	1.03823e-58	9.52699e-57	8.42662e-55	7.17497e-53	5.87282e-51	4.61398e-49	3.47374e-47	2.50174e-45	1.72016e-43	1.12684e-41	7.01653e-40	4.14228e-38	2.31202e-36	1.21623e-34	6.00888e-33	2.77722e-31	1.19543e-29	4.76777e-28	1.75156e-26	5.88677e-25	1.79539e-23	4.92137e-22	1.19837e-20	2.55524e-19	4.68593e-18	7.22299e-17	9.0848e-16	8.97545e-15	6.65757e-14	3.57892e-13	1.43347e-12	4.25746e-12	1.43347e-12	3.57892e-13	6.65757e-14	8.97545e-15	9.0848e-16	7.22299e-17	4.68593e-18	2.55524e-19	1.19837e-20	4.91998e-22	1.54089e-23	-3.81409e-23	-4.7074e-22	-4.29153e-21	-2.62161e-20	-8.26006e-20	-2.62162e-20	-4.29154e-21	-4.7076e-22	-3.87299e-23	-2.54504e-24	-1.39067e-25	-6.49804e-27	-2.65032e-28	-9.58555e-30	-3.11282e-31	-9.16856e-33	-2.46995e-34	-6.12872e-36	-1.40913e-37	-3.01771e-39	-6.04656e-41	-1.13807e-42	-2.0192e-44	-3.38772e-46	-5.3898e-48	-8.15234e-50	-1.19116e-51	-1.19116e-51	
2.45857e-73	2.45857e-73	2.88577e-71	3.3177e-69	3.70265e-67	4.00798e-65	4.20425e-63	4.26967e-61	4.19379e-59	3.97983e-57	3.64477e-55	3.21733e-53	2.73384e-51	2.23301e-49	1.75061e-47	1.31509e-45	9.44975e-44	6.48245e-42	4.23638e-40	2.63135e-38	1.54947e-36	8.62537e-35	4.52478e-33	2.22902e-31	1.02708e-29	4.40676e-28	1.75156e-26	6.41138e-25	2.14634e-23	6.51825e-22	1.7784e-20	4.30803e-19	9.13207e-18	1.66334e-16	2.54315e-15	3.16636e-14	3.08633e-13	2.24559e-12	1.17331e-11	4.54543e-11	1.33462e-10	4.54543e-11	1.17331e-11	2.24559e-12	3.08633e-13	3.16636e-14	2.54315e-15	1.66334e-16	9.13207e-18	4.30802e-19	1.77772e-20	5.28288e-22	-1.85212e-21	-2.269e-20	-2.06046e-19	-1.25346e-18	-3.93257e-18	-1.25346e-18	-2.06047e-19	-2.26908e-20	-1.87361e-21	-1.2354e-22	-6.77212e-24	-3.17387e-25	-1.2982e-26	-4.70797e-28	-1.53281e-29	-4.5259e-31	-1.22213e-32	-3.03936e-34	-7.00346e-36	-1.50299e-37	-3.01771e-39	-5.69112e-41	-1.01169e-42	-1.70056e-44	-2.71053e-46	-4.10715e-48	-6.01172e-50	-6.01172e-50	
8.77739e-72	8.77739e-72	1.02836e-69	1.1801e-67	1.31456e-65	1.42026e-63	1.48694e-61	1.50712e-59	1.47739e-57	1.39917e-55	1.27874e-53	1.1264e-51	9.55067e-50	7.78386e-48	6.08856e-46	4.56328e-44	3.27121e-42	2.23853e-40	1.45922e-38	9.04e-37	5.30875e-35	2.94686e-33	1.54133e-31	7.56952e-30	3.47652e-28	1.48649e-26	5.88677e-25	2.14634e-23	7.15494e-22	2.16291e-20	5.87132e-19	1.41426e-17	2.97876e-16	5.38537e-15	8.16089e-14	1.00482e-12	9.65036e-12	6.87427e-11	3.47968e-10	1.29743e-09	3.75766e-09	1.29743e-09	3.47968e-10	6.87427e-11	9.65036e-12	1.00482e-12	8.16089e-14	5.38537e-15	2.97876e-16	1.41426e-17	5.86824e-19	1.60262e-20	-8.3949e-20	-1.02131e-18	-9.23502e-18	-5.5924e-17	-1.74632e-16	-5.59241e-17	-9.23507e-18	-1.02134e-18	-8.4666e-20	-5.60306e-21	-3.08195e-22	-1.44904e-23	-5.94483e-25	-2.16207e-26	-7.05828e-28	-2.08945e-29	-5.65604e-31	-1.40995e-32	-3.25626e-34	-7.00346e-36	-1.40913e-37	-2.66293e-39	-4.7432e-41	-7.98829e-43	-1.27565e-44	-1.93649e-46	-2.83962e-48	-2.83962e-48	
2.85494e-70	2.85494e-70	3.33837e-68	3.8235e-66	4.25074e-64	4.58332e-62	4.78875e-60	4.84371e-58	4.73818e-56	4.47773e-54	4.08336e-52	3.58888e-50	3.03607e-48	2.46865e-46	1.92637e-44	1.44024e-42	1.02983e-40	7.02891e-39	4.56956e-37	2.82298e-35	1.65299e-33	9.14794e-32	4.76964e-30	2.3346e-28	1.06848e-26	4.55163e-25	1.79539e-23	6.51825e-22	2.16291e-20	6.50557e-19	1.75619e-17	4.20403e-16	8.79224e-15	1.57653e-13	2.36555e-12	2.8768e-11	2.71785e-10	1.89089e-09	9.23571e-09	3.29386e-08	9.38148e-08	3.29386e-08	9.23571e-09	1.89089e-09	2.71785e-10	2.8768e-11	2.36555e-12	1.57653e-13	8.79224e-15	4.20403e-16	1.75488e-17	4.14243e-19	-3.53523e-18	-4.27234e-17	-3.84523e-16	-2.3168e-15	-7.1968e-15	-2.31681e-15	-3.84526e-16	-4.27246e-17	-3.55695e-18	-2.36325e-19	-1.30468e-20	-6.15518e-22	-2.53333e-23	-9.24124e-25	-3.0255e-26	-8.98059e-28	-2.43727e-29	-6.09065e-31	-1.40995e-32	-3.03936e-34	-6.12872e-36	-1.16064e-37	-2.07156e-39	-3.49575e-41	-5.59316e-43	-8.5066e-45	-1.24971e-46	-1.24971e-46	
8.38779e-69	8.38779e-69	9.78785e-67	1.11869e-64	1.24108e-62	1.33532e-60	1.39213e-58	1.405e-56	1.3713e-54	1.29295e-52	1.17632e-50	1.0314e-48	8.70399e-47	7.05956e-45	5.49466e-43	4.09721e-41	2.92172e-39	1.98857e-37	1.28903e-35	7.9394e-34	4.63433e-32	2.55633e-30	1.32827e-28	6.47806e-27	2.95351e-25	1.25308e-23	4.92137e-22	1.7784e-20	5.87132e-19	1.75619e-17	4.71177e-16	1.12015e-14	2.32422e-13	4.12922e-12	6.12727e-11	7.34824e-10	6.81465e-09	4.61648e-08	2.16476e-07	7.32631e-07	2.04333e-06	7.32631e-07	2.16476e-07	4.61648e-08	6.81465e-09	7.34824e-10	6.12727e-11	4.12922e-12	2.32422e-13	1.12015e-14	4.70667e-16	8.34275e-18	-1.3758e-16	-1.65184e-15	-1.47907e-14	-8.86152e-14	-2.7365e-13	-8.86158e-14	-1.47908e-14	-1.65189e-15	-1.38172e-16	-9.21975e-18	-5.11013e-19	-2.41971e-20	-9.9931e-22	-3.65704e-23	-1.2009e-24	-3.5748e-26	-9.72803e-28	-2.43727e-29	-5.65604e-31	-1.22213e-32	-2.46995e-34	-4.68775e-36	-8.38459e-38	-1.4178e-39	-2.27296e-41	-3.46361e-43	-5.09811e-45	-5.09811e-45	
2.20349e-67	2.20349e-67	2.56553e-65	2.92564e-63	3.23829e-61	3.47611e-59	3.61547e-57	3.64013e-55	3.54414e-53	3.33332e-51	3.02492e-49	2.64537e-47	2.22648e-45	1.80091e-43	1.39778e-41	1.03928e-39	7.38908e-38	5.01369e-36	3.23965e-34	1.98878e-32	1.15689e-30	6.35853e-29	3.29145e-27	1.59888e-25	7.25906e-24	3.06599e-22	1.19837e-20	4.30803e-19	1.41426e-17	4.20403e-16	1.12015e-14	2.64229e-13	5.43361e-12	9.55225e-11	1.3995e-09	1.65166e-08	1.49935e-07	9.84984e-07	4.40503e-06	1.39998e-05	3.79975e-05	1.39998e-05	4.40503e-06	9.84984e-07	1.49935e-07	1.65166e-08	1.3995e-09	9.55225e-11	5.43361e-12	2.64228e-13	1.11831e-14	8.98113e-17	-4.9172e-15	-5.86515e-14	-5.22161e-13	-3.10862e-12	-9.53522e-12	-3.10864e-12	-5.22169e-13	-5.86534e-14	-4.93156e-15	-3.30622e-16	-1.84041e-17	-8.74924e-19	-3.62662e-20	-1.33174e-21	-4.38719e-23	-1.30991e-24	-3.5748e-26	-8.98059e-28	-2.08945e-29	-4.5259e-31	-9.16856e-33	-1.74406e-34	-3.12629e-36	-5.29759e-38	-8.5103e-40	-1.2994e-41	-1.91634e-43	-1.91634e-43	
5.11371e-66	5.11371e-66	5.9392e-64	6.75601e-62	7.45909e-60	7.98631e-58	8.28478e-56	8.3191e-54	8.07775e-52	7.57624e-50	6.85586e-48	5.97831e-46	5.01676e-44	4.04554e-42	3.13015e-40	2.31987e-38	1.64392e-36	1.11163e-34	7.15742e-33	4.37764e-31	2.53672e-29	1.38863e-27	7.15779e-26	3.46153e-24	1.56413e-22	6.57309e-21	2.55524e-19	9.13207e-18	2.97876e-16	8.79224e-15	2.32422e-13	5.43361e-12	1.10586e-10	1.92044e-09	2.772e-08	3.21027e-07	2.8415e-06	1.79996e-05	7.60784e-05	0.000223839	0.000585539	0.000223839	7.60784e-05	1.79996e-05	2.8415e-06	3.21027e-07	2.772e-08	1.92044e-09	1.10586e-10	5.43359e-12	2.31819e-13	-2.02464e-15	-1.60218e-13	-1.89812e-12	-1.67894e-11	-9.92317e-11	-3.02018e-10	-9.92328e-11	-1.67898e-11	-1.89819e-12	-1.60526e-13	-1.08182e-14	-6.05046e-16	-2.8888e-17	-1.20219e-18	-4.43083e-20	-1.46467e-21	-4.38719e-23	-1.2009e-24	-3.0255e-26	-7.05828e-28	-1.53281e-29	-3.11282e-31	-5.93526e-33	-1.06633e-34	-1.81088e-36	-2.91523e-38	-4.46026e-40	-6.59116e-42	-6.59116e-42	
1.03335e-64	1.03335e-64	1.1968e-62	1.35755e-60	1.49452e-58	1.59548e-56	1.65018e-54	1.652e-52	1.59912e-50	1.4951e-48	1.34858e-46	1.17208e-44	9.80235e-43	7.87721e-41	6.07307e-39	4.48442e-37	3.16573e-35	2.13228e-33	1.36732e-31	8.32747e-30	4.80422e-28	2.61774e-26	1.34278e-24	6.46041e-23	2.90332e-21	1.21299e-19	4.68593e-18	1.66334e-16	5.38537e-15	1.57653e-13	4.12922e-12	9.55225e-11	1.92044e-09	3.28678e-08	4.65995e-07	5.27436e-06	4.52614e-05	0.000274129	0.00108058	0.00288391	0.00715406	0.00288391	0.00108058	0.000274129	4.52614e-05	5.27436e-06	4.65995e-07	3.28678e-08	1.92044e-09	9.5522e-11	4.11128e-12	-1.62471e-13	-4.71762e-12	-5.5487e-11	-4.87185e-10	-2.85537e-09	-8.61125e-09	-2.85541e-09	-4.87197e-10	-5.54895e-11	-4.72336e-12	-3.20172e-13	-1.80005e-14	-8.63509e-16	-3.60909e-17	-1.33547e-18	-4.43083e-20	-1.33174e-21	-3.65704e-23	-9.24124e-25	-2.16207e-26	-4.70797e-28	-9.58555e-30	-1.83219e-31	-3.29949e-33	-5.61603e-35	-9.06069e-37	-1.3892e-38	-2.05715e-40	-2.05715e-40	
1.78711e-63	1.78711e-63	2.06299e-61	2.33234e-59	2.55901e-57	2.72251e-55	2.80601e-53	2.79908e-51	2.6996e-49	2.51461e-47	2.25953e-45	1.95614e-43	1.62942e-41	1.30402e-39	1.0011e-37	7.36e-36	5.1723e-34	3.46756e-32	2.21282e-30	1.3409e-28	7.69519e-27	4.16992e-25	2.1266e-23	1.0169e-21	4.54034e-20	1.88378e-18	7.22299e-17	2.54315e-15	8.1609e-14	2.36555e-12	6.12727e-11	1.3995e-09	2.772e-08	4.65995e-07	6.4612e-06	7.10432e-05	0.000585849	0.00334638	0.0120412	0.0282584	0.0645069	0.0282584	0.0120412	0.00334638	0.000585849	7.10432e-05	6.4612e-06	4.65995e-07	2.77201e-08	1.39949e-09	6.07949e-11	-6.11337e-12	-1.24199e-10	-1.44924e-09	-1.26161e-08	-7.32153e-08	-2.1839e-07	-7.32166e-08	-1.26165e-08	-1.44932e-09	-1.24291e-10	-8.48045e-12	-4.79567e-13	-2.3126e-14	-9.71147e-16	-3.60909e-17	-1.20219e-18	-3.62662e-20	-9.9931e-22	-2.53333e-23	-5.94483e-25	-1.2982e-26	-2.65032e-28	-5.07889e-30	-9.16881e-32	-1.5643e-33	-2.5295e-35	-3.88676e-37	-5.76789e-39	-5.76789e-39	
2.59191e-62	2.59191e-62	2.98017e-60	3.35576e-58	3.66685e-56	3.88485e-54	3.98694e-52	3.95975e-50	3.802e-48	3.52528e-46	3.15285e-44	2.71639e-42	2.2515e-40	1.79272e-38	1.36906e-36	1.00108e-34	6.99582e-33	4.66288e-31	2.95769e-29	1.78104e-27	1.01541e-25	5.46465e-24	2.76678e-22	1.31294e-20	5.81463e-19	2.39161e-17	9.0848e-16	3.16636e-14	1.00482e-12	2.8768e-11	7.34824e-10	1.65166e-08	3.21027e-07	5.27436e-06	7.10432e-05	0.000751618	0.00586806	0.0308402	0.0974312	0.191115	0.377701	0.191115	0.0974312	0.0308402	0.00586806	0.000751618	7.10432e-05	5.27437e-06	3.21028e-07	1.65164e-08	7.23569e-10	-1.6961e-10	-2.88509e-09	-3.3366e-08	-2.87547e-07	-1.64903e-06	-4.85285e-06	-1.64907e-06	-2.87557e-07	-3.3368e-08	-2.88639e-09	-1.98419e-10	-1.12944e-11	-5.4783e-13	-2.3126e-14	-8.63509e-16	-2.8888e-17	-8.74924e-19	-2.41971e-20	-6.15518e-22	-1.44904e-23	-3.17387e-25	-6.49803e-27	-1.24861e-28	-2.25989e-30	-3.8651e-32	-6.2647e-34	-9.64796e-36	-1.43491e-37	-1.43491e-37	
3.08069e-61	3.08069e-61	3.52482e-59	3.94931e-57	4.29344e-55	4.52495e-53	4.61899e-51	4.56229e-49	4.3558e-47	4.01534e-45	3.56968e-43	3.0566e-41	2.51741e-39	1.9913e-37	1.51041e-35	1.09668e-33	7.60807e-32	5.03257e-30	3.16701e-28	1.89138e-26	1.06903e-24	5.70112e-23	2.85898e-21	1.343e-19	5.88395e-18	2.39236e-16	8.97545e-15	3.08633e-13	9.65036e-12	2.71785e-10	6.81465e-09	1.49935e-07	2.8415e-06	4.52614e-05	0.000585849	0.00586806	0.0422087	0.194295	0.499079	0.757233	1.15645	0.757233	0.499079	0.194295	0.0422087	0.00586806	0.000585849	4.52615e-05	2.84152e-06	1.49927e-07	6.58392e-09	-3.76093e-09	-5.81545e-08	-6.65636e-07	-5.66736e-06	-3.203e-05	-9.26625e-05	-3.20308e-05	-5.66759e-06	-6.65681e-07	-5.81709e-08	-4.03361e-09	-2.31329e-10	-1.12944e-11	-4.79567e-13	-1.80005e-14	-6.05046e-16	-1.84041e-17	-5.11013e-19	-1.30468e-20	-3.08195e-22	-6.77212e-24	-1.39067e-25	-2.67981e-27	-4.86336e-29	-8.33924e-31	-1.35498e-32	-2.09165e-34	-3.11799e-36	-3.11799e-36	
2.92812e-60	2.92812e-60	3.33019e-58	3.70841e-56	4.00614e-54	4.19472e-52	4.25318e-50	4.17185e-48	3.95451e-46	3.61838e-44	3.19208e-42	2.71149e-40	2.2147e-38	1.73678e-36	1.30556e-34	9.39084e-33	6.45119e-31	4.22374e-29	2.62954e-27	1.55272e-25	8.67202e-24	4.56681e-22	2.25972e-20	1.04649e-18	4.51562e-17	1.80622e-15	6.65757e-14	2.2456e-12	6.87427e-11	1.89089e-09	4.61649e-08	9.84985e-07	1.79996e-05	0.000274129	0.00334638	0.0308402	0.194295	0.712628	1.30968	1.47764	1.57612	1.47764	1.30968	0.712628	0.194295	0.0308402	0.00334638	0.00027413	1.79997e-05	9.84816e-07	4.21373e-08	-6.7819e-08	-9.95163e-07	-1.12514e-05	-9.43791e-05	-0.000523614	-0.00148118	-0.000523629	-9.43833e-05	-1.12522e-05	-9.95354e-07	-6.97258e-08	-4.03361e-09	-1.98418e-10	-8.48043e-12	-3.20171e-13	-1.08181e-14	-3.30621e-16	-9.21974e-18	-2.36325e-19	-5.60306e-21	-1.2354e-22	-2.54504e-24	-4.91902e-26	-8.95252e-28	-1.53924e-29	-2.50741e-31	-3.88014e-33	-5.79786e-35	-5.79786e-35	
2.16592e-59	2.16592e-59	2.44715e-57	2.70665e-55	2.90337e-53	3.01777e-51	3.03648e-49	2.95472e-47	2.77751e-45	2.51936e-43	2.20234e-41	1.85294e-39	1.49832e-37	1.16264e-35	8.64289e-34	6.14418e-32	4.16872e-30	2.69363e-28	1.65364e-26	9.62008e-25	5.28795e-23	2.73756e-21	1.32993e-19	6.03801e-18	2.54993e-16	9.96297e-15	3.57892e-13	1.17331e-11	3.47968e-10	9.23572e-09	2.16477e-07	4.40504e-06	7.60785e-05	0.00108058	0.0120412	0.0974312	0.499079	1.30968	1.59273	1.64843	1.66479	1.64843	1.59273	1.30968	0.499079	0.0974312	0.0120412	0.00108058	7.6079e-05	4.40229e-06	1.5835e-07	-9.85898e-07	-1.40341e-05	-0.000156301	-0.00128655	-0.00696595	-0.0191034	-0.00696614	-0.00128661	-0.000156312	-1.40362e-05	-9.95351e-07	-5.81707e-08	-2.88638e-09	-1.24291e-10	-4.72334e-12	-1.60525e-13	-4.93155e-15	-1.38171e-16	-3.55694e-18	-8.46659e-20	-1.87361e-21	-3.87299e-23	-7.50957e-25	-1.37083e-26	-2.36361e-28	-3.86067e-30	-5.98959e-32	-8.97211e-34	-8.97211e-34	
1.17765e-58	1.17765e-58	1.32429e-56	1.45739e-54	1.555e-52	1.60711e-50	1.60733e-48	1.55403e-46	1.45089e-44	1.30652e-42	1.13332e-40	9.45713e-39	7.58046e-37	5.82737e-35	4.28886e-33	3.0164e-31	2.02313e-29	1.29113e-27	7.82084e-26	4.48412e-24	2.42615e-22	1.23448e-20	5.88443e-19	2.61619e-17	1.07943e-15	4.10917e-14	1.43346e-12	4.54542e-11	1.29743e-09	3.29387e-08	7.32634e-07	1.39998e-05	0.00022384	0.00288392	0.0282584	0.191115	0.757233	1.47764	1.64843	1.67342	1.67679	1.67342	1.64843	1.47764	0.757233	0.191115	0.0282584	0.00288393	0.00022384	1.39668e-05	6.72319e-08	-1.1217e-05	-0.000156293	-0.0017079	-0.0137135	-0.0717904	-0.188055	-0.0717923	-0.0137141	-0.00170801	-0.000156311	-1.12521e-05	-6.65675e-07	-3.33677e-08	-1.44931e-09	-5.54892e-11	-1.89818e-12	-5.86532e-14	-1.65188e-15	-4.27245e-17	-1.02134e-18	-2.26908e-20	-4.7076e-22	-9.15887e-24	-1.67722e-25	-2.90054e-27	-4.75109e-29	-7.39079e-31	-1.10997e-32	-1.10997e-32	
3.59082e-58	3.59082e-58	4.07025e-56	4.5095e-54	4.83864e-52	5.02404e-50	5.04356e-48	4.89058e-46	4.57589e-44	4.12663e-42	3.58258e-40	2.99023e-38	2.39608e-36	1.8404e-34	1.35268e-32	9.4962e-31	6.35456e-29	4.04415e-27	2.44171e-25	1.39471e-23	7.51374e-22	3.80453e-20	1.80347e-18	7.96762e-17	3.26376e-15	1.23215e-13	4.25689e-12	1.33453e-10	3.75754e-09	9.38139e-08	2.04332e-06	3.79975e-05	0.000585539	0.00715406	0.0645069	0.377701	1.15646	1.57613	1.6648	1.67679	1.67802	1.67679	1.6648	1.57613	1.15646	0.377701	0.0645069	0.00715403	0.000585519	3.77082e-05	-3.62343e-06	-9.42777e-05	-0.00128651	-0.0137134	-0.10641	-0.529987	-1.28791	-0.529999	-0.106413	-0.013714	-0.0012866	-9.43823e-05	-5.66752e-06	-2.87554e-07	-1.26164e-08	-4.87193e-10	-1.67897e-11	-5.22167e-13	-1.47908e-14	-3.84525e-16	-9.23506e-18	-2.06047e-19	-4.29154e-21	-8.37966e-23	-1.5397e-24	-2.67113e-26	-4.38831e-28	-6.84562e-30	-1.03087e-31	-1.03087e-31	
