2.76458e-87	2.76458e-87	1.05065e-85	3.98034e-84	1.46548e-82	5.23942e-81	1.81744e-79	6.11105e-78	1.98992e-76	6.26871e-75	1.90841e-73	5.60803e-72	1.58876e-70	4.33353e-69	1.13642e-67	2.86077e-66	6.90173e-65	1.59288e-63	3.51007e-62	7.36949e-61	1.47077e-59	2.78314e-58	4.97972e-57	8.39884e-56	1.33076e-54	1.97336e-53	2.72712e-52	3.49571e-51	4.13418e-50	4.48383e-49	4.42946e-48	3.95476e-47	3.16301e-46	2.24316e-45	1.39392e-44	7.48277e-44	3.4081e-43	1.28434e-42	3.84836e-42	8.53859e-42	1.22033e-41	8.53859e-42	3.84836e-42	1.28434e-42	3.4081e-43	7.48277e-44	1.39392e-44	2.24316e-45	3.16301e-46	3.95476e-47	4.42946e-48	4.48383e-49	4.13418e-50	3.49571e-51	2.72712e-52	1.97336e-53	1.33076e-54	8.39884e-56	4.97973e-57	2.78314e-58	1.47077e-59	7.36949e-61	3.51008e-62	1.59288e-63	6.90174e-65	2.86078e-66	1.13642e-67	4.33355e-69	1.58877e-70	5.60806e-72	1.90842e-73	6.26876e-75	1.98994e-76	6.11111e-78	1.81746e-79	5.23949e-81	1.4655e-82	3.98048e-84	1.07763e-85	1.07763e-85	
2.76458e-87	2.76458e-87	1.05065e-85	3.98034e-84	1.46548e-82	5.23942e-81	1.81744e-79	6.11105e-78	1.98992e-76	6.26871e-75	1.90841e-73	5.60803e-72	1.58876e-70	4.33353e-69	1.13642e-67	2.86077e-66	6.90173e-65	1.59288e-63	3.51007e-62	7.36949e-61	1.47077e-59	2.78314e-58	4.97972e-57	8.39884e-56	1.33076e-54	1.97336e-53	2.72712e-52	3.49571e-51	4.13418e-50	4.48383e-49	4.42946e-48	3.95476e-47	3.16301e-46	2.24316e-45	1.39392e-44	7.48277e-44	3.4081e-43	1.28434e-42	3.84836e-42	8.53859e-42	1.22033e-41	8.53859e-42	3.84836e-42	1.28434e-42	3.4081e-43	7.48277e-44	1.39392e-44	2.24316e-45	3.16301e-46	3.95476e-47	4.42946e-48	4.48383e-49	4.13418e-50	3.49571e-51	2.72712e-52	1.97336e-53	1.33076e-54	8.39884e-56	4.97973e-57	2.78314e-58	1.47077e-59	7.36949e-61	3.51008e-62	1.59288e-63	6.90174e-65	2.86078e-66	1.13642e-67	4.33355e-69	1.58877e-70	5.60806e-72	1.90842e-73	6.26876e-75	1.98994e-76	6.11111e-78	1.81746e-79	5.23949e-81	1.4655e-82	3.98048e-84	1.07763e-85	1.07763e-85	
1.05065e-85	1.05065e-85	3.99037e-84	1.51077e-82	5.55878e-81	1.98609e-79	6.88472e-78	2.31339e-76	7.52787e-75	2.36979e-73	7.20929e-72	2.11697e-70	5.99294e-69	1.63339e-67	4.28003e-66	1.07657e-64	2.5951e-63	5.98422e-62	1.31751e-60	2.76361e-59	5.51017e-58	1.04165e-56	1.8618e-55	3.13664e-54	4.96402e-53	7.35179e-52	1.01462e-50	1.29867e-49	1.5334e-48	1.66015e-47	1.6368e-46	1.45817e-45	1.16334e-44	8.22702e-44	5.09613e-43	2.72604e-42	1.23694e-41	4.64392e-41	1.38688e-40	3.0699e-40	4.38328e-40	3.0699e-40	1.38688e-40	4.64392e-41	1.23694e-41	2.72604e-42	5.09613e-43	8.22702e-44	1.16334e-44	1.45817e-45	1.6368e-46	1.66015e-47	1.5334e-48	1.29867e-49	1.01462e-50	7.35179e-52	4.96403e-53	3.13664e-54	1.8618e-55	1.04165e-56	5.51018e-58	2.76361e-59	1.31752e-60	5.98423e-62	2.59511e-63	1.07657e-64	4.28004e-66	1.6334e-67	5.99297e-69	2.11699e-70	7.20934e-72	2.36981e-73	7.52795e-75	2.31342e-76	6.88482e-78	1.98612e-79	5.55888e-81	1.51083e-82	4.09291e-84	4.09291e-84	
3.98034e-84	3.98034e-84	1.51077e-82	5.71624e-81	2.10191e-79	7.50504e-78	2.59989e-76	8.73028e-75	2.83893e-73	8.93081e-72	2.71497e-70	7.96661e-69	2.2536e-67	6.13758e-66	1.60699e-64	4.03888e-63	9.72783e-62	2.24129e-60	4.93018e-59	1.0332e-57	2.05807e-56	3.88671e-55	6.93966e-54	1.16785e-52	1.84606e-51	2.73062e-50	3.76343e-49	4.81e-48	5.67033e-47	6.12824e-46	6.0302e-45	5.36027e-44	4.26583e-43	3.00822e-42	1.85745e-41	9.90069e-41	4.47532e-40	1.67381e-39	4.98184e-39	1.10008e-38	1.56919e-38	1.10008e-38	4.98184e-39	1.67381e-39	4.47532e-40	9.90069e-41	1.85745e-41	3.00822e-42	4.26583e-43	5.36027e-44	6.0302e-45	6.12824e-46	5.67033e-47	4.81e-48	3.76343e-49	2.73062e-50	1.84606e-51	1.16785e-52	6.93966e-54	3.88671e-55	2.05807e-56	1.0332e-57	4.93019e-59	2.2413e-60	9.72786e-62	4.0389e-63	1.607e-64	6.13761e-66	2.25361e-67	7.96667e-69	2.715e-70	8.93092e-72	2.83897e-73	8.73042e-75	2.59994e-76	7.5052e-78	2.10196e-79	5.71649e-81	1.54962e-82	1.54962e-82	
1.46548e-82	1.46548e-82	5.55878e-81	2.10191e-79	7.72392e-78	2.75608e-76	9.5412e-75	3.2017e-73	1.04041e-71	3.27066e-70	9.93567e-69	2.9133e-67	8.23495e-66	2.24102e-64	5.86298e-63	1.47235e-61	3.54323e-60	8.15652e-59	1.79258e-57	3.75313e-56	7.4687e-55	1.40904e-53	2.51313e-52	4.22449e-51	6.66978e-50	9.85301e-49	1.3561e-47	1.73063e-46	2.03684e-45	2.19736e-44	2.15787e-43	1.91381e-42	1.51916e-41	1.06819e-40	6.57392e-40	3.4912e-39	1.57186e-38	5.85554e-38	1.73666e-37	3.82515e-37	5.45073e-37	3.82515e-37	1.73666e-37	5.85554e-38	1.57186e-38	3.4912e-39	6.57392e-40	1.06819e-40	1.51916e-41	1.91381e-42	2.15787e-43	2.19736e-44	2.03684e-45	1.73063e-46	1.3561e-47	9.85301e-49	6.66978e-50	4.22449e-51	2.51313e-52	1.40905e-53	7.46871e-55	3.75314e-56	1.79258e-57	8.15655e-59	3.54325e-60	1.47236e-61	5.86302e-63	2.24104e-64	8.23502e-66	2.91333e-67	9.93579e-69	3.27071e-70	1.04043e-71	3.20176e-73	9.54142e-75	2.75615e-76	7.72415e-78	2.10202e-79	5.70187e-81	5.70187e-81	
5.23942e-81	5.23942e-81	1.98609e-79	7.50504e-78	2.75608e-76	9.82775e-75	3.39994e-73	1.14011e-71	3.70227e-70	1.16302e-68	3.53044e-67	1.03441e-65	2.92168e-64	7.94466e-63	2.07681e-61	5.21108e-60	1.25298e-58	2.8818e-57	6.32758e-56	1.32355e-54	2.63122e-53	4.95889e-52	8.83486e-51	1.48339e-49	2.33916e-48	3.45103e-47	4.74307e-46	6.04375e-45	7.10122e-44	7.64672e-43	7.49383e-42	6.63088e-41	5.24971e-40	3.68026e-39	2.25724e-38	1.19419e-37	5.35459e-37	1.98644e-36	5.86963e-36	1.28941e-35	1.8354e-35	1.28941e-35	5.86963e-36	1.98644e-36	5.35459e-37	1.19419e-37	2.25724e-38	3.68026e-39	5.24971e-40	6.63088e-41	7.49383e-42	7.64672e-43	7.10122e-44	6.04375e-45	4.74307e-46	3.45103e-47	2.33916e-48	1.48339e-49	8.83487e-51	4.9589e-52	2.63123e-53	1.32355e-54	6.3276e-56	2.88181e-57	1.25299e-58	5.21111e-60	2.07683e-61	7.94474e-63	2.92171e-64	1.03442e-65	3.53049e-67	1.16304e-68	3.70235e-70	1.14014e-71	3.40004e-73	9.82807e-75	2.75618e-76	7.50548e-78	2.03726e-79	2.03726e-79	
1.81744e-79	1.81744e-79	6.88472e-78	2.59989e-76	9.5412e-75	3.39994e-73	1.17541e-71	3.93876e-70	1.27811e-68	4.01206e-67	1.21699e-65	3.563e-64	1.00558e-62	2.7322e-61	7.13633e-60	1.78911e-58	4.29806e-57	9.87641e-56	2.16653e-54	4.52733e-53	8.99122e-52	1.69271e-50	3.01239e-49	5.0519e-48	7.95633e-47	1.17224e-45	1.6088e-44	2.04676e-43	2.40076e-42	2.58029e-41	2.52336e-40	2.22748e-39	1.75875e-38	1.22916e-37	7.51244e-37	3.9588e-36	1.76749e-35	6.52863e-35	1.92161e-34	4.20948e-34	5.98519e-34	4.20948e-34	1.92161e-34	6.52863e-35	1.76749e-35	3.9588e-36	7.51244e-37	1.22916e-37	1.75875e-38	2.22748e-39	2.52336e-40	2.58029e-41	2.40076e-42	2.04676e-43	1.6088e-44	1.17224e-45	7.95633e-47	5.0519e-48	3.0124e-49	1.69271e-50	8.99125e-52	4.52735e-53	2.16654e-54	9.87646e-56	4.29809e-57	1.78912e-58	7.1364e-60	2.73223e-61	1.0056e-62	3.56307e-64	1.21701e-65	4.01216e-67	1.27814e-68	3.93889e-70	1.17545e-71	3.40008e-73	9.54164e-75	2.60007e-76	7.06231e-78	7.06231e-78	
6.11105e-78	6.11105e-78	2.31339e-76	8.73028e-75	3.2017e-73	1.14011e-71	3.93876e-70	1.31893e-68	4.27672e-67	1.34149e-65	4.06606e-64	1.1895e-62	3.35444e-61	9.10664e-60	2.37659e-58	5.95305e-57	1.42885e-55	3.28028e-54	7.18886e-53	1.50073e-51	2.97733e-50	5.59909e-49	9.95287e-48	1.66711e-46	2.62219e-45	3.85807e-44	5.28702e-43	6.7155e-42	7.86315e-41	8.43474e-40	8.23078e-39	7.2479e-38	5.70682e-37	3.97573e-36	2.4211e-35	1.27063e-34	5.64773e-34	2.07667e-33	6.0874e-33	1.32958e-32	1.8882e-32	1.32958e-32	6.0874e-33	2.07667e-33	5.64773e-34	1.27063e-34	2.4211e-35	3.97573e-36	5.70682e-37	7.2479e-38	8.23078e-39	8.43474e-40	7.86315e-41	6.7155e-42	5.28702e-43	3.85807e-44	2.62219e-45	1.66711e-46	9.95289e-48	5.59911e-49	2.97734e-50	1.50074e-51	7.1889e-53	3.28031e-54	1.42886e-55	5.95312e-57	2.37663e-58	9.10679e-60	3.35451e-61	1.18953e-62	4.06617e-64	1.34153e-65	4.27687e-67	1.31898e-68	3.93894e-70	1.14017e-71	3.20188e-73	8.73098e-75	2.37314e-76	2.37314e-76	
1.98992e-76	1.98992e-76	7.52787e-75	2.83893e-73	1.04041e-71	3.70227e-70	1.27811e-68	4.27672e-67	1.38573e-65	4.34334e-64	1.31544e-62	3.84519e-61	1.08347e-59	2.93895e-58	7.66329e-57	1.91785e-55	4.599e-54	1.05482e-52	2.30939e-51	4.81612e-50	9.5446e-49	1.79293e-47	3.18333e-46	5.32548e-45	8.36534e-44	1.22907e-42	1.68173e-41	2.13259e-40	2.49253e-39	2.66838e-38	2.59806e-37	2.28206e-36	1.7917e-35	1.24412e-34	7.54789e-34	3.94443e-33	1.7451e-32	6.38624e-32	1.86397e-31	4.05853e-31	5.75647e-31	4.05853e-31	1.86397e-31	6.38624e-32	1.7451e-32	3.94443e-33	7.54789e-34	1.24412e-34	1.7917e-35	2.28206e-36	2.59806e-37	2.66839e-38	2.49253e-39	2.13259e-40	1.68173e-41	1.22907e-42	8.36535e-44	5.32549e-45	3.18334e-46	1.79293e-47	9.54465e-49	4.81615e-50	2.30941e-51	1.05483e-52	4.59906e-54	1.91788e-55	7.66343e-57	2.93901e-58	1.0835e-59	3.84531e-61	1.31549e-62	4.34351e-64	1.38579e-65	4.27694e-67	1.27818e-68	3.70251e-70	1.04049e-71	2.8392e-73	7.72254e-75	7.72254e-75	
6.26871e-75	6.26871e-75	2.36979e-73	8.93081e-72	3.27066e-70	1.16302e-68	4.01206e-67	1.34149e-65	4.34334e-64	1.36029e-62	4.11656e-61	1.20234e-59	3.38505e-58	9.17417e-57	2.39005e-55	5.97601e-54	1.4317e-52	3.28053e-51	7.17509e-50	1.49476e-48	2.95908e-47	5.55217e-46	9.84595e-45	1.64505e-43	2.58057e-42	3.78598e-41	5.17225e-40	6.54777e-39	7.6387e-38	8.16083e-37	7.92752e-36	6.94527e-35	5.4368e-34	3.76241e-33	2.27373e-32	1.18298e-31	5.20841e-31	1.89653e-30	5.51036e-30	1.19586e-29	1.69391e-29	1.19586e-29	5.51036e-30	1.89653e-30	5.20841e-31	1.18298e-31	2.27373e-32	3.76241e-33	5.4368e-34	6.94527e-35	7.92752e-36	8.16083e-37	7.6387e-38	6.54777e-39	5.17225e-40	3.78598e-41	2.58057e-42	1.64506e-43	9.84598e-45	5.55219e-46	2.9591e-47	1.49477e-48	7.17517e-50	3.28057e-51	1.43173e-52	5.97612e-54	2.3901e-55	9.17442e-57	3.38516e-58	1.20239e-59	4.11675e-61	1.36036e-62	4.34359e-64	1.34158e-65	4.01236e-67	1.16311e-68	3.27096e-70	8.93185e-72	2.43117e-73	2.43117e-73	
1.90841e-73	1.90841e-73	7.20929e-72	2.71497e-70	9.93567e-69	3.53044e-67	1.21699e-65	4.06606e-64	1.31544e-62	4.11656e-61	1.24476e-59	3.63259e-58	1.02184e-56	2.76696e-55	7.20196e-54	1.79908e-52	4.306e-51	9.85672e-50	2.15361e-48	4.48171e-47	8.86216e-46	1.66086e-44	2.94164e-43	4.90841e-42	7.68901e-41	1.12638e-39	1.53634e-38	1.94152e-37	2.26067e-36	2.41009e-35	2.33565e-34	2.04079e-33	1.59267e-32	1.09831e-31	6.61063e-31	3.42361e-30	1.4997e-29	5.43224e-29	1.57078e-28	3.397e-28	4.80501e-28	3.397e-28	1.57078e-28	5.43224e-29	1.4997e-29	3.42361e-30	6.61063e-31	1.09831e-31	1.59267e-32	2.04079e-33	2.33565e-34	2.41009e-35	2.26067e-36	1.94152e-37	1.53634e-38	1.12638e-39	7.68903e-41	4.90843e-42	2.94165e-43	1.66087e-44	8.86223e-46	4.48175e-47	2.15364e-48	9.85689e-50	4.30609e-51	1.79913e-52	7.20218e-54	2.76706e-55	1.02188e-56	3.63277e-58	1.24483e-59	4.11683e-61	1.31554e-62	4.0664e-64	1.2171e-65	3.5308e-67	9.9368e-69	2.71536e-70	7.39635e-72	7.39635e-72	
5.60803e-72	5.60803e-72	2.11697e-70	7.96661e-69	2.9133e-67	1.03441e-65	3.563e-64	1.1895e-62	3.84519e-61	1.20234e-59	3.63259e-58	1.05919e-56	2.97688e-55	8.05362e-54	2.09429e-52	5.22662e-51	1.24973e-49	2.85778e-48	6.23737e-47	1.29657e-45	2.56089e-44	4.79355e-43	8.47927e-42	1.41294e-40	2.21018e-39	3.23276e-38	4.40205e-37	5.55301e-36	6.45306e-35	6.86455e-34	6.6363e-33	5.7825e-32	4.49855e-31	3.09095e-30	1.85263e-29	9.54875e-29	4.1606e-28	1.49875e-27	4.31179e-27	9.29027e-27	1.31213e-26	9.29027e-27	4.31179e-27	1.49875e-27	4.1606e-28	9.54875e-29	1.85263e-29	3.09095e-30	4.49855e-31	5.7825e-32	6.6363e-33	6.86456e-34	6.45307e-35	5.55301e-36	4.40206e-37	3.23277e-38	2.21019e-39	1.41294e-40	8.47932e-42	4.79359e-43	2.56092e-44	1.29659e-45	6.23749e-47	2.85785e-48	1.24976e-49	5.2268e-51	2.09437e-52	8.05401e-54	2.97705e-55	1.05926e-56	3.63286e-58	1.20244e-59	3.84556e-61	1.18963e-62	3.56343e-64	1.03454e-65	2.91372e-67	7.968e-69	2.17202e-70	2.17202e-70	
1.58876e-70	1.58876e-70	5.99294e-69	2.2536e-67	8.23495e-66	2.92168e-64	1.00558e-62	3.35444e-61	1.08347e-59	3.38505e-58	1.02184e-56	2.97688e-55	8.35906e-54	2.25936e-52	5.86971e-51	1.46344e-49	3.49565e-48	7.98516e-47	1.74093e-45	3.61477e-44	7.1311e-43	1.33315e-41	2.3551e-40	3.91893e-39	6.12108e-38	8.9389e-37	1.21513e-35	1.52998e-34	1.77435e-33	1.88324e-32	1.81602e-31	1.57786e-30	1.22351e-29	8.37504e-29	4.9979e-28	2.56313e-27	1.1106e-26	3.97738e-26	1.13811e-25	2.44253e-25	3.44424e-25	2.44253e-25	1.13811e-25	3.97738e-26	1.1106e-26	2.56313e-27	4.9979e-28	8.37505e-29	1.22351e-29	1.57786e-30	1.81602e-31	1.88324e-32	1.77435e-33	1.52999e-34	1.21513e-35	8.93893e-37	6.12111e-38	3.91896e-39	2.35512e-40	1.33317e-41	7.13121e-43	3.61485e-44	1.74097e-45	7.98541e-47	3.49578e-48	1.46351e-49	5.87003e-51	2.2595e-52	8.35968e-54	2.97714e-55	1.02194e-56	3.38542e-58	1.08361e-59	3.3549e-61	1.00574e-62	2.92217e-64	8.23645e-66	2.25409e-67	6.14915e-69	6.14915e-69	
4.33353e-69	4.33353e-69	1.63339e-67	6.13758e-66	2.24102e-64	7.94466e-63	2.7322e-61	9.10664e-60	2.93895e-58	9.17417e-57	2.76696e-55	8.05362e-54	2.25936e-52	6.10098e-51	1.58345e-49	3.94388e-48	9.4107e-47	2.14737e-45	4.67642e-44	9.69847e-43	1.91093e-41	3.56785e-40	6.29426e-39	1.04587e-37	1.63107e-36	2.37801e-35	3.22688e-34	4.0552e-33	4.69297e-32	4.96934e-31	4.77945e-30	4.14038e-29	3.19965e-28	2.18163e-27	1.29601e-26	6.61175e-26	2.8481e-25	1.01372e-24	2.88416e-24	6.16371e-24	8.67667e-24	6.16371e-24	2.88416e-24	1.01372e-24	2.8481e-25	6.61175e-26	1.29601e-26	2.18163e-27	3.19965e-28	4.14038e-29	4.77946e-30	4.96934e-31	4.69297e-32	4.05521e-33	3.22689e-34	2.37802e-35	1.63108e-36	1.04588e-37	6.29434e-39	3.56791e-40	1.91097e-41	9.69873e-43	4.67659e-44	2.14746e-45	9.41119e-47	3.94412e-48	1.58357e-49	6.1015e-51	2.25958e-52	8.05452e-54	2.76731e-55	9.17548e-57	2.93942e-58	9.10825e-60	2.73273e-61	7.94636e-63	2.24154e-64	6.13923e-66	1.67609e-67	1.67609e-67	
1.13642e-67	1.13642e-67	4.28003e-66	1.60699e-64	5.86298e-63	2.07681e-61	7.13633e-60	2.37659e-58	7.66329e-57	2.39005e-55	7.20196e-54	2.09429e-52	5.86971e-51	1.58345e-49	4.10555e-48	1.0215e-46	2.43482e-45	5.54963e-44	1.20716e-42	2.5005e-41	4.92057e-40	9.17482e-39	1.61631e-37	2.68169e-36	4.17554e-35	6.07738e-34	8.23167e-33	1.03241e-31	1.19216e-30	1.25931e-29	1.20791e-28	1.04318e-27	8.03324e-27	5.45502e-26	3.22524e-25	1.6364e-24	7.00564e-24	2.47728e-23	7.00528e-23	1.49035e-22	2.09413e-22	1.49035e-22	7.00528e-23	2.47728e-23	7.00564e-24	1.6364e-24	3.22524e-25	5.45502e-26	8.03324e-27	1.04318e-27	1.20791e-28	1.25931e-29	1.19217e-30	1.03241e-31	8.23171e-33	6.07742e-34	4.17558e-35	2.68173e-36	1.61634e-37	9.17504e-39	4.92072e-40	2.50059e-41	1.20722e-42	5.54995e-44	2.43499e-45	1.02158e-46	4.10595e-48	1.58363e-49	5.87047e-51	2.0946e-52	7.20315e-54	2.39049e-55	7.66487e-57	2.37714e-58	7.13811e-60	2.07738e-61	5.86472e-63	1.60754e-64	4.39232e-66	4.39232e-66	
2.86077e-66	2.86077e-66	1.07657e-64	4.03888e-63	1.47235e-61	5.21108e-60	1.78911e-58	5.95305e-57	1.91785e-55	5.97601e-54	1.79908e-52	5.22662e-51	1.46344e-49	3.94388e-48	1.0215e-46	2.53883e-45	6.04474e-44	1.37617e-42	2.98985e-41	6.18535e-40	1.21557e-38	2.2634e-37	3.98156e-36	6.59578e-35	1.02531e-33	1.48967e-32	2.01389e-31	2.52056e-30	2.90399e-29	3.05984e-28	2.92667e-27	2.51946e-26	1.93305e-25	1.30708e-24	7.68972e-24	3.87917e-23	1.64995e-22	5.79415e-22	1.62783e-21	3.44641e-21	4.8331e-21	3.44641e-21	1.62783e-21	5.79415e-22	1.64995e-22	3.87917e-23	7.68973e-24	1.30708e-24	1.93305e-25	2.51946e-26	2.92667e-27	3.05984e-28	2.904e-29	2.52057e-30	2.0139e-31	1.48969e-32	1.02532e-33	6.59591e-35	3.98166e-36	2.26348e-37	1.21562e-38	6.18568e-40	2.99005e-41	1.37628e-42	6.04532e-44	2.53912e-45	1.02163e-46	3.94447e-48	1.46369e-49	5.22764e-51	1.79947e-52	5.97746e-54	1.91836e-55	5.95481e-57	1.78968e-58	5.2129e-60	1.47291e-61	4.0406e-63	1.10494e-64	1.10494e-64	
6.90173e-65	6.90173e-65	2.5951e-63	9.72783e-62	3.54323e-60	1.25298e-58	4.29806e-57	1.42885e-55	4.599e-54	1.4317e-52	4.306e-51	1.24973e-49	3.49565e-48	9.4107e-47	2.43482e-45	6.04474e-44	1.43754e-42	3.26883e-41	7.09294e-40	1.46546e-38	2.87605e-37	5.34752e-36	9.39259e-35	1.55346e-33	2.4107e-32	3.49608e-31	4.71697e-30	5.89099e-29	6.77107e-28	7.11576e-27	6.78606e-26	5.82241e-25	4.45014e-24	2.9957e-23	1.75328e-22	8.79124e-22	3.71358e-21	1.29453e-20	3.61159e-20	7.60662e-20	1.06445e-19	7.60662e-20	3.61159e-20	1.29453e-20	3.71358e-21	8.79124e-22	1.75328e-22	2.9957e-23	4.45015e-24	5.82242e-25	6.78607e-26	7.11577e-27	6.7711e-28	5.89103e-29	4.71702e-30	3.49613e-31	2.41075e-32	1.5535e-33	9.39293e-35	5.34777e-36	2.87622e-37	1.46557e-38	7.09358e-40	3.26919e-41	1.43773e-42	6.04567e-44	2.43525e-45	9.41261e-47	3.49645e-48	1.25005e-49	4.30724e-51	1.43216e-52	4.60062e-54	1.4294e-55	4.29985e-57	1.25354e-58	3.54495e-60	9.73306e-62	2.66386e-63	2.66386e-63	
1.59288e-63	1.59288e-63	5.98422e-62	2.24129e-60	8.15652e-59	2.8818e-57	9.87641e-56	3.28028e-54	1.05482e-52	3.28053e-51	9.85672e-50	2.85778e-48	7.98516e-47	2.14737e-45	5.54963e-44	1.37617e-42	3.26883e-41	7.42373e-40	1.60876e-38	3.31932e-37	6.50509e-36	1.2077e-34	2.1179e-33	3.49697e-32	5.417e-31	7.84087e-30	1.05572e-28	1.31551e-27	1.50831e-26	1.58075e-25	1.50288e-24	1.28497e-23	9.78188e-23	6.55423e-22	3.81507e-21	1.90078e-20	7.97089e-20	2.75684e-19	7.63382e-19	1.59878e-18	2.23212e-18	1.59878e-18	7.63382e-19	2.75684e-19	7.97089e-20	1.90078e-20	3.81507e-21	6.55423e-22	9.78189e-23	1.28497e-23	1.50288e-24	1.58075e-25	1.50832e-26	1.31552e-27	1.05573e-28	7.84104e-30	5.41716e-31	3.49711e-32	2.11801e-33	1.20778e-34	6.50564e-36	3.31967e-37	1.60897e-38	7.42486e-40	3.26941e-41	1.37646e-42	5.55096e-44	2.14795e-45	7.98761e-47	2.85876e-48	9.86047e-50	3.2819e-51	1.0553e-52	3.28192e-54	9.88173e-56	2.88347e-57	8.1616e-59	2.24282e-60	6.14384e-62	6.14384e-62	
3.51007e-62	3.51007e-62	1.31751e-60	4.93018e-59	1.79258e-57	6.32758e-56	2.16653e-54	7.18886e-53	2.30939e-51	7.17509e-50	2.15361e-48	6.23737e-47	1.74093e-45	4.67642e-44	1.20716e-42	2.98985e-41	7.09294e-40	1.60876e-38	3.48155e-37	7.17322e-36	1.4037e-34	2.60197e-33	4.55545e-32	7.50854e-31	1.16094e-29	1.67705e-28	2.25314e-27	2.80099e-26	3.20318e-25	3.34739e-24	3.17226e-23	2.7024e-22	2.04857e-21	1.36591e-20	7.90508e-20	3.91207e-19	1.62787e-18	5.58305e-18	1.53353e-17	3.19216e-17	4.44553e-17	3.19216e-17	1.53353e-17	5.58305e-18	1.62787e-18	3.91207e-19	7.90508e-20	1.36591e-20	2.04858e-21	2.70241e-22	3.17227e-23	3.34741e-24	3.20321e-25	2.80103e-26	2.25319e-27	1.6771e-28	1.16099e-29	7.50898e-31	4.55579e-32	2.60222e-33	1.40387e-34	7.17429e-36	3.48217e-37	1.6091e-38	7.09469e-40	2.9907e-41	1.20755e-42	4.67814e-44	1.74164e-45	6.24022e-47	2.15469e-48	7.17905e-50	2.31078e-51	7.19353e-53	2.16805e-54	6.33233e-56	1.79401e-57	4.93446e-59	1.35295e-60	1.35295e-60	
7.36949e-61	7.36949e-61	2.76361e-59	1.0332e-57	3.75313e-56	1.32355e-54	4.52733e-53	1.50073e-51	4.81612e-50	1.49476e-48	4.48171e-47	1.29657e-45	3.61477e-44	9.69847e-43	2.5005e-41	6.18535e-40	1.46546e-38	3.31932e-37	7.17323e-36	1.47575e-34	2.88335e-33	5.33599e-32	9.32595e-31	1.53434e-29	2.36769e-28	3.41307e-27	4.5751e-26	5.67346e-25	6.47049e-24	6.74144e-23	6.36714e-22	5.40324e-21	4.07786e-20	2.70496e-19	1.55599e-18	7.64548e-18	3.15523e-17	1.07242e-16	2.92006e-16	6.03805e-16	8.38572e-16	6.03805e-16	2.92006e-16	1.07242e-16	3.15523e-17	7.64548e-18	1.55599e-18	2.70497e-19	4.07786e-20	5.40325e-21	6.36717e-22	6.7415e-23	6.47059e-24	5.67359e-25	4.57525e-26	3.41323e-27	2.36784e-28	1.53447e-29	9.32698e-31	5.33674e-32	2.88385e-33	1.47606e-34	7.17502e-36	3.3203e-37	1.46596e-38	6.18777e-40	2.50161e-41	9.70329e-43	3.61677e-44	1.29737e-45	4.48471e-47	1.49585e-48	4.81993e-50	1.50201e-51	4.53146e-53	1.32483e-54	3.75701e-56	1.03435e-57	2.83872e-59	2.83872e-59	
1.47077e-59	1.47077e-59	5.51017e-58	2.05807e-56	7.4687e-55	2.63122e-53	8.99122e-52	2.97733e-50	9.5446e-49	2.95908e-47	8.86216e-46	2.56089e-44	7.1311e-43	1.91093e-41	4.92057e-40	1.21557e-38	2.87605e-37	6.50509e-36	1.4037e-34	2.88335e-33	5.62437e-32	1.03907e-30	1.81273e-29	2.97661e-28	4.58386e-27	6.59311e-26	8.81669e-25	1.09049e-23	1.24012e-22	1.28795e-21	1.2121e-20	1.02444e-19	7.6954e-19	5.0768e-18	2.90162e-17	1.41494e-16	5.78805e-16	1.94826e-15	5.25477e-15	1.0787e-14	1.49359e-14	1.0787e-14	5.25478e-15	1.94826e-15	5.78805e-16	1.41494e-16	2.90163e-17	5.07681e-18	7.69542e-19	1.02444e-19	1.21211e-20	1.28796e-21	1.24015e-22	1.09052e-23	8.81714e-25	6.59358e-26	4.5843e-27	2.97699e-28	1.81303e-29	1.03928e-30	5.62577e-32	2.88422e-33	1.4042e-34	6.50778e-36	2.87741e-37	1.21623e-38	4.92356e-40	1.91222e-41	7.13643e-43	2.56299e-44	8.87007e-46	2.96194e-47	9.55454e-49	2.98065e-50	9.00192e-52	2.63455e-53	7.47868e-55	2.061e-56	5.66191e-58	5.66191e-58	
2.78314e-58	2.78314e-58	1.04165e-56	3.88671e-55	1.40904e-53	4.95889e-52	1.69271e-50	5.59909e-49	1.79293e-47	5.55217e-46	1.66086e-44	4.79355e-43	1.33315e-41	3.56785e-40	9.17482e-39	2.2634e-37	5.34752e-36	1.2077e-34	2.60197e-33	5.33599e-32	1.03907e-30	1.91615e-29	3.33646e-28	5.46751e-27	8.40143e-26	1.20558e-24	1.6081e-23	1.98348e-22	2.24882e-21	2.32769e-20	2.18235e-19	1.83655e-18	1.37276e-17	9.00403e-17	5.11111e-16	2.47223e-15	1.00178e-14	3.33677e-14	8.9072e-14	1.81393e-13	2.50322e-13	1.81393e-13	8.9072e-14	3.33677e-14	1.00178e-14	2.47224e-15	5.11111e-16	9.00405e-17	1.37277e-17	1.83656e-18	2.18238e-19	2.32775e-20	2.24891e-21	1.98359e-22	1.60822e-23	1.20571e-24	8.40266e-26	5.46855e-27	3.33726e-28	1.91672e-29	1.03945e-30	5.33829e-32	2.60328e-33	1.20841e-34	5.35107e-36	2.2651e-37	9.18248e-39	3.57115e-40	1.3345e-41	4.79884e-43	1.66284e-44	5.5593e-46	1.79539e-47	5.6073e-49	1.69534e-50	4.96705e-52	1.41149e-53	3.89385e-55	1.07081e-56	1.07081e-56	
4.97972e-57	4.97972e-57	1.8618e-55	6.93966e-54	2.51313e-52	8.83486e-51	3.01239e-49	9.95287e-48	3.18333e-46	9.84595e-45	2.94164e-43	8.47927e-42	2.3551e-40	6.29426e-39	1.61631e-37	3.98156e-36	9.39259e-35	2.1179e-33	4.55545e-32	9.32595e-31	1.81273e-29	3.33646e-28	5.79777e-27	9.48042e-26	1.45341e-24	2.08043e-23	2.76759e-22	3.40366e-21	3.84657e-20	3.96724e-19	3.70458e-18	3.10334e-17	2.30743e-16	1.50413e-15	8.47595e-15	4.06431e-14	1.63019e-13	5.36833e-13	1.41688e-12	2.86012e-12	3.93231e-12	2.86012e-12	1.41688e-12	5.36833e-13	1.63019e-13	4.06432e-14	8.47597e-15	1.50414e-15	2.30744e-16	3.10338e-17	3.70467e-18	3.96739e-19	3.84679e-20	3.40395e-21	2.76793e-22	2.08078e-23	1.45373e-24	9.48313e-26	5.79985e-27	3.33793e-28	1.81369e-29	9.33175e-31	4.55873e-32	2.11965e-33	9.40133e-35	3.9857e-36	1.61817e-37	6.30221e-39	2.35834e-40	8.49189e-42	2.94635e-43	9.86281e-45	3.18914e-46	9.97211e-48	3.01854e-49	8.85383e-51	2.51879e-52	6.95612e-54	1.91503e-55	1.91503e-55	
8.39884e-56	8.39884e-56	3.13664e-54	1.16785e-52	4.22449e-51	1.48339e-49	5.0519e-48	1.66711e-46	5.32548e-45	1.64505e-43	4.90841e-42	1.41294e-40	3.91893e-39	1.04587e-37	2.68169e-36	6.59579e-35	1.55346e-33	3.49697e-32	7.50855e-31	1.53434e-29	2.97662e-28	5.46752e-27	9.48042e-26	1.54666e-24	2.36532e-23	3.3768e-22	4.4793e-21	5.49157e-20	6.18484e-19	6.35451e-18	5.90833e-17	4.92524e-16	3.64142e-15	2.35805e-14	1.31839e-13	6.2629e-13	2.48443e-12	8.08022e-12	2.1062e-11	4.21011e-11	5.76434e-11	4.21011e-11	2.1062e-11	8.08022e-12	2.48443e-12	6.26291e-13	1.3184e-13	2.35807e-14	3.64147e-15	4.92535e-16	5.90855e-17	6.3549e-18	6.18542e-19	5.49231e-20	4.48016e-21	3.37767e-22	2.36612e-23	1.54733e-24	9.4855e-26	5.47107e-27	2.97891e-28	1.53572e-29	7.5163e-31	3.50106e-32	1.55549e-33	6.60535e-35	2.68596e-36	1.04768e-37	3.92628e-39	1.41578e-40	4.91898e-42	1.64882e-43	5.33838e-45	1.67137e-46	5.06545e-48	1.48756e-49	4.23688e-51	1.17144e-52	3.22871e-54	3.22871e-54	
1.33076e-54	1.33076e-54	4.96402e-53	1.84606e-51	6.66978e-50	2.33916e-48	7.95633e-47	2.62219e-45	8.36534e-44	2.58057e-42	7.68901e-41	2.21018e-39	6.12108e-38	1.63107e-36	4.17554e-35	1.02531e-33	2.4107e-32	5.41701e-31	1.16094e-29	2.36769e-28	4.58386e-27	8.40144e-26	1.45341e-24	2.36532e-23	3.60778e-22	5.136e-21	6.79197e-20	8.29899e-19	9.31222e-18	9.52843e-17	8.81852e-16	7.31257e-15	5.37365e-14	3.45502e-13	1.9154e-12	9.00701e-12	3.53023e-11	1.13257e-10	2.91163e-10	5.75668e-10	7.84488e-10	5.75668e-10	2.91163e-10	1.13257e-10	3.53023e-11	9.00704e-12	1.91541e-12	3.45507e-13	5.37376e-14	7.31285e-15	8.81906e-16	9.52937e-17	9.31359e-18	8.30077e-19	6.79401e-20	5.13807e-21	3.60966e-22	2.36687e-23	1.45458e-24	8.40955e-26	4.58906e-27	2.37079e-28	1.16267e-29	5.42603e-31	2.41515e-32	1.02739e-33	4.18476e-35	1.63496e-36	6.13675e-38	2.21622e-39	7.71132e-41	2.58848e-42	8.39234e-44	2.63106e-45	7.98447e-47	2.34778e-48	6.69532e-50	1.85343e-51	5.11465e-53	5.11465e-53	
1.97336e-53	1.97336e-53	7.35179e-52	2.73062e-50	9.85301e-49	3.45103e-47	1.17224e-45	3.85807e-44	1.22907e-42	3.78598e-41	1.12638e-39	3.23276e-38	8.9389e-37	2.37801e-35	6.07738e-34	1.48967e-32	3.49608e-31	7.84088e-30	1.67705e-28	3.41308e-27	6.59311e-26	1.20558e-24	2.08043e-23	3.3768e-22	5.136e-21	7.28927e-20	9.60764e-19	1.1697e-17	1.30728e-16	1.3317e-15	1.22633e-14	1.01112e-13	7.38136e-13	4.70925e-12	2.58674e-11	1.20299e-10	4.65318e-10	1.47047e-09	3.72239e-09	7.2693e-09	9.85331e-09	7.2693e-09	3.72239e-09	1.47047e-09	4.65319e-10	1.203e-10	2.58676e-11	4.70935e-12	7.38162e-13	1.01118e-13	1.22645e-14	1.33191e-15	1.30759e-16	1.1701e-17	9.61216e-19	7.29384e-20	5.14013e-21	3.38018e-22	2.08295e-23	1.20731e-24	6.60412e-26	3.41958e-27	1.68064e-28	7.85954e-30	3.50522e-31	1.49391e-32	6.09605e-34	2.38584e-35	8.97025e-37	3.24477e-38	1.13079e-39	3.80157e-41	1.23437e-42	3.87541e-44	1.17772e-45	3.46775e-47	9.90239e-49	2.7448e-50	7.58435e-52	7.58435e-52	
2.72712e-52	2.72712e-52	1.01462e-50	3.76343e-49	1.3561e-47	4.74307e-46	1.6088e-44	5.28702e-43	1.68173e-41	5.17225e-40	1.53634e-38	4.40206e-37	1.21513e-35	3.22688e-34	8.23168e-33	2.01389e-31	4.71698e-30	1.05572e-28	2.25314e-27	4.57511e-26	8.8167e-25	1.6081e-23	2.7676e-22	4.4793e-21	6.79198e-20	9.60764e-19	1.26179e-17	1.53016e-16	1.70273e-15	1.72617e-14	1.58094e-13	1.29541e-12	9.38871e-12	5.93934e-11	3.22956e-10	1.48375e-09	5.65593e-09	1.75752e-08	4.37239e-08	8.41952e-08	1.13423e-07	8.41952e-08	4.3724e-08	1.75752e-08	5.65596e-09	1.48376e-09	3.22961e-10	5.93953e-11	9.38926e-12	1.29554e-12	1.58119e-13	1.7266e-14	1.70337e-15	1.53098e-16	1.26272e-17	9.61697e-19	6.80036e-20	4.48611e-21	2.77264e-22	1.61154e-23	8.83839e-25	4.58783e-26	2.26012e-27	1.05932e-28	4.73447e-30	2.02194e-31	8.26692e-33	3.24157e-34	1.22098e-35	4.42435e-37	1.54449e-38	5.2009e-40	1.69142e-41	5.31863e-43	1.61875e-44	4.77335e-46	1.36502e-47	3.78894e-49	1.04842e-50	1.04842e-50	
3.49571e-51	3.49571e-51	1.29867e-49	4.81e-48	1.73063e-46	6.04375e-45	2.04676e-43	6.71551e-42	2.13259e-40	6.54777e-39	1.94152e-37	5.55301e-36	1.52999e-34	4.0552e-33	1.03241e-31	2.52056e-30	5.891e-29	1.31551e-27	2.80099e-26	5.67347e-25	1.09049e-23	1.98349e-22	3.40367e-21	5.49157e-20	8.299e-19	1.1697e-17	1.53016e-16	1.84762e-15	2.04624e-14	2.06342e-13	1.87852e-12	1.52873e-11	1.0992e-10	6.88869e-10	3.70402e-09	1.67883e-08	6.29599e-08	1.91968e-07	4.68236e-07	8.87188e-07	1.18662e-06	8.87188e-07	4.68237e-07	1.91969e-07	6.29603e-08	1.67886e-08	3.70412e-09	6.88905e-10	1.0993e-10	1.52897e-11	1.879e-12	2.06423e-13	2.04744e-14	1.84917e-15	1.53191e-16	1.17145e-17	8.31465e-19	5.5042e-20	3.41298e-21	1.98979e-22	1.09444e-23	5.69651e-25	2.81354e-26	1.32194e-27	5.92203e-29	2.53476e-30	1.03858e-31	4.08077e-33	1.54011e-34	5.59141e-36	1.9555e-37	6.59667e-39	2.14907e-40	6.76903e-42	2.06355e-43	6.09469e-45	1.74559e-46	4.85264e-48	1.34479e-49	1.34479e-49	
4.13418e-50	4.13418e-50	1.5334e-48	5.67033e-47	2.03684e-45	7.10123e-44	2.40076e-42	7.86316e-41	2.49254e-39	7.6387e-38	2.26067e-36	6.45307e-35	1.77435e-33	4.69297e-32	1.19216e-30	2.90399e-29	6.77108e-28	1.50831e-26	3.20318e-25	6.47051e-24	1.24012e-22	2.24883e-21	3.84658e-20	6.18486e-19	9.31224e-18	1.30728e-16	1.70273e-15	2.04624e-14	2.2543e-13	2.25989e-12	2.04375e-11	1.65056e-10	1.17632e-09	7.29523e-09	3.87363e-08	1.72915e-07	6.36603e-07	1.89955e-06	4.52896e-06	8.42118e-06	1.11681e-05	8.42119e-06	4.52897e-06	1.89956e-06	6.3661e-07	1.72918e-07	3.8738e-08	7.29581e-09	1.17649e-09	1.65096e-10	2.04455e-11	2.26128e-12	2.25635e-13	2.04888e-14	1.70572e-15	1.31026e-16	9.3388e-18	6.20621e-19	3.86225e-20	2.25941e-21	1.24672e-22	6.50878e-24	3.22393e-25	1.51887e-26	6.82176e-28	2.92704e-29	1.20212e-30	4.73401e-32	1.79052e-33	6.51408e-35	2.28278e-36	7.71573e-38	2.51839e-39	7.94687e-41	2.42694e-42	7.18041e-44	2.06003e-45	5.73624e-47	1.59229e-48	1.59229e-48	
4.48383e-49	4.48383e-49	1.66015e-47	6.12824e-46	2.19736e-44	7.64672e-43	2.58029e-41	8.43474e-40	2.66839e-38	8.16083e-37	2.41009e-35	6.86456e-34	1.88324e-32	4.96934e-31	1.25931e-29	3.05984e-28	7.11577e-27	1.58075e-25	3.3474e-24	6.74146e-23	1.28795e-21	2.3277e-20	3.96726e-19	6.35454e-18	9.52848e-17	1.33171e-15	1.72617e-14	2.06342e-13	2.2599e-12	2.25063e-11	2.02023e-10	1.61763e-09	1.14138e-08	6.99505e-08	3.66155e-07	1.60624e-06	5.78932e-06	1.68475e-05	3.91121e-05	7.11212e-05	9.33598e-05	7.11212e-05	3.91122e-05	1.68476e-05	5.78941e-06	1.60629e-06	3.66178e-07	6.99589e-08	1.14162e-08	1.61822e-09	2.02143e-10	2.25271e-11	2.26301e-12	2.06745e-13	1.73073e-14	1.33627e-15	9.56902e-17	6.38706e-18	3.9911e-19	2.34377e-20	1.29796e-21	6.79933e-23	3.37865e-24	1.59658e-25	7.1914e-27	3.09405e-28	1.27402e-29	5.02965e-31	1.90688e-32	6.95338e-34	2.44213e-35	8.27208e-37	2.7056e-38	8.55485e-40	2.61775e-41	7.75971e-43	2.23037e-44	6.22183e-46	1.73022e-47	1.73022e-47	
4.42946e-48	4.42946e-48	1.6368e-46	6.0302e-45	2.15787e-43	7.49384e-42	2.52337e-40	8.23078e-39	2.59806e-37	7.92752e-36	2.33565e-34	6.63631e-33	1.81603e-31	4.77946e-30	1.20791e-28	2.92667e-27	6.78608e-26	1.50288e-24	3.17228e-23	6.36717e-22	1.21211e-20	2.18236e-19	3.7046e-18	5.90837e-17	8.81859e-16	1.22634e-14	1.58095e-13	1.87854e-12	2.04376e-11	2.02024e-10	1.7981e-09	1.42576e-08	9.94538e-08	6.01251e-07	3.09561e-06	1.33069e-05	4.67809e-05	0.000132161	0.000297196	0.000526019	0.000681824	0.00052602	0.000297197	0.000132162	4.67819e-05	1.33075e-05	3.0959e-06	6.01355e-07	9.94848e-08	1.42652e-08	1.79967e-09	2.02298e-10	2.04789e-11	1.88392e-12	1.5871e-13	1.23251e-14	8.87349e-16	5.95244e-17	3.73699e-18	2.20423e-19	1.22574e-20	6.44599e-22	3.21477e-23	1.52435e-24	6.88828e-26	2.97271e-27	1.22762e-28	4.85991e-30	1.84743e-31	6.75383e-33	2.3779e-34	8.07371e-36	2.64681e-37	8.38769e-39	2.57218e-40	7.64076e-42	2.2007e-43	6.15139e-45	1.71406e-46	1.71406e-46	
3.95476e-47	3.95476e-47	1.45817e-45	5.36027e-44	1.91381e-42	6.63089e-41	2.22748e-39	7.24791e-38	2.28206e-36	6.94528e-35	2.04079e-33	5.78252e-32	1.57787e-30	4.14039e-29	1.04318e-27	2.51947e-26	5.82244e-25	1.28498e-23	2.70242e-22	5.40328e-21	1.02444e-19	1.83656e-18	3.10337e-17	4.9253e-16	7.31268e-15	1.01114e-13	1.29543e-12	1.52875e-11	1.65058e-10	1.61765e-09	1.42577e-08	1.1178e-07	7.6939e-07	4.57751e-06	2.31113e-05	9.69671e-05	0.000330793	0.000901371	0.00194903	0.00333541	0.00425422	0.00333542	0.00194904	0.000901383	0.000330803	9.69732e-05	2.31142e-05	4.5786e-06	7.69721e-07	1.11863e-07	1.42751e-08	1.62075e-09	1.65531e-10	1.535e-11	1.30262e-12	1.01841e-13	7.37765e-15	4.97768e-16	3.1421e-17	1.86289e-18	1.04094e-19	5.49894e-21	2.75404e-22	1.31104e-23	5.94627e-25	2.5751e-26	1.06692e-27	4.23692e-29	1.61542e-30	5.92259e-32	2.09099e-33	7.11849e-35	2.33968e-36	7.43294e-38	2.28492e-39	6.80346e-41	1.96404e-42	5.50216e-44	1.53658e-45	1.53658e-45	
3.16301e-46	3.16301e-46	1.16334e-44	4.26583e-43	1.51917e-41	5.24972e-40	1.75875e-38	5.70684e-37	1.7917e-35	5.43681e-34	1.59267e-32	4.49857e-31	1.22351e-29	3.19967e-28	8.03328e-27	1.93307e-25	4.45018e-24	9.78197e-23	2.0486e-21	4.07791e-20	7.69551e-19	1.37278e-17	2.30747e-16	3.6415e-15	5.37379e-14	7.38157e-13	9.389e-12	1.09923e-10	1.17636e-09	1.14141e-08	9.94564e-08	7.69402e-07	5.21268e-06	3.04237e-05	0.00015	0.000610822	0.00200679	0.00522361	0.0107426	0.0175985	0.021971	0.0175985	0.0107427	0.0052237	0.00200687	0.00061087	0.000150024	3.0433e-05	5.21561e-06	7.70154e-07	9.96176e-08	1.14434e-08	1.18092e-09	1.10537e-10	9.46072e-12	7.45496e-13	5.43983e-14	3.6952e-15	2.34766e-16	1.40043e-17	7.87042e-19	4.18006e-20	2.10395e-21	1.00619e-22	4.58315e-24	1.99271e-25	8.28723e-27	3.3027e-28	1.26349e-29	4.64731e-31	1.64586e-32	5.61992e-34	1.85249e-35	5.90173e-37	1.81917e-38	5.43099e-40	1.57187e-41	4.41452e-43	1.23592e-44	1.23592e-44	
2.24316e-45	2.24316e-45	8.22704e-44	3.00822e-42	1.06819e-40	3.68026e-39	1.22916e-37	3.97574e-36	1.24412e-34	3.76243e-33	1.09831e-31	3.09097e-30	8.3751e-29	2.18165e-27	5.45507e-26	1.30709e-24	2.99574e-23	6.55433e-22	1.36594e-20	2.70502e-19	5.07693e-18	9.0043e-17	1.50419e-15	2.35815e-14	3.45518e-13	4.70949e-12	5.93967e-11	6.88909e-10	7.29566e-09	6.99546e-08	6.01283e-07	4.57771e-06	3.04245e-05	0.000173433	0.000830035	0.00325307	0.0101733	0.024916	0.0479142	0.0739967	0.0896954	0.0739969	0.0479145	0.0249165	0.0101738	0.00325337	0.000830192	0.000173497	3.04452e-05	4.5832e-06	6.02497e-07	7.01816e-08	7.33193e-09	6.93902e-10	5.99928e-11	4.77153e-12	3.51166e-13	2.4047e-14	1.53971e-15	9.25343e-17	5.23708e-18	2.79964e-19	1.41759e-20	6.8167e-22	3.12058e-23	1.3631e-24	5.69333e-26	2.27819e-27	8.74908e-29	3.22988e-30	1.14791e-31	3.93293e-33	1.30066e-34	4.15681e-36	1.28524e-37	3.84841e-39	1.11705e-40	3.14599e-42	8.8324e-44	8.8324e-44	
1.39393e-44	1.39393e-44	5.09614e-43	1.85746e-41	6.57394e-40	2.25725e-38	7.51247e-37	2.42111e-35	7.54793e-34	2.27375e-32	6.61068e-31	1.85265e-29	4.99796e-28	1.29602e-26	3.22529e-25	7.68987e-24	1.75331e-22	3.81517e-21	7.90533e-20	1.55605e-18	2.90175e-17	5.11138e-16	8.47648e-15	1.31849e-13	1.91555e-12	2.58697e-11	3.22988e-10	3.70441e-09	3.87404e-08	3.66193e-07	3.09592e-06	2.31133e-05	0.000150011	0.000830068	0.0038226	0.0142345	0.0415968	0.0935985	0.164086	0.233793	0.272146	0.233794	0.164087	0.0936003	0.0415986	0.0142358	0.00382336	0.000830397	0.000150123	2.31445e-05	3.10307e-06	3.67582e-07	3.89702e-08	3.73709e-09	3.27004e-10	2.62975e-11	1.9551e-12	1.35177e-13	8.7383e-15	5.3004e-16	3.02614e-17	1.63078e-18	8.31791e-20	4.02617e-21	1.8541e-22	8.14286e-24	3.41808e-25	1.37413e-26	5.30037e-28	1.96491e-29	7.01123e-31	2.41138e-32	8.00414e-34	2.56719e-35	7.96481e-37	2.39287e-38	6.96804e-40	1.96859e-41	5.54408e-43	5.54408e-43	
7.48279e-44	7.48279e-44	2.72605e-42	9.90073e-41	3.49121e-39	1.1942e-37	3.95882e-36	1.27064e-34	3.94446e-33	1.183e-31	3.42365e-30	9.54889e-29	2.56318e-27	6.61189e-26	1.63644e-24	3.87929e-23	8.79156e-22	1.90086e-20	3.91228e-19	7.64597e-18	1.41505e-16	2.47246e-15	4.06475e-14	6.26369e-13	9.0083e-12	1.20319e-10	1.48401e-09	1.67914e-08	1.72946e-07	1.60653e-06	1.33091e-05	9.6982e-05	0.000610901	0.00325339	0.0142353	0.0494049	0.131232	0.262497	0.407235	0.524472	0.581069	0.524473	0.407238	0.262502	0.131236	0.049409	0.0142378	0.0032546	0.00061134	9.71111e-05	1.33405e-05	1.61293e-06	1.74058e-07	1.69567e-08	1.50511e-09	1.22632e-10	9.22571e-12	6.45236e-13	4.22045e-14	2.58997e-15	1.49504e-16	8.13796e-18	4.18813e-19	2.04332e-20	9.47614e-22	4.18808e-23	1.76813e-24	7.14602e-26	2.77014e-27	1.03176e-28	3.69806e-30	1.27734e-31	4.25737e-33	1.37089e-34	4.26952e-36	1.28743e-37	3.76235e-39	1.06659e-40	3.01409e-42	3.01409e-42	
3.40812e-43	3.40812e-43	1.23694e-41	4.47535e-40	1.57187e-38	5.35464e-37	1.76751e-35	5.6478e-34	1.74512e-32	5.20849e-31	1.49973e-29	4.1607e-28	1.11063e-26	2.8482e-25	7.00594e-24	1.65003e-22	3.71381e-21	7.97149e-20	1.62802e-18	3.15558e-17	5.78883e-16	1.00194e-14	1.6305e-13	2.48498e-12	3.53111e-11	4.65448e-10	5.65763e-09	6.29794e-08	6.36801e-07	5.79106e-06	4.6794e-05	0.000330877	0.00200723	0.0101752	0.0416021	0.13124	0.306756	0.529737	0.717802	0.836444	0.885022	0.836447	0.717808	0.529745	0.306764	0.131248	0.0416073	0.0101779	0.00200834	0.000331231	4.68873e-05	5.81161e-06	6.40629e-07	6.35838e-08	5.73823e-09	4.74492e-10	3.61638e-11	2.56267e-12	1.70061e-13	1.05904e-14	6.19851e-16	3.41633e-17	1.77742e-18	8.75388e-20	4.09312e-21	1.82213e-22	7.74282e-24	3.14796e-25	1.22705e-26	4.59403e-28	1.65472e-29	5.74239e-31	1.92254e-32	6.21732e-34	1.94433e-35	5.88622e-37	1.72676e-38	4.91325e-40	1.39349e-41	1.39349e-41	
1.28435e-42	1.28435e-42	4.64396e-41	1.67382e-39	5.85561e-38	1.98647e-36	6.52873e-35	2.07671e-33	6.38639e-32	1.89658e-30	5.43241e-29	1.49881e-27	3.97757e-26	1.01378e-24	2.47746e-23	5.79464e-22	1.29466e-20	2.75719e-19	5.58392e-18	1.07263e-16	1.94872e-15	3.3377e-14	5.37012e-13	8.08335e-12	1.13307e-10	1.47118e-09	1.75843e-08	1.9207e-07	1.90053e-06	1.68557e-05	0.00013222	0.000901727	0.0052254	0.0249231	0.0936192	0.262536	0.529777	0.790499	0.957334	1.03881	1.06612	1.03881	0.957343	0.79051	0.529786	0.262542	0.0936231	0.0249256	0.00522661	0.000902192	0.000132365	1.68929e-05	1.90835e-06	1.93397e-07	1.77625e-08	1.48977e-09	1.14839e-10	8.24625e-12	5.56733e-13	3.53147e-14	2.10316e-15	1.177e-16	6.20372e-18	3.08904e-19	1.4579e-20	6.54269e-22	2.80015e-23	1.14582e-24	4.49299e-26	1.69152e-27	6.12459e-29	2.13597e-30	7.18491e-32	2.33399e-33	7.3304e-35	2.2283e-36	6.56255e-38	1.87431e-39	5.33556e-41	5.33556e-41	
3.8484e-42	3.8484e-42	1.3869e-40	4.98191e-39	1.73669e-37	5.86975e-36	1.92166e-34	6.08758e-33	1.86404e-31	5.5106e-30	1.57086e-28	4.31206e-27	1.1382e-25	2.88442e-24	7.00608e-23	1.62806e-21	3.61221e-20	7.63544e-19	1.53393e-17	2.92101e-16	5.25685e-15	8.91146e-14	1.41769e-12	2.10759e-11	2.91382e-10	3.72545e-09	4.37617e-08	4.68642e-07	4.53272e-06	3.91418e-05	0.000297395	0.00195015	0.0107479	0.0479343	0.164142	0.40734	0.717927	0.957426	1.07938	1.12755	1.14075	1.12756	1.07939	0.957444	0.717936	0.407335	0.164133	0.0479282	0.0107455	0.00194948	0.000297271	3.91292e-05	4.53237e-06	4.68448e-07	4.36024e-08	3.67854e-09	2.83863e-10	2.05641e-11	1.41623e-12	9.19749e-14	5.60002e-15	3.19354e-16	1.70948e-17	8.62044e-19	4.11138e-20	1.86157e-21	8.02909e-23	3.30826e-24	1.3054e-25	4.94305e-27	1.79944e-28	6.30737e-30	2.13177e-31	6.95616e-33	2.19404e-34	6.69637e-36	1.97969e-37	5.67469e-39	1.62113e-40	1.62113e-40	
8.53873e-42	8.53873e-42	3.06995e-40	1.10011e-38	3.82525e-37	1.28945e-35	4.20963e-34	1.32964e-32	4.05875e-31	1.19593e-29	3.39727e-28	9.29117e-27	2.44282e-25	6.16461e-24	1.49062e-22	3.44719e-21	7.60874e-20	1.59933e-18	3.19354e-17	6.04127e-16	1.07941e-14	1.81537e-13	2.86283e-12	4.21475e-11	5.76383e-10	7.27907e-09	8.4312e-08	8.8839e-07	8.43168e-06	7.11978e-05	0.000526484	0.00333778	0.0176088	0.0740346	0.233899	0.524671	0.836706	1.03906	1.12772	1.1577	1.16458	1.15771	1.12774	1.03909	0.836716	0.52465	0.23386	0.0740056	0.0175947	0.00333278	0.000525122	7.08904e-05	8.36649e-06	8.73811e-07	8.11034e-08	6.708e-09	5.03648e-10	3.63156e-11	2.55876e-12	1.71619e-13	1.07692e-14	6.29485e-16	3.43585e-17	1.75951e-18	8.4968e-20	3.88713e-21	1.69136e-22	7.02266e-24	2.79005e-25	1.06303e-26	3.89164e-28	1.37118e-29	4.65656e-31	1.52623e-32	4.8338e-34	1.481e-35	4.39412e-37	1.26379e-38	3.62203e-40	3.62203e-40	
1.22036e-41	1.22036e-41	4.3834e-40	1.56924e-38	5.45096e-37	1.83549e-35	5.98554e-34	1.88833e-32	5.75696e-31	1.69408e-29	4.80562e-28	1.31233e-26	3.44489e-25	8.67871e-24	2.09474e-22	4.83485e-21	1.06493e-19	2.23338e-18	4.44865e-17	8.39304e-16	1.4952e-14	2.50649e-13	3.93843e-12	5.77472e-11	7.86066e-10	9.87445e-09	1.13668e-07	1.18902e-06	1.11875e-05	9.34854e-05	0.000682455	0.00425668	0.0219794	0.0897262	0.272249	0.58131	0.885424	1.06661	1.1412	1.16488	1.16992	1.16489	1.14123	1.06664	0.885431	0.58127	0.272175	0.0896678	0.0219491	0.00424505	0.000678987	9.26049e-05	1.09725e-05	1.13593e-06	1.01867e-07	7.87678e-09	5.47018e-10	3.82044e-11	2.75632e-12	1.93332e-13	1.26627e-14	7.66039e-16	4.29334e-17	2.24433e-18	1.10169e-19	5.10785e-21	2.24749e-22	9.42116e-24	3.77402e-25	1.44841e-26	5.33675e-28	1.8912e-29	6.45584e-31	2.12586e-32	6.76138e-34	2.07954e-35	6.19159e-37	1.78646e-38	5.13533e-40	5.13533e-40	
8.53897e-42	8.53897e-42	3.07006e-40	1.10015e-38	3.82544e-37	1.28952e-35	4.20993e-34	1.32975e-32	4.05916e-31	1.19608e-29	3.39779e-28	9.2929e-27	2.44338e-25	6.16635e-24	1.49114e-22	3.44868e-21	7.61284e-20	1.60041e-18	3.19621e-17	6.04755e-16	1.08079e-14	1.81819e-13	2.8681e-12	4.2237e-11	5.77738e-10	7.29707e-09	8.45162e-08	8.90304e-07	8.44571e-06	7.12699e-05	0.000526659	0.00333708	0.0176006	0.0740042	0.23385	0.524693	0.836957	1.03955	1.12837	1.15842	1.16534	1.15844	1.1284	1.03959	0.836951	0.524641	0.233773	0.0739481	0.017572	0.00332571	0.000523112	7.03039e-05	8.18388e-06	8.20011e-07	6.87464e-08	4.76448e-09	2.93486e-10	1.91925e-11	1.39517e-12	1.02008e-13	6.97904e-15	4.37433e-16	2.51955e-17	1.34551e-18	6.71898e-20	3.15953e-21	1.40688e-22	5.95806e-24	2.40804e-25	9.31406e-27	3.45557e-28	1.2321e-29	4.22906e-31	1.39946e-32	4.47075e-34	1.38052e-35	4.12514e-37	1.1941e-38	3.44292e-40	3.44292e-40	
