8.9913e-75	8.9913e-75	2.2337e-73	5.60132e-72	1.36541e-70	3.23279e-69	7.42787e-68	1.65478e-66	3.57101e-65	7.45736e-64	1.50542e-62	2.9344e-61	5.51618e-60	9.98746e-59	1.73926e-57	2.90884e-56	4.66469e-55	7.16012e-54	1.05002e-52	1.46817e-51	1.95295e-50	2.46547e-49	2.94614e-48	3.32276e-47	3.52577e-46	3.50749e-45	3.25865e-44	2.81515e-43	2.25061e-42	1.65614e-41	1.11498e-40	6.8209e-40	3.7622e-39	1.85422e-38	8.07942e-38	3.07214e-37	1.00239e-36	2.74247e-36	6.08375e-36	1.04048e-35	1.27554e-35	1.04048e-35	6.08375e-36	2.74247e-36	1.00239e-36	3.07214e-37	8.07942e-38	1.85422e-38	3.7622e-39	6.8209e-40	1.11497e-40	1.65555e-41	2.22892e-42	2.16108e-43	-1.23559e-43	-2.75775e-43	-3.46985e-43	-2.79264e-43	-1.56159e-43	-6.54174e-44	-2.16944e-44	-5.9251e-45	-1.37187e-45	-2.75229e-46	-4.86644e-47	-7.68644e-48	-1.09648e-48	-1.42552e-49	-1.70196e-50	-1.8782e-51	-1.92652e-52	-1.84565e-53	-1.65849e-54	-1.40311e-55	-1.12136e-56	-8.49112e-58	-6.10839e-59	-4.18596e-60	-2.90777e-61	-2.90777e-61	
8.9913e-75	8.9913e-75	2.2337e-73	5.60132e-72	1.36541e-70	3.23279e-69	7.42787e-68	1.65478e-66	3.57101e-65	7.45736e-64	1.50542e-62	2.9344e-61	5.51618e-60	9.98746e-59	1.73926e-57	2.90884e-56	4.66469e-55	7.16012e-54	1.05002e-52	1.46817e-51	1.95295e-50	2.46547e-49	2.94614e-48	3.32276e-47	3.52577e-46	3.50749e-45	3.25865e-44	2.81515e-43	2.25061e-42	1.65614e-41	1.11498e-40	6.8209e-40	3.7622e-39	1.85422e-38	8.07942e-38	3.07214e-37	1.00239e-36	2.74247e-36	6.08375e-36	1.04048e-35	1.27554e-35	1.04048e-35	6.08375e-36	2.74247e-36	1.00239e-36	3.07214e-37	8.07942e-38	1.85422e-38	3.7622e-39	6.8209e-40	1.11497e-40	1.65555e-41	2.22892e-42	2.16108e-43	-1.23559e-43	-2.75775e-43	-3.46985e-43	-2.79264e-43	-1.56159e-43	-6.54174e-44	-2.16944e-44	-5.9251e-45	-1.37187e-45	-2.75229e-46	-4.86644e-47	-7.68644e-48	-1.09648e-48	-1.42552e-49	-1.70196e-50	-1.8782e-51	-1.92652e-52	-1.84565e-53	-1.65849e-54	-1.40311e-55	-1.12136e-56	-8.49112e-58	-6.10839e-59	-4.18596e-60	-2.90777e-61	-2.90777e-61	
2.2337e-73	2.2337e-73	5.54599e-72	1.38995e-70	3.38629e-69	8.01277e-68	1.83996e-66	4.09654e-65	8.83481e-64	1.84379e-62	3.71962e-61	7.2454e-60	1.36106e-58	2.46252e-57	4.28514e-56	7.16116e-55	1.14746e-53	1.75983e-52	2.57851e-51	3.60203e-50	4.78678e-49	6.03682e-48	7.20599e-47	8.11783e-46	8.60324e-45	8.54733e-44	7.92959e-43	6.83976e-42	5.45888e-41	4.00951e-40	2.69383e-39	1.64423e-38	9.04647e-38	4.44646e-37	1.93179e-36	7.32293e-36	2.382e-35	6.49821e-35	1.43805e-34	2.45535e-34	3.00814e-34	2.45535e-34	1.43805e-34	6.49821e-35	2.382e-35	7.32293e-36	1.93179e-36	4.44646e-37	9.04647e-38	1.64423e-38	2.69379e-39	4.0079e-40	5.39988e-41	5.06169e-42	-3.44949e-42	-7.49927e-42	-9.42234e-42	-7.5844e-42	-4.24289e-42	-1.77839e-42	-5.90118e-43	-1.61269e-43	-3.73626e-44	-7.50042e-45	-1.32699e-45	-2.09721e-46	-2.99345e-47	-3.89401e-48	-4.65181e-49	-5.1364e-50	-5.27145e-51	-5.05289e-52	-4.5429e-53	-3.8454e-54	-3.07479e-55	-2.32946e-56	-1.67662e-57	-1.14951e-58	-7.98916e-60	-7.98916e-60	
5.60132e-72	5.60132e-72	1.38995e-70	3.48161e-69	8.47732e-68	2.00478e-66	4.60084e-65	1.02372e-63	2.20645e-62	4.60185e-61	9.2776e-60	1.80596e-58	3.39019e-57	6.12938e-56	1.06581e-54	1.77978e-53	2.84954e-52	4.36665e-51	6.39251e-50	8.92188e-49	1.18451e-47	1.49233e-46	1.77946e-45	2.00235e-44	2.11951e-43	2.10298e-42	1.94824e-41	1.6779e-40	1.3369e-39	9.80133e-39	6.57173e-38	4.00217e-37	2.19652e-36	1.07669e-35	4.66405e-35	1.76259e-34	5.7156e-34	1.55471e-33	3.43217e-33	5.85032e-33	7.16285e-33	5.85032e-33	3.43217e-33	1.55471e-33	5.7156e-34	1.76259e-34	4.66405e-35	1.07669e-35	2.19652e-36	4.00217e-37	6.57163e-38	9.79691e-39	1.32071e-39	1.19033e-40	-9.67888e-41	-2.05678e-40	-2.5809e-40	-2.07776e-40	-1.16286e-40	-4.87672e-41	-1.61919e-41	-4.42768e-42	-1.02643e-42	-2.06178e-43	-3.64994e-44	-5.77191e-45	-8.24338e-46	-1.07295e-46	-1.28248e-47	-1.41687e-48	-1.45491e-49	-1.39534e-50	-1.25516e-51	-1.063e-52	-8.50406e-54	-6.44589e-55	-4.64166e-56	-3.18393e-57	-2.21395e-58	-2.21395e-58	
1.36541e-70	1.36541e-70	3.38629e-69	8.47732e-68	2.06294e-66	4.87572e-65	1.11827e-63	2.48671e-62	5.35626e-61	1.1164e-59	2.24923e-58	4.37531e-57	8.20762e-56	1.48283e-54	2.57649e-53	4.29908e-52	6.87749e-51	1.05302e-49	1.54019e-48	2.14761e-47	2.84848e-46	3.58503e-45	4.27012e-44	4.79941e-43	5.07389e-42	5.02759e-41	4.6509e-40	3.99922e-39	3.18097e-38	2.32768e-37	1.55743e-36	9.46278e-36	5.18023e-35	2.53213e-34	1.09355e-33	4.11941e-33	1.33151e-32	3.61087e-32	7.95096e-32	1.3529e-31	1.65531e-31	1.3529e-31	7.95096e-32	3.61087e-32	1.33151e-32	4.11941e-33	1.09355e-33	2.53213e-34	5.18023e-35	9.46278e-36	1.5574e-36	2.32649e-37	3.13769e-38	2.69646e-39	-2.63987e-39	-5.49591e-39	-6.88811e-39	-5.54617e-39	-3.10542e-39	-1.30307e-39	-4.32914e-40	-1.18455e-40	-2.74776e-41	-5.52288e-42	-9.78316e-43	-1.54803e-43	-2.21221e-44	-2.88109e-45	-3.44571e-46	-3.80893e-47	-3.91339e-48	-3.75519e-49	-3.37976e-50	-2.86383e-51	-2.29227e-52	-1.73837e-53	-1.25242e-54	-8.59513e-56	-5.97968e-57	-5.97968e-57	
3.23279e-69	3.23279e-69	8.01277e-68	2.00478e-66	4.87572e-65	1.15167e-63	2.6398e-62	5.86645e-61	1.26279e-59	2.63027e-58	5.29564e-57	1.02941e-55	1.92967e-54	3.48365e-53	6.04833e-52	1.0084e-50	1.61185e-49	2.46578e-48	3.60328e-47	5.01957e-46	6.65104e-45	8.362e-44	9.94879e-43	1.11686e-41	1.17923e-40	1.16686e-39	1.07783e-38	9.25303e-38	7.3468e-37	5.36556e-36	3.58233e-35	2.1714e-34	1.18556e-33	5.77828e-33	2.48762e-32	9.33972e-32	3.0087e-31	8.13329e-31	1.78611e-30	3.03354e-30	3.70899e-30	3.03354e-30	1.78611e-30	8.13329e-31	3.0087e-31	9.33972e-32	2.48762e-32	5.77828e-33	1.18556e-33	2.1714e-34	3.58226e-35	5.36248e-36	7.23415e-37	5.86373e-38	-6.99555e-38	-1.42975e-37	-1.78991e-37	-1.44145e-37	-8.07479e-38	-3.39024e-38	-1.12704e-38	-3.08583e-39	-7.16276e-40	-1.44062e-40	-2.55352e-41	-4.04308e-42	-5.78131e-43	-7.53391e-44	-9.01569e-45	-9.97187e-46	-1.02512e-46	-9.84226e-48	-8.86312e-49	-7.51415e-50	-6.01766e-51	-4.56593e-52	-3.29122e-53	-2.25983e-54	-1.573e-55	-1.573e-55	
7.42787e-68	7.42787e-68	1.83996e-66	4.60084e-65	1.11827e-63	2.6398e-62	6.04698e-61	1.34296e-59	2.88889e-58	6.01321e-57	1.20982e-55	2.35007e-54	4.40203e-53	7.94093e-52	1.37762e-50	2.29493e-49	3.66514e-48	5.60186e-47	8.17846e-46	1.13819e-44	1.50658e-43	1.89209e-42	2.24854e-41	2.52114e-40	2.65843e-39	2.62683e-38	2.42269e-37	2.0764e-36	1.64563e-35	1.19944e-34	7.99031e-34	4.83135e-33	2.63068e-32	1.27831e-31	5.48531e-31	2.05232e-30	6.58812e-30	1.77501e-29	3.88702e-29	6.58888e-29	8.04998e-29	6.58888e-29	3.88702e-29	1.77501e-29	6.58812e-30	2.05232e-30	5.48531e-31	1.27831e-31	2.63068e-32	4.83135e-33	7.99014e-34	1.19866e-34	1.6171e-35	1.21843e-36	-1.80022e-36	-3.61865e-36	-4.5254e-36	-3.64507e-36	-2.04291e-36	-8.58244e-37	-2.85498e-37	-7.82214e-38	-1.81688e-38	-3.65665e-39	-6.48574e-40	-1.02757e-40	-1.47029e-41	-1.91719e-42	-2.29566e-43	-2.54064e-44	-2.61333e-45	-2.51052e-46	-2.26203e-47	-1.9188e-48	-1.53748e-49	-1.16719e-50	-8.4177e-52	-5.78274e-53	-4.0273e-54	-4.0273e-54	
1.65478e-66	1.65478e-66	4.09654e-65	1.02372e-63	2.48671e-62	5.86645e-61	1.34296e-59	2.98058e-58	6.4073e-57	1.33275e-55	2.67949e-54	5.20105e-53	9.73494e-52	1.75473e-50	3.04169e-49	5.06278e-48	8.07848e-47	1.2336e-45	1.79927e-44	2.50153e-43	3.30768e-42	4.14942e-41	4.92531e-40	5.51546e-39	5.80795e-38	5.73058e-37	5.27693e-36	4.5149e-35	3.57153e-34	2.59777e-33	1.7266e-32	1.04134e-31	5.65413e-31	2.73893e-30	1.1713e-29	4.36659e-29	1.39656e-28	3.74954e-28	8.1866e-28	1.38486e-27	1.69063e-27	1.38486e-27	8.1866e-28	3.74954e-28	1.39656e-28	4.36659e-29	1.1713e-29	2.73893e-30	5.65413e-31	1.04134e-31	1.72656e-32	2.59585e-33	3.50126e-34	2.40326e-35	-4.49624e-35	-8.90366e-35	-1.11237e-34	-8.96156e-35	-5.02514e-35	-2.11243e-35	-7.0318e-36	-1.92792e-36	-4.48117e-37	-9.025e-38	-1.60183e-38	-2.53956e-39	-3.63606e-40	-4.74428e-41	-5.68439e-42	-6.29484e-43	-6.47879e-44	-6.22755e-45	-5.61436e-46	-4.76513e-47	-3.82027e-48	-2.90174e-49	-2.09382e-50	-1.43915e-51	-1.00281e-52	-1.00281e-52	
3.57101e-65	3.57101e-65	8.83481e-64	2.20645e-62	5.35626e-61	1.26279e-59	2.88889e-58	6.4073e-57	1.37641e-55	2.86095e-54	5.74772e-53	1.11482e-51	2.08502e-50	3.75523e-49	6.50396e-48	1.08162e-46	1.72435e-45	2.63063e-44	3.83315e-43	5.32373e-42	7.03172e-41	8.81104e-40	1.04458e-38	1.16823e-37	1.22847e-36	1.21029e-35	1.11267e-34	9.50312e-34	7.50294e-33	5.44565e-32	3.61089e-31	2.17207e-30	1.17591e-29	5.67787e-29	2.41956e-28	8.98608e-28	2.86293e-27	7.65829e-27	1.66686e-26	2.81357e-26	3.43194e-26	2.81357e-26	1.66686e-26	7.65829e-27	2.86293e-27	8.98609e-28	2.41956e-28	5.67787e-29	1.17592e-29	2.17207e-30	3.61079e-31	5.44106e-32	7.3348e-33	4.45405e-34	-1.08923e-33	-2.12807e-33	-2.65619e-33	-2.14037e-33	-1.20083e-33	-5.05125e-34	-1.68262e-34	-4.61659e-35	-1.07383e-35	-2.1642e-36	-3.84389e-37	-6.09831e-38	-8.73721e-39	-1.14077e-39	-1.36769e-40	-1.51552e-41	-1.56076e-42	-1.50113e-43	-1.35411e-44	-1.14995e-45	-9.22447e-47	-7.01043e-48	-5.06128e-49	-3.48061e-50	-2.42665e-51	-2.42665e-51	
7.45736e-64	7.45736e-64	1.84379e-62	4.60185e-61	1.1164e-59	2.63027e-58	6.01321e-57	1.33275e-55	2.86095e-54	5.9423e-53	1.19292e-51	2.31199e-50	4.32056e-49	7.77512e-48	1.34547e-46	2.23555e-45	3.56066e-44	5.42681e-43	7.89952e-42	1.09597e-40	1.44597e-39	1.80971e-38	2.14279e-37	2.39322e-36	2.51302e-35	2.472e-34	2.26882e-33	1.93422e-32	1.52406e-31	1.10373e-30	7.30069e-30	4.37966e-29	2.36388e-28	1.13756e-27	4.82974e-27	1.78667e-26	5.66925e-26	1.51065e-25	3.27714e-25	5.51896e-25	6.726e-25	5.51896e-25	3.27714e-25	1.51065e-25	5.66925e-26	1.78667e-26	4.82974e-27	1.13756e-27	2.36388e-28	4.37966e-29	7.30046e-30	1.10266e-30	1.48501e-31	7.62349e-33	-2.55761e-32	-4.93664e-32	-6.15634e-32	-4.96197e-32	-2.78541e-32	-1.17246e-32	-3.90842e-33	-1.07314e-33	-2.498e-34	-5.03819e-35	-8.9549e-36	-1.42169e-36	-2.0383e-37	-2.66308e-38	-3.19494e-39	-3.54253e-40	-3.65057e-41	-3.51326e-42	-3.17108e-43	-2.69454e-44	-2.1627e-45	-1.64454e-46	-1.18795e-47	-8.17388e-49	-5.70194e-50	-5.70194e-50	
1.50542e-62	1.50542e-62	3.71962e-61	9.2776e-60	2.24923e-58	5.29564e-57	1.20982e-55	2.67949e-54	5.74772e-53	1.19292e-51	2.39295e-50	4.63402e-49	8.65275e-48	1.55579e-46	2.68988e-45	4.46523e-44	7.10515e-43	1.08182e-41	1.5731e-40	2.1801e-39	2.87299e-38	3.59133e-37	4.2468e-36	4.73657e-35	4.9663e-34	4.87746e-33	4.46881e-32	3.80259e-31	2.99004e-30	2.16045e-29	1.42543e-28	8.52698e-28	4.58789e-27	2.20009e-26	9.30505e-26	3.42803e-25	1.08312e-24	2.87437e-24	6.21374e-24	1.0439e-23	1.27102e-23	1.0439e-23	6.21374e-24	2.87437e-24	1.08312e-24	3.42803e-25	9.30505e-26	2.20009e-26	4.58789e-27	8.52699e-28	1.42538e-28	2.15805e-29	2.90208e-30	1.1648e-31	-5.81654e-31	-1.11051e-30	-1.38373e-30	-1.11556e-30	-6.26582e-31	-2.63932e-31	-8.80488e-32	-2.41944e-32	-5.63616e-33	-1.13761e-33	-2.0235e-34	-3.21488e-35	-4.6125e-36	-6.03052e-37	-7.23978e-38	-8.03274e-39	-8.28306e-40	-7.97651e-41	-7.20405e-42	-6.12514e-43	-4.91906e-44	-3.74265e-45	-2.70506e-46	-1.86229e-47	-1.29984e-48	-1.29984e-48	
2.9344e-61	2.9344e-61	7.24541e-60	1.80596e-58	4.37531e-57	1.02941e-55	2.35007e-54	5.20105e-53	1.11482e-51	2.31199e-50	4.63402e-49	8.96654e-48	1.67283e-46	3.00513e-45	5.19098e-44	8.60891e-43	1.36851e-41	2.08152e-40	3.02353e-39	4.18545e-38	5.5091e-37	6.87785e-36	8.12227e-35	9.04602e-34	9.47024e-33	9.28545e-32	8.49227e-31	7.21211e-30	5.65886e-29	4.07914e-28	2.68428e-27	1.60104e-26	8.58614e-26	4.10242e-25	1.72811e-24	6.33893e-24	1.9939e-23	5.26858e-23	1.13473e-22	1.9014e-22	2.31279e-22	1.9014e-22	1.13473e-22	5.26858e-23	1.99391e-23	6.33893e-24	1.72811e-24	4.10243e-25	8.58615e-26	1.60105e-26	2.68417e-27	4.07389e-28	5.46689e-29	1.45929e-30	-1.28012e-29	-2.42017e-29	-3.01324e-29	-2.42993e-29	-1.36565e-29	-5.7567e-30	-1.92197e-30	-5.28547e-31	-1.23225e-31	-2.48916e-32	-4.43094e-33	-7.04504e-34	-1.01152e-34	-1.32343e-35	-1.58992e-36	-1.76526e-37	-1.82148e-38	-1.7552e-39	-1.58622e-40	-1.34949e-41	-1.08442e-42	-8.25561e-44	-5.97032e-45	-4.11255e-46	-2.87214e-47	-2.87214e-47	
5.51618e-60	5.51618e-60	1.36106e-58	3.39019e-57	8.20762e-56	1.92967e-54	4.40203e-53	9.73494e-52	2.08502e-50	4.32056e-49	8.65275e-48	1.67283e-46	3.11813e-45	5.59644e-44	9.658e-43	1.60015e-41	2.54106e-40	3.86087e-39	5.60186e-38	7.74552e-37	1.01824e-35	1.26957e-34	1.49719e-33	1.66499e-32	1.74031e-31	1.70343e-30	1.55503e-29	1.31794e-28	1.0318e-27	7.4194e-27	4.86901e-26	2.89529e-25	1.5474e-24	7.3653e-24	3.08953e-23	1.12813e-22	3.53181e-22	9.2897e-22	1.99292e-21	3.33021e-21	4.04646e-21	3.33021e-21	1.99292e-21	9.2897e-22	3.53181e-22	1.12813e-22	3.08954e-23	7.36532e-24	1.54741e-24	2.89529e-25	4.86878e-26	7.40832e-27	9.91249e-28	1.03534e-29	-2.72397e-28	-5.10467e-28	-6.35084e-28	-5.12292e-28	-2.88096e-28	-1.21536e-28	-4.061e-29	-1.11772e-29	-2.608e-30	-5.27249e-31	-9.39303e-32	-1.49462e-32	-2.14759e-33	-2.8119e-34	-3.38053e-35	-3.75597e-36	-3.87822e-37	-3.73958e-38	-3.38175e-39	-2.87887e-40	-2.31482e-41	-1.76331e-42	-1.27595e-43	-8.79421e-45	-6.1454e-46	-6.1454e-46	
9.98746e-59	9.98746e-59	2.46252e-57	6.12938e-56	1.48283e-54	3.48365e-53	7.94093e-52	1.75473e-50	3.75523e-49	7.77512e-48	1.55579e-46	3.00513e-45	5.59644e-44	1.0035e-42	1.7301e-41	2.86352e-40	4.54252e-39	6.89423e-38	9.99148e-37	1.37981e-35	1.8116e-34	2.25568e-33	2.65627e-32	2.94944e-31	3.07777e-30	3.00719e-29	2.73991e-28	2.31729e-27	1.80999e-26	1.29819e-25	8.4952e-25	5.03551e-24	2.68168e-23	1.27134e-22	5.30942e-22	1.92945e-21	6.01041e-21	1.57326e-20	3.36098e-20	5.59977e-20	6.79645e-20	5.59977e-20	3.36098e-20	1.57326e-20	6.01041e-21	1.92945e-21	5.30943e-22	1.27135e-22	2.68169e-23	5.03553e-24	8.49475e-25	1.29593e-25	1.72715e-26	-1.61428e-28	-5.59879e-27	-1.04093e-26	-1.29412e-26	-1.04423e-26	-5.87634e-27	-2.48098e-27	-8.29702e-28	-2.28559e-28	-5.33764e-29	-1.08e-29	-1.92564e-30	-3.06655e-31	-4.40971e-32	-5.77816e-33	-6.9518e-34	-7.72942e-35	-7.98659e-36	-7.70635e-37	-6.97358e-38	-5.94042e-39	-4.77955e-40	-3.64307e-41	-2.63775e-42	-1.81908e-43	-1.27195e-44	-1.27195e-44	
1.73926e-57	1.73926e-57	4.28514e-56	1.06581e-54	2.57649e-53	6.04833e-52	1.37762e-50	3.04169e-49	6.50396e-48	1.34547e-46	2.68988e-45	5.19098e-44	9.658e-43	1.7301e-41	2.97975e-40	4.92666e-39	7.80676e-38	1.18348e-36	1.7131e-35	2.36278e-34	3.09804e-33	3.85201e-32	4.5293e-31	5.02115e-30	5.23062e-29	5.10122e-28	4.6385e-27	3.91443e-26	3.05012e-25	2.18183e-24	1.42353e-23	8.40998e-23	4.46211e-22	2.1066e-21	8.75687e-21	3.16622e-20	9.81107e-20	2.5549e-19	5.43366e-19	9.0246e-19	1.09399e-18	9.0246e-19	5.43366e-19	2.5549e-19	9.81108e-20	3.16623e-20	8.75689e-21	2.10661e-21	4.46214e-22	8.41004e-23	1.42345e-23	2.17737e-24	2.88671e-25	-9.71774e-27	-1.11038e-25	-2.04979e-25	-2.54665e-25	-2.05559e-25	-1.15757e-25	-4.89137e-26	-1.63727e-26	-4.5143e-27	-1.05519e-27	-2.13692e-28	-3.8134e-29	-6.07786e-30	-8.74708e-31	-1.14706e-31	-1.3811e-32	-1.53673e-33	-1.58901e-34	-1.53433e-35	-1.38939e-36	-1.18433e-37	-9.5351e-39	-7.27245e-40	-5.26883e-41	-3.63576e-42	-2.5438e-43	-2.5438e-43	
2.90884e-56	2.90884e-56	7.16117e-55	1.77978e-53	4.29908e-52	1.0084e-50	2.29493e-49	5.06278e-48	1.08162e-46	2.23555e-45	4.46523e-44	8.60891e-43	1.60015e-41	2.86352e-40	4.92666e-39	8.1367e-38	1.28786e-36	1.95003e-35	2.81915e-34	3.88316e-33	5.08448e-32	6.31261e-31	7.41094e-30	8.20201e-29	8.52889e-28	8.30184e-27	7.53298e-26	6.34255e-25	4.92968e-24	3.51652e-23	2.28724e-22	1.34657e-21	7.11668e-21	3.34513e-20	1.38375e-19	4.97656e-19	1.53345e-18	3.97135e-18	8.40568e-18	1.39136e-17	1.68444e-17	1.39136e-17	8.40568e-18	3.97135e-18	1.53345e-18	4.97657e-19	1.38375e-19	3.34515e-20	7.11674e-21	1.34659e-21	2.28709e-22	3.50804e-23	4.61871e-24	-2.94853e-25	-2.12242e-24	-3.89315e-24	-4.83367e-24	-3.90302e-24	-2.19954e-24	-9.30249e-25	-3.11671e-25	-8.60159e-26	-2.01246e-26	-4.07929e-27	-7.28611e-28	-1.16228e-28	-1.67413e-29	-2.19719e-30	-2.64759e-31	-2.9482e-32	-3.05077e-33	-2.94792e-34	-2.67132e-35	-2.27863e-36	-1.83575e-37	-1.40105e-38	-1.01569e-39	-7.0131e-41	-4.90993e-42	-4.90993e-42	
4.66469e-55	4.66469e-55	1.14746e-53	2.84954e-52	6.87749e-51	1.61185e-49	3.66514e-48	8.07848e-47	1.72435e-45	3.56066e-44	7.10515e-43	1.36851e-41	2.54107e-40	4.54252e-39	7.80676e-38	1.28786e-36	2.03598e-35	3.07895e-34	4.44541e-33	6.1148e-32	7.99491e-31	9.91079e-30	1.16162e-28	1.28337e-27	1.33202e-26	1.29394e-25	1.17154e-24	9.84039e-24	7.62822e-23	5.42562e-22	3.51752e-21	2.06333e-20	1.08601e-19	5.08115e-19	2.09104e-18	7.47787e-18	2.29047e-17	5.89713e-17	1.24176e-16	2.04797e-16	2.47588e-16	2.04797e-16	1.24177e-16	5.89713e-17	2.29047e-17	7.47789e-18	2.09105e-18	5.08119e-19	1.08602e-19	2.06337e-20	3.51726e-21	5.41011e-22	7.05813e-23	-7.17889e-24	-3.90516e-23	-7.12237e-23	-8.83745e-23	-7.13868e-23	-4.02613e-23	-1.70435e-23	-5.7159e-24	-1.57906e-24	-3.69806e-25	-7.50322e-26	-1.34142e-26	-2.14177e-27	-3.08766e-28	-4.05578e-29	-4.89119e-30	-5.45086e-31	-5.64484e-32	-5.45862e-33	-4.95003e-34	-4.22535e-35	-3.40644e-36	-2.60153e-37	-1.88721e-38	-1.3039e-39	-9.13468e-41	-9.13468e-41	
7.16012e-54	7.16012e-54	1.75983e-52	4.36666e-51	1.05302e-49	2.46578e-48	5.60186e-47	1.2336e-45	2.63063e-44	5.42681e-43	1.08182e-41	2.08152e-40	3.86087e-39	6.89423e-38	1.18348e-36	1.95003e-35	3.07895e-34	4.65012e-33	6.7047e-32	9.20928e-31	1.20226e-29	1.48797e-28	1.74102e-27	1.92e-26	1.98888e-25	1.92793e-24	1.74153e-23	1.45914e-22	1.12799e-21	7.99838e-21	5.16777e-20	3.01974e-19	1.58254e-18	7.36824e-18	3.01571e-17	1.072e-16	3.26267e-16	8.3474e-16	1.748e-15	2.87154e-15	3.46624e-15	2.87154e-15	1.748e-15	8.34741e-16	3.26268e-16	1.072e-16	3.01574e-17	7.36833e-18	1.58257e-18	3.01982e-19	5.16735e-20	7.97107e-21	1.02745e-21	-1.53991e-22	-6.90732e-22	-1.25333e-21	-1.55418e-21	-1.25595e-21	-7.08927e-22	-3.00401e-22	-1.0085e-22	-2.78898e-23	-6.53832e-24	-1.32793e-24	-2.37637e-25	-3.79778e-26	-5.48003e-27	-7.20459e-28	-8.69597e-29	-9.69898e-30	-1.00521e-30	-9.72803e-32	-8.82826e-33	-7.54128e-34	-6.08401e-35	-4.6496e-36	-3.37518e-37	-2.33348e-38	-1.63585e-39	-1.63585e-39	
1.05002e-52	1.05002e-52	2.57851e-51	6.39251e-50	1.54019e-48	3.60328e-47	8.17846e-46	1.79928e-44	3.83316e-43	7.89953e-42	1.5731e-40	3.02353e-39	5.60186e-38	9.99148e-37	1.7131e-35	2.81915e-34	4.44541e-33	6.7047e-32	9.65321e-31	1.32392e-29	1.7256e-28	2.13208e-27	2.4902e-26	2.74092e-25	2.83339e-24	2.74046e-23	2.46952e-22	2.06361e-21	1.59064e-20	1.12426e-19	7.23772e-19	4.21219e-18	2.19739e-17	1.01782e-16	4.14168e-16	1.46283e-15	4.42194e-15	1.12369e-14	2.33901e-14	3.82605e-14	4.61079e-14	3.82605e-14	2.33901e-14	1.12369e-14	4.42195e-15	1.46284e-15	4.14172e-16	1.01784e-16	2.19745e-17	4.21235e-18	7.23708e-19	1.11964e-19	1.42033e-20	-3.01254e-21	-1.17276e-20	-2.11818e-20	-2.62506e-20	-2.12229e-20	-1.19898e-20	-5.08585e-21	-1.70929e-21	-4.73218e-22	-1.11058e-22	-2.25796e-23	-4.04478e-24	-6.47051e-25	-9.34549e-26	-1.22977e-26	-1.48565e-27	-1.65842e-28	-1.72023e-29	-1.66609e-30	-1.51316e-31	-1.29354e-32	-1.04434e-33	-7.98682e-35	-5.80167e-36	-4.01376e-37	-2.81573e-38	-2.81573e-38	
1.46817e-51	1.46817e-51	3.60203e-50	8.92188e-49	2.14761e-47	5.01957e-46	1.13819e-44	2.50153e-43	5.32373e-42	1.09597e-40	2.1801e-39	4.18545e-38	7.74553e-37	1.37981e-35	2.36278e-34	3.88317e-33	6.11481e-32	9.20929e-31	1.32392e-29	1.81285e-28	2.35891e-27	2.90939e-26	3.39164e-25	3.72556e-24	3.84289e-23	3.70812e-22	3.33299e-21	2.77738e-20	2.13425e-19	1.50333e-18	9.64127e-18	5.58698e-17	2.90048e-16	1.33613e-15	5.40338e-15	1.89542e-14	5.68775e-14	1.4348e-13	2.96724e-13	4.83118e-13	5.81155e-13	4.83118e-13	2.96725e-13	1.43481e-13	5.68778e-14	1.89544e-14	5.40347e-15	1.33616e-15	2.9006e-16	5.5873e-17	9.64036e-18	1.49586e-18	1.85756e-19	-5.4617e-20	-1.9083e-19	-3.43241e-19	-4.25128e-19	-3.43869e-19	-1.94449e-19	-8.25726e-20	-2.77837e-20	-7.70087e-21	-1.80935e-21	-3.6827e-22	-6.60401e-23	-1.05754e-23	-1.52893e-24	-2.01384e-25	-2.43509e-26	-2.72068e-27	-2.82449e-28	-2.73786e-29	-2.48854e-30	-2.129e-31	-1.72014e-32	-1.31647e-33	-9.5697e-35	-6.62515e-36	-4.65095e-37	-4.65095e-37	
1.95295e-50	1.95295e-50	4.78678e-49	1.18451e-47	2.84848e-46	6.65104e-45	1.50658e-43	3.30768e-42	7.03173e-41	1.44597e-39	2.87299e-38	5.50911e-37	1.01825e-35	1.81161e-34	3.09804e-33	5.08449e-32	7.99492e-31	1.20226e-29	1.72561e-28	2.35892e-27	3.06402e-26	3.77194e-25	4.38837e-24	4.81011e-23	4.95018e-22	4.7647e-21	4.27111e-20	3.5486e-19	2.71799e-18	1.90759e-17	1.21844e-16	7.02858e-16	3.63008e-15	1.66246e-14	6.67869e-14	2.32559e-13	6.92363e-13	1.73275e-12	3.5581e-12	5.7638e-12	6.91969e-12	5.76381e-12	3.55811e-12	1.73276e-12	6.92369e-13	2.32563e-13	6.67886e-14	1.66252e-14	3.6303e-15	7.02918e-16	1.21833e-16	1.89601e-17	2.28772e-18	-9.25241e-19	-2.97078e-18	-5.32352e-18	-6.58968e-18	-5.3329e-18	-3.0186e-18	-1.28335e-18	-4.32348e-19	-1.19982e-19	-2.82239e-20	-5.75127e-21	-1.0325e-21	-1.65518e-22	-2.39544e-23	-3.15829e-24	-3.82259e-25	-4.27484e-26	-4.44188e-27	-4.30933e-28	-3.92015e-29	-3.35646e-30	-2.71398e-31	-2.07865e-32	-1.51211e-33	-1.04758e-34	-7.35954e-36	-7.35954e-36	
2.46547e-49	2.46547e-49	6.03682e-48	1.49233e-46	3.58503e-45	8.36201e-44	1.89209e-42	4.14943e-41	8.81105e-40	1.80971e-38	3.59133e-37	6.87786e-36	1.26957e-34	2.25568e-33	3.85202e-32	6.31262e-31	9.9108e-30	1.48797e-28	2.13208e-27	2.90939e-26	3.77194e-25	4.63416e-24	5.38005e-23	5.8837e-22	6.04023e-21	5.79855e-20	5.18292e-19	4.29262e-18	3.27646e-17	2.29069e-16	1.45683e-15	8.36289e-15	4.29543e-14	1.95484e-13	7.79763e-13	2.69373e-12	7.9512e-12	1.97277e-11	4.01963e-11	6.47512e-11	7.75667e-11	6.47513e-11	4.01965e-11	1.97278e-11	7.9513e-12	2.69379e-12	7.79791e-13	1.95496e-13	4.29581e-14	8.36394e-15	1.4567e-15	2.27355e-16	2.63718e-17	-1.4709e-17	-4.41632e-17	-7.88708e-17	-9.75723e-17	-7.90075e-17	-4.47684e-17	-1.9057e-17	-6.42848e-18	-1.78629e-18	-4.20731e-19	-8.58382e-20	-1.54282e-20	-2.47605e-21	-3.58731e-22	-4.73463e-23	-5.73619e-24	-6.42099e-25	-6.67805e-26	-6.48454e-27	-5.90397e-28	-5.05922e-29	-4.09407e-30	-3.13811e-31	-2.28453e-32	-1.58387e-33	-1.11354e-34	-1.11354e-34	
2.94614e-48	2.94614e-48	7.20599e-47	1.77946e-45	4.27012e-44	9.9488e-43	2.24855e-41	4.92532e-40	1.04459e-38	2.1428e-37	4.24681e-36	8.12229e-35	1.49719e-33	2.65627e-32	4.52931e-31	7.41095e-30	1.16162e-28	1.74103e-27	2.49021e-26	3.39165e-25	4.38838e-24	5.38006e-23	6.23188e-22	6.79875e-21	6.96144e-20	6.66405e-19	5.93826e-18	4.90167e-17	3.72746e-16	2.59525e-15	1.6429e-14	9.38184e-14	4.79026e-13	2.16534e-12	8.57113e-12	2.93554e-11	8.58441e-11	2.10977e-10	4.26218e-10	6.82348e-10	8.15417e-10	6.82349e-10	4.2622e-10	2.10979e-10	8.58457e-11	2.93564e-11	8.57159e-12	2.16553e-12	4.79089e-13	9.38358e-14	1.64278e-14	2.57106e-15	2.82187e-16	-2.19888e-16	-6.25624e-16	-1.11385e-15	-1.37715e-15	-1.1158e-15	-6.32968e-16	-2.69802e-16	-9.11383e-17	-2.53596e-17	-5.98103e-18	-1.22183e-18	-2.19879e-19	-3.53297e-20	-5.12438e-21	-6.77065e-22	-8.21145e-23	-9.20093e-24	-9.57847e-25	-9.30952e-26	-8.48358e-27	-7.27598e-28	-5.89284e-29	-4.52048e-30	-3.29346e-31	-2.28508e-32	-1.60777e-33	-1.60777e-33	
3.32276e-47	3.32276e-47	8.11784e-46	2.00236e-44	4.79942e-43	1.11686e-41	2.52115e-40	5.51548e-39	1.16823e-37	2.39322e-36	4.73658e-35	9.04604e-34	1.665e-32	2.94945e-31	5.02117e-30	8.20204e-29	1.28338e-27	1.92001e-26	2.74093e-25	3.72558e-24	4.81013e-23	5.88372e-22	6.79876e-21	7.39796e-20	7.55383e-19	7.20927e-18	6.40294e-17	5.26615e-16	3.98866e-15	2.76479e-14	1.74152e-13	9.88903e-13	5.01692e-12	2.25123e-11	8.83695e-11	2.99826e-10	8.67849e-10	2.11071e-09	4.22384e-09	6.71567e-09	8.00361e-09	6.71569e-09	4.22387e-09	2.11074e-09	8.67873e-10	2.99841e-10	8.83765e-11	2.25151e-11	5.01788e-12	9.8917e-13	1.74143e-13	2.73233e-14	2.76837e-15	-3.09304e-15	-8.42637e-15	-1.49598e-14	-1.84847e-14	-1.49865e-14	-8.51193e-15	-3.63339e-15	-1.22917e-15	-3.42523e-16	-8.08983e-17	-1.65488e-17	-2.98198e-18	-4.79736e-19	-6.9666e-20	-9.21518e-21	-1.11883e-21	-1.25496e-22	-1.30777e-23	-1.27227e-24	-1.16047e-25	-9.9617e-27	-8.07495e-28	-6.19956e-29	-4.5204e-30	-3.1388e-31	-2.2102e-32	-2.2102e-32	
3.52578e-46	3.52578e-46	8.60325e-45	2.11951e-43	5.0739e-42	1.17923e-40	2.65844e-39	5.80797e-38	1.22847e-36	2.51303e-35	4.96632e-34	9.47028e-33	1.74032e-31	3.07778e-30	5.23065e-29	8.52894e-28	1.33203e-26	1.98889e-25	2.83341e-24	3.84292e-23	4.95021e-22	6.04027e-21	6.96148e-20	7.55385e-19	7.6898e-18	7.31511e-17	6.47386e-16	5.30372e-15	3.99979e-14	2.75919e-13	1.72861e-12	9.75581e-12	4.91488e-11	2.18787e-10	8.51005e-10	2.85767e-09	8.17849e-09	1.96613e-08	3.89307e-08	6.14208e-08	7.29771e-08	6.1421e-08	3.89311e-08	1.96618e-08	8.17881e-09	2.85787e-09	8.51102e-10	2.18827e-10	4.91624e-11	9.75963e-12	1.72861e-12	2.71785e-13	2.43956e-14	-4.09225e-14	-1.07634e-13	-1.90586e-13	-2.35345e-13	-1.90942e-13	-1.08593e-13	-4.64249e-14	-1.57304e-14	-4.39032e-15	-1.03849e-15	-2.12744e-16	-3.83879e-17	-6.18391e-18	-8.99137e-19	-1.19077e-19	-1.44739e-20	-1.62527e-21	-1.69543e-22	-1.65106e-23	-1.50743e-24	-1.29521e-25	-1.05083e-26	-8.07474e-28	-5.89258e-29	-4.09488e-30	-2.8858e-31	-2.8858e-31	
3.50749e-45	3.50749e-45	8.54734e-44	2.10299e-42	5.0276e-41	1.16686e-39	2.62684e-38	5.7306e-37	1.21029e-35	2.47202e-34	4.87748e-33	9.2855e-32	1.70344e-30	3.00721e-29	5.10126e-28	8.30191e-27	1.29396e-25	1.92795e-24	2.74048e-23	3.70816e-22	4.76475e-21	5.79861e-20	6.66412e-19	7.20933e-18	7.31515e-17	6.93413e-16	6.11303e-15	4.98689e-14	3.74322e-13	2.56868e-12	1.59979e-11	8.96845e-11	4.48373e-10	1.97846e-09	7.61823e-09	2.52906e-08	7.14733e-08	1.69601e-07	3.31835e-07	5.18967e-07	6.14474e-07	5.18971e-07	3.3184e-07	1.69606e-07	7.14774e-08	2.5293e-08	7.61946e-09	1.97897e-09	4.4855e-10	8.97343e-11	1.59988e-11	2.51881e-12	1.85559e-13	-5.08657e-13	-1.30025e-12	-2.29666e-12	-2.83416e-12	-2.3012e-12	-1.3106e-12	-5.61229e-13	-1.90488e-13	-5.32539e-14	-1.2617e-14	-2.58869e-15	-4.67792e-16	-7.54615e-17	-1.09866e-17	-1.45683e-18	-1.77292e-19	-1.99309e-20	-2.0814e-21	-2.02906e-22	-1.85441e-23	-1.59488e-24	-1.29516e-25	-9.96112e-27	-7.27544e-28	-5.06007e-29	-3.56903e-30	-3.56903e-30	
3.25864e-44	3.25864e-44	7.92959e-43	1.94824e-41	4.65091e-40	1.07783e-38	2.4227e-37	5.27695e-36	1.11268e-34	2.26883e-33	4.46884e-32	8.49234e-31	1.55504e-29	2.73994e-28	4.63855e-27	7.53307e-26	1.17155e-24	1.74156e-23	2.46956e-22	3.33304e-21	4.27118e-20	5.18302e-19	5.93837e-18	6.40305e-17	6.47395e-16	6.11308e-15	5.3665e-14	4.3576e-13	3.25406e-12	2.22019e-11	1.37379e-10	7.64478e-10	3.78972e-09	1.65598e-08	6.3051e-08	2.06644e-07	5.75758e-07	1.34622e-06	2.59833e-06	4.02301e-06	4.7444e-06	4.02305e-06	2.59839e-06	1.34628e-06	5.75804e-07	2.06672e-07	6.30652e-08	1.65657e-08	3.7918e-09	7.65072e-10	1.37396e-10	2.16335e-11	1.09979e-12	-5.92892e-12	-1.48091e-11	-2.60959e-11	-3.21808e-11	-2.6151e-11	-1.49168e-11	-6.39912e-12	-2.17593e-12	-6.09408e-13	-1.44631e-13	-2.97234e-14	-5.37957e-15	-8.69082e-16	-1.26708e-16	-1.6824e-17	-2.05002e-18	-2.30737e-19	-2.41237e-20	-2.3543e-21	-2.15391e-22	-1.85432e-23	-1.50731e-24	-1.16035e-25	-8.48262e-27	-5.90476e-28	-4.16847e-29	-4.16847e-29	
2.81514e-43	2.81514e-43	6.83975e-42	1.6779e-40	3.99922e-39	9.25306e-38	2.07641e-36	4.51492e-35	9.50318e-34	1.93424e-32	3.80262e-31	7.21219e-30	1.31796e-28	2.31732e-27	3.91449e-26	6.34266e-25	9.84058e-24	1.45917e-22	2.06366e-21	2.77745e-20	3.54869e-19	4.29275e-18	4.90182e-17	5.26631e-16	5.30387e-15	4.98701e-14	4.35767e-13	3.52036e-12	2.61394e-11	1.77211e-10	1.08865e-09	6.00843e-09	2.95046e-08	1.27519e-07	4.79401e-07	1.54848e-06	4.24503e-06	9.75863e-06	1.85408e-05	2.83736e-05	3.33058e-05	2.8374e-05	1.85414e-05	9.75921e-06	4.24549e-06	1.54877e-06	4.79548e-07	1.27581e-07	2.95267e-08	6.0148e-09	1.08885e-09	1.71108e-10	3.02642e-12	-6.46468e-11	-1.58469e-10	-2.78605e-10	-3.43312e-10	-2.79239e-10	-1.59547e-10	-6.85765e-11	-2.33647e-11	-6.55638e-12	-1.55891e-12	-3.20938e-13	-5.81824e-14	-9.41425e-15	-1.37459e-15	-1.82772e-16	-2.23006e-17	-2.51319e-18	-2.63074e-19	-2.57036e-20	-2.35416e-21	-2.02886e-22	-1.65085e-23	-1.27208e-24	-9.30803e-26	-6.48513e-27	-4.58236e-28	-4.58236e-28	
2.2506e-42	2.2506e-42	5.45885e-41	1.3369e-39	3.18097e-38	7.34682e-37	1.64564e-35	3.57155e-34	7.503e-33	1.52408e-31	2.99008e-30	5.65894e-29	1.03182e-27	1.81002e-26	3.05019e-25	4.92981e-24	7.62844e-23	1.12803e-21	1.5907e-20	2.13433e-19	2.71811e-18	3.27661e-17	3.72764e-16	3.98885e-15	3.99999e-14	3.74339e-13	3.25419e-12	2.614e-11	1.92869e-10	1.29828e-09	7.91146e-09	4.3262e-08	2.10177e-07	8.97131e-07	3.32405e-06	1.05581e-05	2.84041e-05	6.40134e-05	0.000119387	0.000180191	0.000210343	0.000180194	0.000119392	6.40184e-05	2.84081e-05	1.05607e-05	3.32539e-06	8.97709e-07	2.10385e-07	4.33229e-08	7.9128e-09	1.23674e-09	-3.93506e-11	-6.5736e-10	-1.58698e-09	-2.78374e-09	-3.42747e-09	-2.79056e-09	-1.59734e-09	-6.88019e-10	-2.34919e-10	-6.60589e-11	-1.57382e-11	-3.24619e-12	-5.89542e-13	-9.55512e-14	-1.39737e-14	-1.86077e-15	-2.27359e-16	-2.56567e-17	-2.68908e-18	-2.63054e-19	-2.41206e-20	-2.08105e-21	-1.6951e-22	-1.30749e-23	-9.57642e-25	-6.67833e-26	-4.72333e-27	-4.72333e-27	
1.65611e-41	1.65611e-41	4.00946e-40	9.80124e-39	2.32766e-37	5.36556e-36	1.19944e-34	2.59779e-33	5.4457e-32	1.10374e-30	2.16049e-29	4.07922e-28	7.41958e-27	1.29822e-25	2.1819e-24	3.51665e-23	5.42585e-22	7.99875e-21	1.12432e-19	1.50342e-18	1.90772e-17	2.29085e-16	2.59545e-15	2.76501e-14	2.75942e-13	2.56889e-12	2.22036e-11	1.77222e-10	1.29833e-09	8.66963e-09	5.23498e-08	2.83259e-07	1.35935e-06	5.71939e-06	2.08357e-05	6.48866e-05	0.000170703	0.000375678	0.000685146	0.00101686	0.001179	0.00101688	0.000685181	0.000375715	0.000170734	6.49065e-05	2.08464e-05	5.7241e-06	1.36108e-06	2.83771e-07	5.23486e-08	8.08949e-09	-8.77022e-10	-6.21048e-09	-1.48078e-08	-2.59144e-08	-3.18785e-08	-2.59828e-08	-1.49026e-08	-6.43379e-09	-2.20192e-09	-6.20583e-10	-1.4817e-10	-3.06239e-11	-5.57224e-12	-9.0475e-13	-1.32536e-13	-1.76768e-14	-2.16308e-15	-2.44442e-16	-2.56544e-17	-2.51278e-18	-2.30687e-19	-1.99259e-20	-1.62483e-21	-1.25461e-22	-9.19838e-24	-6.4209e-25	-4.54572e-26	-4.54572e-26	
1.11493e-40	1.11493e-40	2.69373e-39	6.57155e-38	1.5574e-36	3.58229e-35	7.99027e-34	1.7266e-32	3.61092e-31	7.30079e-30	1.42546e-28	2.68435e-27	4.86916e-26	8.49552e-25	1.4236e-23	2.28736e-22	3.51773e-21	5.16813e-20	7.23829e-19	9.64212e-18	1.21856e-16	1.45699e-15	1.6431e-14	1.74174e-13	1.72884e-12	1.60001e-11	1.37397e-10	1.08879e-09	7.91227e-09	5.23531e-08	3.12824e-07	1.67218e-06	7.9109e-06	3.27257e-05	0.000116841	0.00035531	0.000909583	0.00194393	0.00344784	0.00501026	0.00575969	0.00501038	0.00344804	0.00194416	0.000909777	0.000355442	0.000116914	3.27588e-05	7.92335e-06	1.67591e-06	3.12635e-07	4.72651e-08	-1.09922e-08	-5.42718e-08	-1.28087e-07	-2.23619e-07	-2.74811e-07	-2.24253e-07	-1.28905e-07	-5.57922e-08	-1.91435e-08	-5.4087e-09	-1.2944e-09	-2.68116e-10	-4.8886e-11	-7.95278e-12	-1.16709e-12	-1.55923e-13	-1.91104e-14	-2.16284e-15	-2.27313e-16	-2.22946e-17	-2.04938e-18	-1.77232e-19	-1.44688e-20	-1.11844e-21	-8.2086e-23	-5.73576e-24	-4.06481e-25	-4.06481e-25	
6.82014e-40	6.82014e-40	1.64408e-38	4.00188e-37	9.46225e-36	2.17131e-34	4.83122e-33	1.04133e-31	2.17206e-30	4.37969e-29	8.52714e-28	1.60109e-26	2.8954e-25	5.03577e-24	8.41051e-23	1.34667e-21	2.06352e-20	3.02005e-19	4.21269e-18	5.58773e-17	7.02963e-16	8.36429e-15	9.38357e-14	9.891e-13	9.75788e-12	8.97043e-11	7.64649e-10	6.00973e-09	4.32705e-08	2.83304e-07	1.67234e-06	8.81294e-06	4.09935e-05	0.000166166	0.000578839	0.00170889	0.00422622	0.00869884	0.0148816	0.0210374	0.0239142	0.021038	0.0148826	0.00869997	0.00422723	0.00170961	0.000579257	0.000166362	4.10695e-05	8.83583e-06	1.66906e-06	2.42062e-07	-1.08256e-07	-4.36361e-07	-1.02113e-06	-1.77819e-06	-2.1828e-06	-1.78356e-06	-1.02773e-06	-4.46061e-07	-1.53484e-07	-4.34822e-08	-1.04327e-08	-2.16612e-09	-3.95831e-10	-6.45272e-11	-9.48787e-12	-1.26987e-12	-1.55903e-13	-1.76726e-14	-1.86016e-15	-1.82702e-16	-1.68169e-17	-1.45619e-18	-1.19024e-19	-9.21114e-21	-6.7678e-22	-4.73397e-23	-3.35843e-24	-3.35843e-24	
3.76114e-39	3.76114e-39	9.04435e-38	2.1961e-36	5.17942e-35	1.18541e-33	2.63043e-32	5.65376e-31	1.17587e-29	2.36384e-28	4.5879e-27	8.58634e-26	1.54747e-24	2.68185e-23	4.46248e-22	7.11742e-21	1.08615e-19	1.58278e-18	2.19777e-17	2.90106e-16	3.63091e-15	4.29652e-14	4.79161e-13	5.01846e-12	4.9165e-11	4.48529e-10	3.79107e-09	2.95151e-08	2.10248e-07	1.35976e-06	7.91276e-06	4.09992e-05	0.000186857	0.000738712	0.0024948	0.0070894	0.016753	0.0327944	0.0534464	0.0727934	0.0815018	0.0727954	0.0534501	0.0327988	0.0167573	0.0070926	0.00249675	0.000739668	0.000187241	4.11145e-05	7.87469e-06	1.05316e-06	-9.02461e-07	-3.20774e-06	-7.4522e-06	-1.29414e-05	-1.58659e-05	-1.29828e-05	-7.50127e-06	-3.26584e-06	-1.12724e-06	-3.20298e-07	-7.70637e-08	-1.60423e-08	-2.93859e-09	-4.80113e-10	-7.07412e-11	-9.48644e-12	-1.16677e-12	-1.32485e-13	-1.39672e-14	-1.37389e-15	-1.2664e-16	-1.09806e-17	-8.98651e-19	-6.96296e-20	-5.12185e-21	-3.58657e-22	-2.54724e-23	-2.54724e-23	
1.85285e-38	1.85285e-38	4.44371e-37	1.07613e-35	2.53104e-34	5.77626e-33	1.27796e-31	2.73834e-30	5.67696e-29	1.13744e-27	2.19995e-26	4.10234e-25	7.36545e-24	1.27142e-22	2.1068e-21	3.34557e-20	5.08202e-19	7.36979e-18	1.01808e-16	1.33652e-15	1.66302e-14	1.9556e-13	2.16627e-12	2.25229e-11	2.18898e-10	1.97953e-09	1.65689e-08	1.2759e-07	8.97615e-07	5.72224e-06	3.27398e-05	0.000166221	0.000738851	0.0028305	0.00918311	0.0247999	0.0550902	0.100695	0.153661	0.199078	0.218439	0.199083	0.153671	0.100708	0.0551034	0.0248108	0.0091902	0.0028342	0.000740405	0.000166672	3.23975e-05	3.65058e-06	-6.52934e-06	-2.13974e-05	-4.93932e-05	-8.55141e-05	-0.000104685	-8.58007e-05	-4.97252e-05	-2.17239e-05	-7.52415e-06	-2.14498e-06	-5.17668e-07	-1.08069e-07	-1.98478e-08	-3.25064e-09	-4.80035e-10	-6.45072e-11	-7.94933e-12	-9.04272e-13	-9.54943e-14	-9.40827e-15	-8.68515e-16	-7.54125e-17	-6.18001e-18	-4.79447e-19	-3.53097e-20	-2.47539e-21	-1.76008e-22	-1.76008e-22	
8.0631e-38	8.0631e-38	1.92848e-36	4.65728e-35	1.09222e-33	2.48509e-32	5.48074e-31	1.17051e-29	2.41827e-28	4.82778e-27	9.30231e-26	1.72777e-24	3.08921e-23	5.30931e-22	8.75738e-21	1.38393e-19	2.09148e-18	3.01656e-17	4.14314e-16	5.40568e-15	6.68205e-14	7.80213e-13	8.57669e-12	8.84327e-11	8.51662e-10	7.62444e-09	6.3104e-08	4.79807e-07	3.3268e-06	2.08519e-05	0.000116923	0.000579178	0.00249588	0.00918528	0.0282644	0.07126	0.145575	0.242986	0.340976	0.415422	0.444931	0.415432	0.340995	0.243013	0.145605	0.0712867	0.0282835	0.00919604	0.00250065	0.000580368	0.000114422	8.25934e-06	-4.13119e-05	-0.000128349	-0.000294534	-0.000508182	-0.000621059	-0.000509947	-0.000296549	-0.000130059	-4.52206e-05	-1.29386e-05	-3.13318e-06	-6.56128e-07	-1.20849e-07	-1.98447e-08	-2.93766e-09	-3.95649e-10	-4.88579e-11	-5.56855e-12	-5.89119e-13	-5.8139e-14	-5.37553e-15	-4.67448e-16	-3.83608e-17	-2.97999e-18	-2.19742e-19	-1.54234e-20	-1.09797e-21	-1.09797e-21	
3.05389e-37	3.05389e-37	7.28582e-36	1.75497e-34	4.10432e-33	9.31093e-32	2.04704e-30	4.35732e-29	8.97054e-28	1.78419e-26	3.42432e-25	6.33374e-24	1.12747e-22	1.92873e-21	3.16563e-20	4.97648e-19	7.47893e-18	1.07231e-16	1.46347e-15	1.89651e-14	2.32724e-13	2.69599e-12	2.93835e-11	3.00145e-10	2.86096e-09	2.53214e-08	2.06903e-07	1.55043e-06	1.0571e-05	6.49616e-05	0.000355684	0.00171045	0.00709461	0.0248128	0.0712792	0.164305	0.301977	0.452829	0.580036	0.663844	0.694414	0.66386	0.580067	0.45287	0.302023	0.164349	0.0713137	0.0248341	0.00710462	0.00171128	0.000340548	-3.09201e-06	-0.000228323	-0.000684719	-0.00156229	-0.00268508	-0.00327503	-0.00269463	-0.0015731	-0.000692954	-0.00024198	-6.9518e-05	-1.68976e-05	-3.55073e-06	-6.56045e-07	-1.08038e-07	-1.60353e-08	-2.16488e-09	-2.67934e-10	-3.06007e-11	-3.24358e-12	-3.20675e-13	-2.96992e-14	-2.58664e-15	-2.12584e-16	-1.65371e-17	-1.22103e-18	-8.58091e-20	-6.11622e-21	-6.11622e-21	
9.83355e-37	9.83355e-37	2.34326e-35	5.63591e-34	1.31568e-32	2.97839e-31	6.53225e-30	1.38666e-28	2.84614e-27	5.64202e-26	1.07892e-24	1.98776e-23	3.52338e-22	5.99968e-21	9.79872e-20	1.53222e-18	2.28957e-17	3.26257e-16	4.42326e-15	5.69114e-14	6.92966e-13	7.9601e-12	8.59591e-11	8.69175e-10	8.1922e-09	7.16004e-08	5.7681e-07	4.25276e-06	2.8454e-05	0.000170985	0.000910947	0.00423177	0.0167713	0.0551364	0.145656	0.302059	0.494711	0.668302	0.790601	0.860476	0.883899	0.860499	0.790646	0.668358	0.494765	0.302102	0.145688	0.0551574	0.0167804	0.00422089	0.000834463	-0.000151553	-0.00109446	-0.00320503	-0.00727	-0.0124392	-0.0151373	-0.0124838	-0.00732033	-0.00324072	-0.0011372	-0.000328193	-8.01059e-05	-1.68966e-05	-3.13262e-06	-5.17496e-07	-7.70266e-08	-1.04263e-08	-1.29348e-09	-1.48054e-10	-1.57253e-11	-1.55761e-12	-1.44512e-13	-1.2607e-14	-1.03771e-15	-8.08413e-17	-5.97715e-18	-4.20592e-19	-3.00172e-20	-3.00172e-20	
2.55755e-36	2.55755e-36	6.12183e-35	1.47727e-33	3.45694e-32	7.83812e-31	1.72048e-29	3.65266e-28	7.49305e-27	1.48365e-25	2.8322e-24	5.20583e-23	9.20111e-22	1.56146e-20	2.54017e-19	3.95435e-18	5.87937e-17	8.33133e-16	1.12257e-14	1.43453e-13	1.73362e-12	1.97492e-11	2.11311e-10	2.11489e-09	1.97062e-08	1.70021e-07	1.34967e-06	9.78349e-06	6.41696e-05	0.000376527	0.00194788	0.00871423	0.0328431	0.100814	0.243196	0.453078	0.668481	0.830952	0.928661	0.977529	0.99254	0.977562	0.928722	0.831026	0.668537	0.453092	0.243178	0.100791	0.0328194	0.0086426	0.00162481	-0.000942077	-0.0044936	-0.0129421	-0.0291736	-0.0496605	-0.0602687	-0.0498377	-0.0293735	-0.0130777	-0.0046144	-0.00133851	-0.000328218	-6.95194e-05	-1.29373e-05	-2.14444e-06	-3.20169e-07	-4.34591e-08	-5.40529e-09	-6.20148e-10	-6.601e-11	-6.55144e-12	-6.08953e-13	-5.32155e-14	-4.38733e-15	-3.42305e-16	-2.53448e-17	-1.78581e-18	-1.27621e-19	-1.27621e-19	
4.41683e-36	4.41683e-36	1.0989e-34	2.73456e-33	6.56452e-32	1.52023e-30	3.39567e-29	7.31287e-28	1.51758e-26	3.03256e-25	5.83016e-24	1.07728e-22	1.91096e-21	3.24999e-20	5.29152e-19	8.23446e-18	1.22251e-16	1.72799e-15	2.32014e-14	2.95161e-13	3.54754e-12	4.01523e-11	4.26389e-10	4.23043e-09	3.90244e-08	3.32818e-07	2.60679e-06	1.86022e-05	0.000119766	0.000687138	0.00345667	0.0149143	0.0535448	0.153891	0.341371	0.580525	0.791047	0.92894	1.00186	1.03421	1.04329	1.03425	1.00195	0.929039	0.79111	0.580491	0.341247	0.153749	0.0534135	0.0146371	0.00232388	-0.00386653	-0.0155148	-0.044128	-0.0987921	-0.167171	-0.20224	-0.167756	-0.0994527	-0.0445649	-0.0158223	-0.00461569	-0.0011376	-0.000242053	-4.52286e-05	-7.52433e-06	-1.12709e-06	-1.53444e-07	-1.91363e-08	-2.20092e-09	-2.348e-10	-2.33522e-11	-2.17474e-12	-1.90386e-13	-1.57223e-14	-1.22858e-15	-9.10978e-17	-6.42756e-18	-4.59962e-19	-4.59962e-19	
-3.47273e-36	-3.47273e-36	-3.66252e-35	4.98672e-35	2.00759e-32	8.25193e-31	2.50956e-29	6.59646e-28	1.57462e-26	3.48827e-25	7.25146e-24	1.42319e-22	2.646e-21	4.66851e-20	7.82232e-19	1.24463e-17	1.87938e-16	2.69012e-15	3.6444e-14	4.66349e-13	5.62295e-12	6.36969e-11	6.75581e-10	6.68159e-09	6.13271e-08	5.19447e-07	4.03287e-06	2.8465e-05	0.000180807	0.00102013	0.00502434	0.0210869	0.0729349	0.1994	0.415982	0.664581	0.861245	0.978184	1.03461	1.05737	1.06328	1.05742	1.03471	0.978307	0.861315	0.664494	0.415717	0.199071	0.0725873	0.0202935	0.00178651	-0.0119052	-0.0439039	-0.123579	-0.274589	-0.461517	-0.556295	-0.463074	-0.276358	-0.124735	-0.0445904	-0.0130889	-0.00324375	-0.000693563	-0.000130157	-2.17365e-05	-3.26719e-06	-4.46175e-07	-5.57989e-08	-6.43385e-09	-6.87968e-10	-6.85672e-11	-6.39799e-12	-5.61117e-13	-4.64152e-14	-3.63263e-15	-2.69747e-16	-1.90584e-17	-1.36568e-18	-1.36568e-18	
-9.33001e-35	-9.33001e-35	-1.85387e-33	-3.70986e-32	-7.12961e-31	-1.31164e-29	-2.30067e-28	-3.82646e-27	-5.98679e-26	-8.70188e-25	-1.14945e-23	-1.31754e-22	-1.14806e-21	-2.78058e-21	1.79273e-19	5.64847e-18	1.18288e-16	2.06261e-15	3.18485e-14	4.46308e-13	5.74029e-12	6.81036e-11	7.4649e-10	7.55429e-09	7.04086e-08	6.02009e-07	4.69603e-06	3.31777e-05	0.000210282	0.00118057	0.0057699	0.0239537	0.0816169	0.218716	0.445482	0.695271	0.884956	0.993608	1.04416	1.06375	1.06866	1.06381	1.04427	0.993746	0.885022	0.69513	0.445092	0.218207	0.0809773	0.0222139	-0.00153937	-0.027898	-0.0983219	-0.274202	-0.604426	-1.00845	-1.21067	-1.0117	-0.608136	-0.276616	-0.0996038	-0.0294267	-0.00733421	-0.00157598	-0.00029705	-4.97998e-05	-7.51099e-06	-1.02886e-06	-1.29023e-07	-1.49138e-08	-1.59831e-09	-1.59625e-10	-1.49226e-11	-1.31101e-12	-1.0862e-13	-8.51363e-15	-6.33069e-16	-4.4786e-17	-3.21337e-18	-3.21337e-18	
