1.68172e-82	1.68172e-82	5.43783e-81	1.76016e-79	5.53757e-78	1.69186e-76	5.01557e-75	1.44144e-73	4.01216e-72	1.0805e-70	2.81234e-69	7.06658e-68	1.71204e-66	3.994e-65	8.95942e-64	1.92961e-62	3.98348e-61	7.86851e-60	1.48431e-58	2.66839e-57	4.5612e-56	7.39494e-55	1.13404e-53	1.64002e-52	2.22926e-51	2.83763e-50	3.36863e-49	3.71247e-48	3.77878e-47	3.53188e-46	3.01153e-45	2.32529e-44	1.61214e-43	9.9389e-43	5.38681e-42	2.53155e-41	1.01345e-40	3.37136e-40	8.96862e-40	1.78859e-39	2.38673e-39	1.78859e-39	8.96862e-40	3.37136e-40	1.01345e-40	2.53155e-41	5.38681e-42	9.9389e-43	1.61214e-43	2.32529e-44	3.01153e-45	3.53188e-46	3.77878e-47	3.71248e-48	3.36863e-49	2.83763e-50	2.22926e-51	1.64003e-52	1.13404e-53	7.39495e-55	4.56121e-56	2.66839e-57	1.48431e-58	7.86854e-60	3.9835e-61	1.92962e-62	8.95948e-64	3.99403e-65	1.71205e-66	7.06666e-68	2.81238e-69	1.08052e-70	4.01223e-72	1.44147e-73	5.01569e-75	1.69191e-76	5.53774e-78	1.76027e-79	5.60131e-81	5.60131e-81	
1.68172e-82	1.68172e-82	5.43783e-81	1.76016e-79	5.53757e-78	1.69186e-76	5.01557e-75	1.44144e-73	4.01216e-72	1.0805e-70	2.81234e-69	7.06658e-68	1.71204e-66	3.994e-65	8.95942e-64	1.92961e-62	3.98348e-61	7.86851e-60	1.48431e-58	2.66839e-57	4.5612e-56	7.39494e-55	1.13404e-53	1.64002e-52	2.22926e-51	2.83763e-50	3.36863e-49	3.71247e-48	3.77878e-47	3.53188e-46	3.01153e-45	2.32529e-44	1.61214e-43	9.9389e-43	5.38681e-42	2.53155e-41	1.01345e-40	3.37136e-40	8.96862e-40	1.78859e-39	2.38673e-39	1.78859e-39	8.96862e-40	3.37136e-40	1.01345e-40	2.53155e-41	5.38681e-42	9.9389e-43	1.61214e-43	2.32529e-44	3.01153e-45	3.53188e-46	3.77878e-47	3.71248e-48	3.36863e-49	2.83763e-50	2.22926e-51	1.64003e-52	1.13404e-53	7.39495e-55	4.56121e-56	2.66839e-57	1.48431e-58	7.86854e-60	3.9835e-61	1.92962e-62	8.95948e-64	3.99403e-65	1.71205e-66	7.06666e-68	2.81238e-69	1.08052e-70	4.01223e-72	1.44147e-73	5.01569e-75	1.69191e-76	5.53774e-78	1.76027e-79	5.60131e-81	5.60131e-81	
5.43783e-81	5.43783e-81	1.75725e-79	5.68462e-78	1.78732e-76	5.45732e-75	1.61682e-73	4.64363e-72	1.29168e-70	3.47624e-69	9.04181e-68	2.27034e-66	5.49645e-65	1.28131e-63	2.87208e-62	6.18081e-61	1.27493e-59	2.51623e-58	4.74244e-57	8.51789e-56	1.45462e-54	2.35597e-53	3.60915e-52	5.21367e-51	7.07843e-50	8.99869e-49	1.06679e-47	1.17393e-46	1.19295e-45	1.113e-44	9.47125e-44	7.29671e-43	5.04622e-42	3.10231e-41	1.67621e-40	7.85088e-40	3.13191e-39	1.03831e-38	2.75401e-38	5.48086e-38	7.3077e-38	5.48086e-38	2.75401e-38	1.03831e-38	3.13191e-39	7.85088e-40	1.67621e-40	3.10231e-41	5.04622e-42	7.29671e-43	9.47125e-44	1.113e-44	1.19295e-45	1.17393e-46	1.06679e-47	8.99869e-49	7.07844e-50	5.21368e-51	3.60916e-52	2.35598e-53	1.45462e-54	8.51791e-56	4.74246e-57	2.51624e-58	1.27494e-59	6.18085e-61	2.87211e-62	1.28133e-63	5.49652e-65	2.27038e-66	9.04197e-68	3.47631e-69	1.29171e-70	4.64375e-72	1.61687e-73	5.4575e-75	1.78739e-76	5.68502e-78	1.81013e-79	1.81013e-79	
1.76016e-79	1.76016e-79	5.68462e-78	1.83786e-76	5.77499e-75	1.76223e-73	5.21762e-72	1.49759e-70	4.163e-69	1.11963e-67	2.91022e-66	7.30229e-65	1.76661e-63	4.11524e-62	9.21739e-61	1.98206e-59	4.08516e-58	8.05585e-57	1.517e-55	2.72222e-54	4.6444e-53	7.51484e-52	1.15001e-50	1.65942e-49	2.25028e-48	2.85712e-47	3.38249e-46	3.71667e-45	3.77074e-44	3.51173e-43	2.98242e-42	2.29256e-41	1.58152e-40	9.69561e-40	5.22234e-39	2.4377e-38	9.69013e-38	3.20143e-37	8.46598e-37	1.68128e-36	2.23979e-36	1.68128e-36	8.46598e-37	3.20143e-37	9.69013e-38	2.4377e-38	5.22234e-39	9.69561e-40	1.58152e-40	2.29256e-41	2.98242e-42	3.51173e-43	3.77074e-44	3.71667e-45	3.38249e-46	2.85712e-47	2.25028e-48	1.65942e-49	1.15001e-50	7.51486e-52	4.64442e-53	2.72223e-54	1.51701e-55	8.0559e-57	4.08519e-58	1.98208e-59	9.21749e-61	4.11529e-62	1.76663e-63	7.30242e-65	2.91028e-66	1.11966e-67	4.16312e-69	1.49764e-70	5.21781e-72	1.7623e-73	5.77527e-75	1.838e-76	5.85583e-78	5.85583e-78	
5.53757e-78	5.53757e-78	1.78732e-76	5.77499e-75	1.81353e-73	5.53051e-72	1.63644e-70	4.69395e-69	1.30396e-67	3.50461e-66	9.10311e-65	2.28253e-63	5.51799e-62	1.28443e-60	2.87468e-59	6.17666e-58	1.27201e-56	2.50623e-55	4.71532e-54	8.4537e-53	1.4409e-51	2.32907e-50	3.5604e-49	5.13171e-48	6.95052e-47	8.81347e-46	1.04195e-44	1.14315e-43	1.15786e-42	1.07634e-41	9.12245e-41	6.99633e-40	4.81401e-39	2.94275e-38	1.57995e-37	7.34907e-37	2.91057e-36	9.58129e-36	2.52575e-35	5.00483e-35	6.66149e-35	5.00483e-35	2.52575e-35	9.58129e-36	2.91057e-36	7.34907e-37	1.57995e-37	2.94275e-38	4.81401e-39	6.99633e-40	9.12245e-41	1.07634e-41	1.15786e-42	1.14315e-43	1.04195e-44	8.81347e-46	6.95053e-47	5.13172e-48	3.5604e-49	2.32908e-50	1.44091e-51	8.45374e-53	4.71534e-54	2.50625e-55	1.27202e-56	6.17674e-58	2.87472e-59	1.28445e-60	5.5181e-62	2.28258e-63	9.10336e-65	3.50472e-66	1.30401e-67	4.69414e-69	1.63651e-70	5.5308e-72	1.81364e-73	5.77553e-75	1.84121e-76	1.84121e-76	
1.69186e-76	1.69186e-76	5.45732e-75	1.76223e-73	5.53051e-72	1.6855e-70	4.98405e-69	1.42868e-67	3.96614e-66	1.06523e-64	2.76495e-63	6.92786e-62	1.67356e-60	3.8926e-59	8.70517e-58	1.86891e-56	3.84556e-55	7.5703e-54	1.42302e-52	2.5488e-51	4.34004e-50	7.00796e-49	1.07012e-47	1.5406e-46	2.08405e-45	2.63913e-44	3.11559e-43	3.41288e-42	3.45088e-41	3.2019e-40	2.70805e-39	2.07203e-38	1.42195e-37	8.66634e-37	4.63747e-36	2.14924e-35	8.47932e-35	2.78078e-34	7.30635e-34	1.4444e-33	1.92072e-33	1.4444e-33	7.30635e-34	2.78078e-34	8.47932e-35	2.14924e-35	4.63747e-36	8.66634e-37	1.42195e-37	2.07203e-38	2.70805e-39	3.2019e-40	3.45088e-41	3.41288e-42	3.11559e-43	2.63914e-44	2.08406e-45	1.54061e-46	1.07012e-47	7.00799e-49	4.34006e-50	2.54882e-51	1.42303e-52	7.57037e-54	3.8456e-55	1.86894e-56	8.70533e-58	3.89269e-59	1.6736e-60	6.92807e-62	2.76505e-63	1.06527e-64	3.96632e-66	1.42875e-67	4.98434e-69	1.68561e-70	5.53091e-72	1.76242e-73	5.62204e-75	5.62204e-75	
5.01557e-75	5.01557e-75	1.61682e-73	5.21762e-72	1.63644e-70	4.98405e-69	1.47282e-67	4.219e-66	1.17043e-64	3.14133e-63	8.14789e-62	2.04003e-60	4.92436e-59	1.14448e-57	2.55739e-56	5.48591e-55	1.12784e-53	2.21826e-52	4.16588e-51	7.45441e-50	1.26804e-48	2.04535e-47	3.11975e-46	4.48604e-45	6.0608e-44	7.66464e-43	9.03508e-42	9.8814e-41	9.97396e-40	9.23644e-39	7.79504e-38	5.94986e-37	4.07203e-36	2.47416e-35	1.3194e-34	6.09166e-34	2.39371e-33	7.81918e-33	2.04734e-32	4.03748e-32	5.3637e-32	4.03748e-32	2.04734e-32	7.81918e-33	2.39371e-33	6.09166e-34	1.3194e-34	2.47416e-35	4.07203e-36	5.94986e-37	7.79504e-38	9.23644e-39	9.97396e-40	9.88141e-41	9.03509e-42	7.66465e-43	6.06081e-44	4.48605e-45	3.11976e-46	2.04536e-47	1.26804e-48	7.45447e-50	4.16593e-51	2.21829e-52	1.12785e-53	5.48602e-55	2.55745e-56	1.14451e-57	4.92452e-59	2.04011e-60	8.14825e-62	3.14149e-63	1.1705e-64	4.21927e-66	1.47293e-67	4.98445e-69	1.63659e-70	5.21828e-72	1.66568e-73	1.66568e-73	
1.44144e-73	1.44144e-73	4.64363e-72	1.49759e-70	4.69395e-69	1.42868e-67	4.219e-66	1.20773e-64	3.34812e-63	8.97962e-62	2.32739e-60	5.82282e-59	1.40446e-57	3.26154e-56	7.28205e-55	1.56076e-53	3.20591e-52	6.29974e-51	1.18196e-49	2.11291e-48	3.59044e-47	5.7851e-46	8.8138e-45	1.26583e-43	1.70796e-42	2.15691e-41	2.53874e-40	2.77199e-39	2.79292e-38	2.58126e-37	2.17362e-36	1.65497e-35	1.12947e-34	6.84088e-34	3.63505e-33	1.6717e-32	6.54155e-32	2.128e-31	5.5516e-31	1.09198e-30	1.44918e-30	1.09198e-30	5.5516e-31	2.128e-31	6.54155e-32	1.6717e-32	3.63505e-33	6.84088e-34	1.12947e-34	1.65497e-35	2.17362e-36	2.58127e-37	2.79293e-38	2.77199e-39	2.53874e-40	2.15691e-41	1.70796e-42	1.26584e-43	8.81384e-45	5.78514e-46	3.59047e-47	2.11293e-48	1.18198e-49	6.29984e-51	3.20598e-52	1.5608e-53	7.28227e-55	3.26166e-56	1.40452e-57	5.8231e-59	2.32752e-60	8.9802e-62	3.34836e-63	1.20783e-64	4.21938e-66	1.42882e-67	4.69447e-69	1.49781e-70	4.78419e-72	4.78419e-72	
4.01216e-72	4.01216e-72	1.29168e-70	4.163e-69	1.30396e-67	3.96614e-66	1.17043e-64	3.34812e-63	9.27513e-62	2.48575e-60	6.43788e-59	1.60943e-57	3.87885e-56	9.00039e-55	2.00783e-53	4.29963e-52	8.82378e-51	1.73228e-49	3.24697e-48	5.79846e-47	9.84279e-46	1.58414e-44	2.41065e-43	3.45781e-42	4.65931e-41	5.87562e-40	6.90504e-39	7.52674e-38	7.56956e-37	6.9816e-36	5.86563e-35	4.45459e-34	3.03131e-33	1.82996e-32	9.68796e-32	4.43712e-31	1.72873e-30	5.59924e-30	1.45516e-29	2.85443e-29	3.78401e-29	2.85443e-29	1.45516e-29	5.59924e-30	1.72873e-30	4.43712e-31	9.68796e-32	1.82996e-32	3.03131e-33	4.45459e-34	5.86563e-35	6.98161e-36	7.56957e-37	7.52675e-38	6.90505e-39	5.87564e-40	4.65933e-41	3.45783e-42	2.41066e-43	1.58416e-44	9.8429e-46	5.79854e-47	3.24703e-48	1.73232e-49	8.82402e-51	4.29977e-52	2.00791e-53	9.0008e-55	3.87906e-56	1.60953e-57	6.43834e-59	2.48595e-60	9.27597e-62	3.34846e-63	1.17056e-64	3.96664e-66	1.30414e-67	4.16375e-69	1.33084e-70	1.33084e-70	
1.0805e-70	1.0805e-70	3.47624e-69	1.11963e-67	3.50461e-66	1.06523e-64	3.14133e-63	8.97962e-62	2.48575e-60	6.65686e-59	1.72274e-57	4.30333e-56	1.03629e-54	2.40258e-53	5.3551e-52	1.14574e-50	2.34913e-49	4.60738e-48	8.62738e-47	1.53907e-45	2.6097e-44	4.19534e-43	6.37643e-42	9.13452e-41	1.22916e-39	1.54774e-38	1.81601e-37	1.97608e-36	1.98354e-35	1.82561e-34	1.53019e-33	1.15901e-32	7.86338e-32	4.73088e-31	2.49496e-30	1.13783e-29	4.41284e-29	1.42278e-28	3.68265e-28	7.203e-28	9.53776e-28	7.203e-28	3.68265e-28	1.42278e-28	4.41284e-29	1.13783e-29	2.49496e-30	4.73088e-31	7.86338e-32	1.15901e-32	1.53019e-33	1.82561e-34	1.98354e-35	1.97608e-36	1.81601e-37	1.54775e-38	1.22917e-39	9.13457e-41	6.37649e-42	4.19538e-43	2.60973e-44	1.5391e-45	8.62758e-47	4.60751e-48	2.34921e-49	1.14578e-50	5.35537e-52	2.40272e-53	1.03636e-54	4.30367e-56	1.7229e-57	6.65755e-59	2.48604e-60	8.98078e-62	3.14178e-63	1.0654e-64	3.50521e-66	1.11987e-67	3.58185e-69	3.58185e-69	
2.81234e-69	2.81234e-69	9.04181e-68	2.91022e-66	9.10311e-65	2.76495e-63	8.14789e-62	2.32739e-60	6.43788e-59	1.72274e-57	4.45479e-56	1.11188e-54	2.67531e-53	6.19721e-52	1.38007e-50	2.94998e-49	6.04267e-48	1.18399e-46	2.21476e-45	3.94676e-44	6.68469e-43	1.07336e-41	1.62934e-40	2.331e-39	3.1322e-38	3.93802e-37	4.61299e-36	5.01062e-35	5.01965e-34	4.60995e-33	3.85459e-32	2.9116e-31	1.96927e-30	1.18061e-29	6.20143e-29	2.81561e-28	1.08676e-27	3.4871e-27	8.98727e-27	1.75246e-26	2.31766e-26	1.75246e-26	8.98727e-27	3.4871e-27	1.08676e-27	2.81561e-28	6.20143e-29	1.18061e-29	1.96927e-30	2.9116e-31	3.85459e-32	4.60996e-33	5.01966e-34	5.01063e-35	4.61301e-36	3.93804e-37	3.13222e-38	2.33102e-39	1.62936e-40	1.07337e-41	6.68483e-43	3.94685e-44	2.21482e-45	1.18403e-46	6.04295e-48	2.95015e-49	1.38016e-50	6.19769e-52	2.67555e-53	1.112e-54	4.4553e-56	1.72297e-57	6.43883e-59	2.32777e-60	8.14936e-62	2.7655e-63	9.10508e-65	2.91098e-66	9.31717e-68	9.31717e-68	
7.06658e-68	7.06658e-68	2.27034e-66	7.30229e-65	2.28253e-63	6.92786e-62	2.04003e-60	5.82282e-59	1.60943e-57	4.30333e-56	1.11188e-54	2.77286e-53	6.6661e-52	1.5428e-50	3.43256e-49	7.33039e-48	1.50007e-46	2.93622e-45	5.48665e-44	9.76655e-43	1.65226e-41	2.64978e-40	4.01714e-39	5.73922e-38	7.7006e-37	9.66655e-36	1.13042e-34	1.22559e-33	1.2253e-32	1.12277e-31	9.3644e-31	7.05348e-30	4.75532e-29	2.84046e-28	1.48583e-27	6.71472e-27	2.57873e-26	8.23259e-26	2.11217e-25	4.10522e-25	5.42216e-25	4.10522e-25	2.11217e-25	8.23259e-26	2.57873e-26	6.71472e-27	1.48583e-27	2.84046e-28	4.75532e-29	7.05348e-30	9.36441e-31	1.12277e-31	1.22531e-32	1.22559e-33	1.13042e-34	9.66661e-36	7.70066e-37	5.73929e-38	4.01721e-39	2.64984e-40	1.6523e-41	9.76688e-43	5.48688e-44	2.93637e-45	1.50016e-46	7.33093e-48	3.43286e-49	1.54295e-50	6.66687e-52	2.77323e-53	1.11205e-54	4.30404e-56	1.60973e-57	5.82402e-59	2.04049e-60	6.92958e-62	2.28314e-63	7.30463e-65	2.33967e-66	2.33967e-66	
1.71204e-66	1.71204e-66	5.49645e-65	1.76661e-63	5.51799e-62	1.67356e-60	4.92436e-59	1.40446e-57	3.87885e-56	1.03629e-54	2.67531e-53	6.6661e-52	1.60115e-50	3.70233e-49	8.22954e-48	1.75575e-46	3.58929e-45	7.01828e-44	1.31001e-42	2.32923e-41	3.93577e-40	6.30397e-39	9.54426e-38	1.36164e-36	1.82422e-35	2.28623e-34	2.66884e-33	2.888e-32	2.88128e-31	2.63403e-30	2.19119e-29	1.64561e-28	1.10574e-27	6.57974e-27	3.42692e-26	1.54116e-25	5.88752e-25	1.86955e-24	4.77354e-24	9.24571e-24	1.21948e-23	9.24571e-24	4.77354e-24	1.86955e-24	5.88752e-25	1.54116e-25	3.42692e-26	6.57975e-27	1.10574e-27	1.64561e-28	2.19119e-29	2.63403e-30	2.88129e-31	2.88802e-32	2.66886e-33	2.28625e-34	1.82424e-35	1.36166e-36	9.54447e-38	6.30415e-39	3.93592e-40	2.32934e-41	1.31008e-42	7.01876e-44	3.58959e-45	1.75592e-46	8.23047e-48	3.70281e-49	1.60139e-50	6.66724e-52	2.67583e-53	1.03651e-54	3.87977e-56	1.40483e-57	4.92577e-59	1.67408e-60	5.51986e-62	1.7673e-63	5.66486e-65	5.66486e-65	
3.994e-65	3.994e-65	1.28131e-63	4.11524e-62	1.28443e-60	3.8926e-59	1.14448e-57	3.26154e-56	9.00039e-55	2.40258e-53	6.19721e-52	1.5428e-50	3.70233e-49	8.55283e-48	1.89928e-46	4.048e-45	8.26676e-44	1.61468e-42	3.01052e-41	5.34646e-40	9.02289e-39	1.44332e-37	2.18219e-36	3.10868e-35	4.15825e-34	5.20262e-33	6.06227e-32	6.5471e-31	6.51764e-30	5.94398e-29	4.93132e-28	3.69221e-27	2.47233e-26	1.46534e-25	7.5974e-25	3.39932e-24	1.2914e-23	4.07759e-23	1.03582e-22	1.99882e-22	2.63246e-22	1.99882e-22	1.03582e-22	4.07759e-23	1.2914e-23	3.39932e-24	7.5974e-25	1.46534e-25	2.47233e-26	3.69222e-27	4.93133e-28	5.94399e-29	6.51767e-30	6.54714e-31	6.06233e-32	5.20268e-33	4.15832e-34	3.10875e-35	2.18225e-36	1.44338e-37	9.02334e-39	5.34679e-40	3.01075e-41	1.61483e-42	8.26766e-44	4.04852e-45	1.89957e-46	8.5543e-48	3.70305e-49	1.54314e-50	6.19874e-52	2.40324e-53	9.00311e-55	3.26263e-56	1.1449e-57	3.89414e-59	1.28498e-60	4.11724e-62	1.32073e-63	1.32073e-63	
8.95942e-64	8.95942e-64	2.87208e-62	9.21739e-61	2.87468e-59	8.70517e-58	2.55739e-56	7.28205e-55	2.00783e-53	5.3551e-52	1.38007e-50	3.43256e-49	8.22954e-48	1.89928e-46	4.21341e-45	8.97087e-44	1.83004e-42	3.57048e-41	6.64926e-40	1.17942e-38	1.98788e-37	3.17556e-36	4.79433e-35	6.81949e-34	9.10712e-33	1.13745e-31	1.3229e-30	1.42576e-29	1.41614e-28	1.28826e-27	1.06579e-26	7.95454e-26	5.3072e-25	3.13255e-24	1.61646e-23	7.19391e-23	2.71697e-22	8.52738e-22	2.15439e-21	4.14088e-21	5.4449e-21	4.14088e-21	2.15439e-21	8.52738e-22	2.71697e-22	7.19391e-23	1.61646e-23	3.13255e-24	5.3072e-25	7.95455e-26	1.06579e-26	1.28826e-27	1.41615e-28	1.42577e-29	1.32292e-30	1.13747e-31	9.10734e-33	6.81971e-34	4.79454e-35	3.17573e-36	1.98801e-37	1.17952e-38	6.64995e-40	3.57092e-41	1.83031e-42	8.97239e-44	4.21424e-45	1.89971e-46	8.23163e-48	3.43354e-49	1.38051e-50	5.35699e-52	2.00861e-53	7.28514e-55	2.55857e-56	8.70952e-58	2.87623e-59	9.22297e-61	2.96087e-62	2.96087e-62	
1.92961e-62	1.92961e-62	6.18081e-61	1.98206e-59	6.17666e-58	1.86891e-56	5.48591e-55	1.56076e-53	4.29963e-52	1.14574e-50	2.94998e-49	7.33039e-48	1.75575e-46	4.048e-45	8.97087e-44	1.90795e-42	3.88786e-41	7.57655e-40	1.40926e-38	2.49652e-37	4.20222e-36	6.70346e-35	1.01056e-33	1.43516e-32	1.91335e-31	2.38539e-30	2.76885e-29	2.97775e-28	2.9507e-27	2.67724e-26	2.20843e-25	1.64283e-24	1.09195e-23	6.41735e-23	3.29507e-22	1.45819e-21	5.47317e-21	1.70684e-20	4.28713e-20	8.20516e-20	1.07706e-19	8.20516e-20	4.28713e-20	1.70684e-20	5.47317e-21	1.45819e-21	3.29507e-22	6.41735e-23	1.09195e-23	1.64283e-24	2.20844e-25	2.67725e-26	2.95072e-27	2.97779e-28	2.7689e-29	2.38545e-30	1.91342e-31	1.43522e-32	1.01062e-33	6.70397e-35	4.20261e-36	2.49681e-37	1.40946e-38	7.57781e-40	3.88862e-41	1.90839e-42	8.9732e-44	4.0492e-45	1.75633e-46	7.33312e-48	2.9512e-49	1.14626e-50	4.30177e-52	1.56161e-53	5.48913e-55	1.8701e-56	6.18086e-58	1.98356e-59	6.37301e-61	6.37301e-61	
3.98348e-61	3.98348e-61	1.27493e-59	4.08516e-58	1.27201e-56	3.84556e-55	1.12784e-53	3.20591e-52	8.82378e-51	2.34913e-49	6.04267e-48	1.50007e-46	3.58929e-45	8.26676e-44	1.83004e-42	3.88786e-41	7.91316e-40	1.54023e-38	2.86127e-37	5.06209e-36	8.50886e-35	1.35537e-33	2.04008e-32	2.89248e-31	3.84948e-30	4.7901e-29	5.54874e-28	5.95406e-27	5.88549e-26	5.32551e-25	4.37956e-24	3.24667e-23	2.14949e-22	1.25752e-21	6.42329e-21	2.82568e-20	1.05364e-19	3.26352e-19	8.14595e-19	1.55193e-18	2.03339e-18	1.55193e-18	8.14595e-19	3.26352e-19	1.05364e-19	2.82568e-20	6.42329e-21	1.25752e-21	2.14949e-22	3.24668e-23	4.37958e-24	5.32555e-25	5.88556e-26	5.95417e-27	5.54889e-28	4.79027e-29	3.84967e-30	2.89267e-31	2.04025e-32	1.35551e-33	8.50997e-35	5.0629e-36	2.86182e-37	1.54058e-38	7.91524e-40	3.88904e-41	1.83068e-42	8.26999e-44	3.59086e-45	1.5008e-46	6.04591e-48	2.35051e-49	8.82944e-51	3.20814e-52	1.12868e-53	3.84865e-55	1.2731e-56	4.08902e-58	1.31487e-59	1.31487e-59	
7.86851e-60	7.86851e-60	2.51623e-58	8.05585e-57	2.50623e-55	7.5703e-54	2.21826e-52	6.29974e-51	1.73228e-49	4.60738e-48	1.18399e-46	2.93622e-45	7.01828e-44	1.61468e-42	3.57048e-41	7.57655e-40	1.54023e-38	2.99418e-37	5.55495e-36	9.81416e-35	1.64728e-33	2.61993e-32	3.93712e-31	5.57256e-30	7.40267e-29	9.1933e-28	1.06265e-26	1.13761e-25	1.12163e-24	1.01202e-23	8.29599e-23	6.12778e-22	4.04019e-21	2.35241e-20	1.19499e-19	5.22394e-19	1.93434e-18	5.9479e-18	1.47468e-17	2.79561e-17	3.65556e-17	2.79561e-17	1.47468e-17	5.9479e-18	1.93434e-18	5.22395e-19	1.19499e-19	2.35241e-20	4.0402e-21	6.12781e-22	8.29605e-23	1.01203e-23	1.12165e-24	1.13765e-25	1.06269e-26	9.19378e-28	7.40319e-29	5.57308e-30	3.93759e-31	2.62032e-32	1.64758e-33	9.81631e-35	5.5564e-36	2.99509e-37	1.54078e-38	7.57963e-40	3.57213e-41	1.61552e-42	7.02233e-44	2.93809e-45	1.18482e-46	4.61089e-48	1.73372e-49	6.30536e-51	2.22039e-52	7.57805e-54	2.50896e-55	8.0654e-57	2.59577e-58	2.59577e-58	
1.48431e-58	1.48431e-58	4.74244e-57	1.517e-55	4.71532e-54	1.42302e-52	4.16588e-51	1.18196e-49	3.24697e-48	8.62738e-47	2.21476e-45	5.48665e-44	1.31001e-42	3.01052e-41	6.64926e-40	1.40926e-38	2.86127e-37	5.55495e-36	1.02917e-34	1.81566e-33	3.04293e-32	4.83195e-31	7.24898e-30	1.02417e-28	1.3579e-27	1.68287e-26	1.94087e-25	2.07269e-24	2.03806e-23	1.83339e-22	1.49788e-21	1.1022e-20	7.23549e-20	4.19176e-19	2.11702e-18	9.19314e-18	3.37882e-17	1.03087e-16	2.53737e-16	4.78444e-16	6.24256e-16	4.78445e-16	2.53738e-16	1.03087e-16	3.37882e-17	9.19314e-18	2.11703e-18	4.19177e-19	7.23552e-20	1.10221e-20	1.4979e-21	1.83343e-22	2.03811e-23	2.07277e-24	1.94097e-25	1.683e-26	1.35804e-27	1.0243e-28	7.2502e-30	4.83296e-31	3.0437e-32	1.81622e-33	1.02954e-34	5.55727e-36	2.86265e-37	1.41003e-38	6.65336e-40	3.01259e-41	1.31101e-42	5.49124e-44	2.21678e-45	8.63592e-47	3.25044e-48	1.18332e-49	4.171e-51	1.42487e-52	4.72185e-54	1.51927e-55	4.89404e-57	4.89404e-57	
2.66839e-57	2.66839e-57	8.51789e-56	2.72222e-54	8.4537e-53	2.5488e-51	7.45441e-50	2.11291e-48	5.79846e-47	1.53907e-45	3.94676e-44	9.76655e-43	2.32923e-41	5.34646e-40	1.17942e-38	2.49652e-37	5.06209e-36	9.81416e-35	1.81566e-33	3.19837e-32	5.35176e-31	8.48399e-30	1.27052e-28	1.79166e-27	2.37068e-26	2.93164e-25	3.3731e-24	3.59293e-23	3.52288e-22	3.15913e-21	2.5719e-20	1.88492e-19	1.2317e-18	7.09789e-18	3.56275e-17	1.53618e-16	5.6013e-16	1.69465e-15	4.13854e-15	7.75809e-15	1.00984e-14	7.75809e-15	4.13854e-15	1.69465e-15	5.60131e-16	1.53619e-16	3.56276e-17	7.09792e-18	1.23171e-18	1.88494e-19	2.57194e-20	3.15922e-21	3.52302e-22	3.59314e-23	3.37338e-24	2.93196e-25	2.37103e-26	1.792e-27	1.27083e-28	8.48649e-30	5.35367e-31	3.19973e-32	1.81657e-33	9.81979e-35	5.06541e-36	2.49837e-37	1.18039e-38	5.35136e-40	2.33158e-41	9.7773e-43	3.95147e-44	1.54106e-45	5.80649e-47	2.11603e-48	7.46615e-50	2.55306e-51	8.46861e-53	2.72735e-54	8.79396e-56	8.79396e-56	
4.5612e-56	4.5612e-56	1.45462e-54	4.6444e-53	1.4409e-51	4.34004e-50	1.26804e-48	3.59045e-47	9.84279e-46	2.6097e-44	6.68469e-43	1.65226e-41	3.93577e-40	9.02289e-39	1.98788e-37	4.20222e-36	8.50886e-35	1.64728e-33	3.04293e-32	5.35176e-31	8.94004e-30	1.41474e-28	2.11469e-27	2.97615e-26	3.92958e-25	4.84823e-24	5.56442e-23	5.91095e-22	5.77836e-21	5.16449e-20	4.18879e-19	3.05694e-18	1.98786e-17	1.1391e-16	5.68038e-16	2.4308e-15	8.78796e-15	2.63475e-14	6.37963e-14	1.18831e-13	1.54272e-13	1.18831e-13	6.37963e-14	2.63476e-14	8.78797e-15	2.4308e-15	5.6804e-16	1.13911e-16	1.98788e-17	3.05699e-18	4.18891e-19	5.1647e-20	5.77872e-21	5.91148e-22	5.56511e-23	4.84904e-24	3.93043e-25	2.97698e-26	2.11542e-27	1.41534e-28	8.94455e-30	5.35494e-31	3.04503e-32	1.64858e-33	8.51646e-35	4.20643e-36	1.99009e-37	9.03393e-39	3.94104e-40	1.65466e-41	6.69518e-43	2.61409e-44	9.86049e-46	3.59731e-47	1.27061e-48	4.34932e-50	1.44414e-51	4.65549e-53	1.50258e-54	1.50258e-54	
7.39494e-55	7.39494e-55	2.35597e-53	7.51484e-52	2.32907e-50	7.00797e-49	2.04535e-47	5.7851e-46	1.58415e-44	4.19534e-43	1.07336e-41	2.64978e-40	6.30397e-39	1.44332e-37	3.17556e-36	6.70347e-35	1.35537e-33	2.61993e-32	4.83195e-31	8.48399e-30	1.41474e-28	2.23463e-27	3.33362e-26	4.68175e-25	6.16762e-24	7.59099e-23	8.68936e-22	9.2039e-21	8.96889e-20	7.98779e-19	6.45303e-18	4.68818e-17	3.03288e-16	1.72755e-15	8.5548e-15	3.63129e-14	1.30079e-13	3.8618e-13	9.26387e-13	1.71346e-12	2.21808e-12	1.71346e-12	9.26387e-13	3.8618e-13	1.30079e-13	3.6313e-14	8.55484e-15	1.72756e-15	3.03293e-16	4.6883e-17	6.45331e-18	7.9883e-19	8.96974e-20	9.20514e-21	8.69097e-22	7.59286e-23	6.1696e-24	4.68364e-25	3.33529e-26	2.23597e-27	1.41575e-28	8.49106e-30	4.83659e-31	2.62279e-32	1.35703e-33	6.71259e-35	3.18032e-36	1.44569e-37	6.3152e-39	2.65488e-40	1.07557e-41	4.20457e-43	1.58785e-44	5.79943e-46	2.05069e-47	7.02719e-49	2.33577e-50	7.53761e-52	2.43533e-53	2.43533e-53	
1.13404e-53	1.13404e-53	3.60915e-52	1.15001e-50	3.5604e-49	1.07012e-47	3.11975e-46	8.8138e-45	2.41065e-43	6.37644e-42	1.62934e-40	4.01715e-39	9.54426e-38	2.18219e-36	4.79433e-35	1.01056e-33	2.04008e-32	3.93712e-31	7.24898e-30	1.27052e-28	2.1147e-27	3.33363e-26	4.96268e-25	6.95402e-24	9.13908e-23	1.12191e-21	1.28064e-20	1.35231e-19	1.31333e-18	1.16527e-17	9.374e-17	6.7776e-16	4.36041e-15	2.46783e-14	1.21295e-13	5.10392e-13	1.81022e-12	5.31693e-12	1.26245e-11	2.31702e-11	2.98977e-11	2.31702e-11	1.26246e-11	5.31693e-12	1.81022e-12	5.10394e-13	1.21296e-13	2.46787e-14	4.36052e-15	6.77788e-16	9.37461e-17	1.16538e-17	1.31352e-18	1.35259e-19	1.281e-20	1.12232e-21	9.1434e-23	6.95812e-24	4.96627e-25	3.3365e-26	2.11684e-27	1.27202e-28	7.25868e-30	3.94306e-31	2.04351e-32	1.01243e-33	4.80406e-35	2.18699e-36	9.56694e-38	4.02738e-39	1.63377e-40	6.39483e-42	2.418e-43	8.84212e-45	3.13027e-46	1.07389e-47	3.57349e-49	1.15444e-50	3.73398e-52	3.73398e-52	
1.64002e-52	1.64002e-52	5.21367e-51	1.65942e-49	5.13171e-48	1.5406e-46	4.48604e-45	1.26583e-43	3.45782e-42	9.13452e-41	2.331e-39	5.73922e-38	1.36164e-36	3.10868e-35	6.81949e-34	1.43516e-32	2.89248e-31	5.57256e-30	1.02417e-28	1.79166e-27	2.97615e-26	4.68175e-25	6.95402e-24	9.72113e-23	1.2743e-21	1.56e-20	1.77537e-19	1.86858e-18	1.80815e-17	1.59784e-16	1.27957e-15	9.20392e-15	5.88635e-14	3.30855e-13	1.61308e-12	6.72385e-12	2.3591e-11	6.84828e-11	1.60778e-10	2.92547e-10	3.76135e-10	2.92547e-10	1.60778e-10	6.84829e-11	2.35911e-11	6.7239e-12	1.6131e-12	3.30863e-13	5.88659e-14	9.20452e-15	1.2797e-15	1.59809e-16	1.80855e-17	1.86916e-18	1.77612e-19	1.56086e-20	1.27519e-21	9.72956e-23	6.96131e-24	4.68757e-25	2.98046e-26	1.79463e-27	1.02609e-28	5.58422e-30	2.89917e-31	1.43879e-32	6.83823e-34	3.11789e-35	1.36597e-36	5.75864e-38	2.33936e-39	9.16913e-41	3.47159e-42	1.27112e-43	4.5056e-45	1.5476e-46	5.15591e-48	1.66758e-49	5.39997e-51	5.39997e-51	
2.22926e-51	2.22926e-51	7.07844e-50	2.25028e-48	6.95053e-47	2.08405e-45	6.0608e-44	1.70796e-42	4.65932e-41	1.22916e-39	3.1322e-38	7.7006e-37	1.82422e-35	4.15825e-34	9.10713e-33	1.91335e-31	3.84948e-30	7.40267e-29	1.3579e-27	2.37069e-26	3.92958e-25	6.16763e-24	9.13908e-23	1.2743e-21	1.66582e-20	2.03326e-19	2.30651e-18	2.41905e-17	2.3317e-16	2.05156e-15	1.63489e-14	1.16944e-13	7.43135e-13	4.14588e-12	2.00368e-11	8.26659e-11	2.86624e-10	8.21353e-10	1.90423e-09	3.4316e-09	4.39427e-09	3.4316e-09	1.90423e-09	8.21356e-10	2.86626e-10	8.26668e-11	2.00373e-11	4.14603e-12	7.43182e-13	1.16956e-13	1.63515e-14	2.05204e-15	2.33249e-16	2.42019e-17	2.30797e-18	2.03493e-19	1.66755e-20	1.27592e-21	9.15302e-23	6.17867e-24	3.93769e-25	2.37625e-26	1.36147e-27	7.42421e-29	3.86175e-30	1.91998e-31	9.14112e-33	4.17487e-34	1.83198e-35	7.73528e-37	3.14706e-38	1.23528e-39	4.6836e-41	1.71724e-42	6.09503e-44	2.09626e-45	6.99263e-47	2.26441e-48	7.34174e-50	7.34174e-50	
2.83763e-50	2.83763e-50	8.99869e-49	2.85712e-47	8.81347e-46	2.63914e-44	7.66464e-43	2.15691e-41	5.87563e-40	1.54774e-38	3.93803e-37	9.66655e-36	2.28623e-34	5.20262e-33	1.13746e-31	2.38539e-30	4.7901e-29	9.19331e-28	1.68287e-26	2.93164e-25	4.84824e-24	7.591e-23	1.12191e-21	1.56e-20	2.03326e-19	2.4738e-18	2.79648e-17	2.92172e-16	2.80435e-15	2.45583e-14	1.94669e-13	1.38408e-12	8.73409e-12	4.83316e-11	2.31358e-10	9.43808e-10	3.22997e-09	9.12384e-09	2.08573e-08	3.71796e-08	4.7391e-08	3.71796e-08	2.08574e-08	9.12388e-09	3.23e-09	9.43825e-10	2.31365e-10	4.83344e-11	8.73494e-12	1.38429e-12	1.94716e-13	2.45671e-14	2.8058e-15	2.92381e-16	2.79914e-17	2.47684e-18	2.03638e-19	1.56291e-20	1.1244e-21	7.61058e-23	4.86254e-24	2.94137e-25	1.68908e-26	9.23054e-28	4.81119e-29	2.39671e-30	1.14323e-31	5.23069e-33	2.29927e-34	9.72455e-36	3.96278e-37	1.5579e-38	5.91574e-40	2.17219e-41	7.72081e-43	2.6591e-44	8.88214e-46	2.88009e-47	9.35029e-49	9.35029e-49	
3.36863e-49	3.36863e-49	1.06679e-47	3.38249e-46	1.04195e-44	3.11559e-43	9.03509e-42	2.53874e-40	6.90504e-39	1.81601e-37	4.613e-36	1.13042e-34	2.66885e-33	6.06228e-32	1.3229e-30	2.76885e-29	5.54875e-28	1.06266e-26	1.94087e-25	3.37311e-24	5.56444e-23	8.68939e-22	1.28065e-20	1.77538e-19	2.30652e-18	2.79648e-17	3.14926e-16	3.27663e-15	3.13054e-14	2.72742e-13	2.14946e-12	1.51815e-11	9.50709e-11	5.21404e-10	2.46968e-09	9.94995e-09	3.35602e-08	9.3285e-08	2.09888e-07	3.69524e-07	4.6853e-07	3.69525e-07	2.09889e-07	9.32856e-08	3.35606e-08	9.95022e-09	2.46981e-09	5.2145e-10	9.5085e-11	1.51851e-11	2.15025e-12	2.72891e-13	3.13298e-14	3.28014e-15	3.15374e-16	2.80158e-17	2.31173e-18	1.78021e-19	1.28475e-20	8.72159e-22	5.58784e-23	3.38895e-24	1.95092e-25	1.06865e-26	5.58251e-28	2.78687e-29	1.33204e-30	6.10648e-32	2.68928e-33	1.13946e-34	4.65145e-36	1.83172e-37	6.96688e-39	2.56221e-40	9.1211e-42	3.14607e-43	1.05241e-44	3.41735e-46	1.11104e-47	1.11104e-47	
3.71248e-48	3.71248e-48	1.17393e-46	3.71667e-45	1.14315e-43	3.41288e-42	9.88141e-41	2.77199e-39	7.52675e-38	1.97608e-36	5.01063e-35	1.22559e-33	2.88801e-32	6.54711e-31	1.42576e-29	2.97776e-28	5.95408e-27	1.13762e-25	2.0727e-24	3.59294e-23	5.91097e-22	9.20394e-21	1.35232e-19	1.86859e-18	2.41906e-17	2.92173e-16	3.27664e-15	3.3936e-14	3.22591e-13	2.79464e-12	2.18838e-11	1.53437e-10	9.52753e-10	5.17358e-09	2.42186e-08	9.62196e-08	3.19275e-07	8.71422e-07	1.92536e-06	3.34159e-06	4.2109e-06	3.3416e-06	1.92537e-06	8.71432e-07	3.19282e-07	9.62236e-08	2.42204e-08	5.17426e-09	9.52964e-10	1.53491e-10	2.18958e-11	2.79691e-12	3.22966e-13	3.399e-14	3.28353e-15	2.92956e-16	2.42703e-17	1.87597e-18	1.35857e-19	9.25274e-21	5.94631e-22	3.61677e-23	2.08774e-24	1.14655e-25	6.00411e-27	3.00433e-28	1.43918e-29	6.61166e-31	2.91771e-32	1.23868e-33	5.06605e-35	1.99865e-36	7.61524e-38	2.80547e-39	1.00037e-40	3.45611e-42	1.15795e-43	3.76585e-45	1.22623e-46	1.22623e-46	
3.77878e-47	3.77878e-47	1.19295e-45	3.77075e-44	1.15786e-42	3.45088e-41	9.97397e-40	2.79293e-38	7.56958e-37	1.98354e-35	5.01966e-34	1.22531e-32	2.88129e-31	6.51766e-30	1.41614e-28	2.95071e-27	5.88551e-26	1.12163e-24	2.03807e-23	3.5229e-22	5.7784e-21	8.96895e-20	1.31334e-18	1.80817e-17	2.33172e-16	2.80437e-15	3.13056e-14	3.22593e-13	3.04936e-12	2.62511e-11	2.04103e-10	1.41941e-09	8.73043e-09	4.6881e-08	2.16566e-07	8.46892e-07	2.75822e-06	7.37197e-06	1.59484e-05	2.722e-05	3.40526e-05	2.722e-05	1.59485e-05	7.37208e-06	2.7583e-06	8.46943e-07	2.1659e-07	4.689e-08	8.73325e-09	1.42014e-09	2.04267e-10	2.62823e-11	3.05452e-12	3.23342e-13	3.14014e-14	2.81526e-15	2.3428e-16	1.8184e-17	1.322e-18	9.0365e-20	5.82721e-21	3.55575e-22	2.05874e-23	1.13386e-24	5.95375e-26	2.98678e-27	1.43427e-28	6.60454e-30	2.92109e-31	1.24279e-32	5.09337e-34	2.01344e-35	7.68646e-37	2.83702e-38	1.01347e-39	3.50753e-41	1.1772e-42	3.83487e-44	1.25081e-45	1.25081e-45	
3.53188e-46	3.53188e-46	1.113e-44	3.51173e-43	1.07634e-41	3.2019e-40	9.23646e-39	2.58127e-37	6.98162e-36	1.82562e-34	4.60997e-33	1.12277e-31	2.63404e-30	5.944e-29	1.28826e-27	2.67726e-26	5.32554e-25	1.01202e-23	1.83341e-22	3.15916e-21	5.16454e-20	7.98788e-19	1.16528e-17	1.59787e-16	2.05159e-15	2.45587e-14	2.72746e-13	2.79467e-12	2.62513e-11	2.244e-10	1.73077e-09	1.19258e-08	7.25674e-08	3.84749e-07	1.75052e-06	6.72165e-06	2.14224e-05	5.5868e-05	0.000117894	0.000197241	0.000244595	0.000197241	0.000117896	5.58692e-05	2.14234e-05	6.72222e-06	1.75079e-06	3.84853e-07	7.26005e-08	1.19346e-08	1.73274e-09	2.2478e-10	2.63148e-11	2.80394e-12	2.73937e-13	2.46945e-14	2.06544e-15	1.61065e-16	1.17611e-17	8.07248e-19	5.22573e-20	3.20032e-21	1.85928e-22	1.02729e-23	5.4105e-25	2.72202e-26	1.31068e-27	6.05101e-29	2.68289e-30	1.14415e-31	4.6998e-33	1.86194e-34	7.12322e-36	2.63454e-37	9.43014e-39	3.27003e-40	1.09956e-41	3.58853e-43	1.17262e-44	1.17262e-44	
3.01154e-45	3.01154e-45	9.47126e-44	2.98243e-42	9.12247e-41	2.70806e-39	7.79506e-38	2.17363e-36	5.86565e-35	1.5302e-33	3.85461e-32	9.36445e-31	2.1912e-29	4.93136e-28	1.06579e-26	2.20845e-25	4.37961e-24	8.29609e-23	1.4979e-21	2.57194e-20	4.18887e-19	6.45316e-18	9.3742e-17	1.2796e-15	1.63493e-14	1.94674e-13	2.14952e-12	2.18844e-11	2.04108e-10	1.7308e-09	1.32279e-08	9.01883e-08	5.4203e-07	2.83177e-06	1.26572e-05	4.75677e-05	0.00014775	0.000374144	0.000766122	0.00125085	0.00153439	0.00125085	0.000766132	0.000374154	0.000147758	4.75731e-05	1.26599e-05	2.83281e-06	5.42366e-07	9.0279e-08	1.32486e-08	1.73484e-09	2.04792e-10	2.19852e-11	2.16259e-12	1.96175e-13	1.65027e-14	1.2938e-15	9.49511e-17	6.54804e-18	4.25774e-19	2.61838e-20	1.52713e-21	8.46849e-23	4.47539e-24	2.2588e-25	1.09094e-26	5.05102e-28	2.24566e-29	9.60202e-31	3.95417e-32	1.57035e-33	6.02179e-35	2.23224e-36	8.00772e-38	2.78273e-39	9.37648e-41	3.06631e-42	1.004e-43	1.004e-43	
2.3253e-44	2.3253e-44	7.29673e-43	2.29257e-41	6.99635e-40	2.07204e-38	5.94989e-37	1.65498e-35	4.45461e-34	1.15902e-32	2.91162e-31	7.05353e-30	1.64563e-28	3.69225e-27	7.95464e-26	1.64285e-24	3.24672e-23	6.1279e-22	1.10222e-20	1.88497e-19	3.05702e-18	4.68833e-17	6.77784e-16	9.20428e-15	1.1695e-13	1.38414e-12	1.51822e-11	1.53444e-10	1.41947e-09	1.19263e-08	9.01905e-08	6.07418e-07	3.59802e-06	1.8473e-05	8.08371e-05	0.000296002	0.000890882	0.00217521	0.00428961	0.00679086	0.00821498	0.0067909	0.00428968	0.00217529	0.000890946	0.000296044	8.08585e-05	1.84817e-05	3.60091e-06	6.08217e-07	9.03765e-08	1.19633e-08	1.42583e-09	1.54395e-10	1.5307e-11	1.3986e-12	1.18436e-13	9.34286e-15	6.8968e-16	4.78249e-17	3.1259e-18	1.93168e-19	1.13172e-20	6.30216e-22	3.34356e-23	1.69371e-24	8.20813e-26	3.81264e-27	1.70029e-28	7.29141e-30	3.01108e-31	1.19905e-32	4.60995e-34	1.71319e-35	6.16075e-37	2.14597e-38	7.24755e-40	2.37541e-41	7.79528e-43	7.79528e-43	
1.61215e-43	1.61215e-43	5.04624e-42	1.58152e-40	4.81403e-39	1.42195e-37	4.07205e-36	1.12948e-34	3.03134e-33	7.86345e-32	1.96929e-30	4.75538e-29	1.10576e-27	2.47237e-26	5.3073e-25	1.09198e-23	2.14954e-22	4.04031e-21	7.23574e-20	1.23175e-18	1.98795e-17	3.03304e-16	4.36067e-15	5.88675e-14	7.4319e-13	8.73479e-12	9.5079e-11	9.52836e-10	8.73117e-09	7.25732e-08	5.42065e-07	3.59816e-06	2.09482e-05	0.000105315	0.000449013	0.00159157	0.00460168	0.010719	0.0201267	0.0305935	0.0363275	0.0305937	0.0201271	0.0107195	0.00460207	0.00159183	0.000449155	0.000105375	2.09688e-05	3.60401e-06	5.43463e-07	7.28579e-08	8.78115e-09	9.60458e-10	9.60961e-11	8.85424e-12	7.5559e-13	6.00353e-14	4.46232e-15	3.11465e-16	2.04837e-17	1.27311e-18	7.49858e-20	4.19623e-21	2.23636e-22	1.13758e-23	5.5345e-25	2.58015e-26	1.15462e-27	4.96765e-29	2.0579e-30	8.21954e-32	3.16933e-33	1.18112e-34	4.25893e-36	1.48742e-37	5.03627e-39	1.65476e-40	5.44384e-42	5.44384e-42	
9.93895e-43	9.93895e-43	3.10232e-41	9.69567e-40	2.94277e-38	8.66641e-37	2.47418e-35	6.84095e-34	1.82998e-32	4.73094e-31	1.18063e-29	2.84052e-28	6.57989e-27	1.46537e-25	3.13264e-24	6.41757e-23	1.25757e-21	2.35252e-20	4.19199e-19	7.09835e-18	1.13919e-16	1.7277e-15	2.46808e-14	3.30892e-13	4.14639e-12	4.83381e-11	5.21479e-10	5.17434e-09	4.68879e-08	3.84804e-07	2.83214e-06	1.84749e-05	0.000105321	0.000515886	0.00212818	0.00723121	0.0198186	0.0433204	0.0761087	0.109465	0.126716	0.109466	0.0761102	0.0433222	0.0198204	0.00723252	0.00212892	0.000516215	0.000105439	1.85096e-05	2.84069e-06	3.866e-07	4.72123e-08	5.22513e-09	5.28412e-10	4.91676e-11	4.23361e-12	3.39232e-13	2.54221e-14	1.78847e-15	1.185e-16	7.41632e-18	4.39607e-19	2.47435e-20	1.32566e-21	6.77595e-23	3.31128e-24	1.5501e-25	6.96373e-27	3.00715e-28	1.25012e-29	5.00999e-31	1.93804e-32	7.24509e-34	2.62036e-35	9.1783e-37	3.1165e-38	1.0268e-39	3.38725e-41	3.38725e-41	
5.38684e-42	5.38684e-42	1.67622e-40	5.22238e-39	1.57997e-37	4.63752e-36	1.31942e-34	3.63511e-33	9.68814e-32	2.49501e-30	6.20158e-29	1.48587e-27	3.42704e-26	7.5977e-25	1.61654e-23	3.29525e-22	6.42371e-21	1.19508e-19	2.11722e-18	3.56313e-17	5.68108e-16	8.55602e-15	1.21315e-13	1.61338e-12	2.0041e-11	2.3141e-10	2.47028e-09	2.42246e-08	2.1662e-07	1.75094e-06	1.26601e-05	8.08528e-05	0.00044908	0.00212836	0.00841031	0.0269927	0.0687092	0.137524	0.22072	0.294871	0.330072	0.294873	0.220724	0.137529	0.068715	0.0269973	0.00841319	0.00212972	0.000449596	8.10121e-05	1.27011e-05	1.75993e-06	2.18305e-07	2.44977e-08	2.5087e-09	2.36118e-10	2.05438e-11	1.66249e-12	1.25819e-13	8.93704e-15	5.9758e-16	3.77166e-17	2.25288e-18	1.27681e-19	6.8831e-21	3.53789e-22	1.73772e-23	8.17295e-25	3.68774e-26	1.59906e-27	6.67365e-29	2.68456e-30	1.04222e-31	3.90968e-33	1.41875e-34	4.98548e-36	1.69811e-37	5.6117e-39	1.8568e-40	1.8568e-40	
2.53157e-41	2.53157e-41	7.85097e-40	2.43773e-38	7.34919e-37	2.14928e-35	6.09178e-34	1.67174e-32	4.43725e-31	1.13787e-29	2.81572e-28	6.71502e-27	1.54124e-25	3.39953e-24	7.19444e-23	1.45832e-21	2.82597e-20	5.22459e-19	9.19448e-18	1.53645e-16	2.4313e-15	3.63215e-14	5.10531e-13	6.72593e-12	8.26942e-11	9.44159e-10	9.95386e-09	9.62586e-08	8.47234e-07	6.72428e-06	4.75851e-05	0.000296098	0.001592	0.00723265	0.0269956	0.0801542	0.184352	0.328257	0.470702	0.576714	0.621598	0.576718	0.47071	0.328268	0.184364	0.0801655	0.0270033	0.00723664	0.00159362	0.000296633	4.77315e-05	6.75814e-06	8.53923e-07	9.73938e-08	1.01197e-08	9.65019e-10	8.49518e-11	6.95306e-12	5.32448e-13	3.8268e-14	2.58772e-15	1.65019e-16	9.9484e-18	5.68446e-19	3.08657e-20	1.59669e-21	7.88785e-23	3.72946e-24	1.69101e-25	7.36604e-27	3.08753e-28	1.24712e-29	4.86078e-31	1.83034e-32	6.6662e-34	2.35073e-35	8.03399e-37	2.66367e-38	8.84225e-40	8.84225e-40	
1.01347e-40	1.01347e-40	3.13196e-39	9.69032e-38	2.91064e-36	8.47954e-35	2.39379e-33	6.54178e-32	1.7288e-30	4.41306e-29	1.08682e-27	2.57891e-26	5.88801e-25	1.29153e-23	2.71729e-22	5.47394e-21	1.05382e-19	1.93473e-18	3.37963e-17	5.60289e-16	8.7909e-15	1.3013e-13	1.81103e-12	2.36031e-11	2.86786e-10	3.23194e-09	3.35816e-08	3.19483e-07	2.75999e-06	2.14356e-05	0.000147834	0.000891333	0.00460367	0.0198255	0.0687258	0.184374	0.373373	0.581628	0.744293	0.842832	0.879415	0.842839	0.744307	0.581645	0.373391	0.18439	0.0687377	0.0198325	0.00460684	0.000892486	0.00014818	2.15228e-05	2.77857e-06	3.2283e-07	3.4088e-08	3.29621e-09	2.93652e-10	2.43285e-11	1.88891e-12	1.37724e-13	9.44245e-15	6.09749e-16	3.71674e-17	2.14414e-18	1.17393e-19	6.11694e-21	3.04138e-22	1.4464e-23	6.59343e-25	2.88646e-26	1.21557e-27	4.93188e-29	1.93042e-30	7.29864e-32	2.66857e-33	9.44553e-35	3.23979e-36	1.07787e-37	3.59037e-39	3.59037e-39	
3.37143e-40	3.37143e-40	1.03834e-38	3.20153e-37	9.58161e-36	2.78089e-34	7.81954e-33	2.12811e-31	5.5996e-30	1.42289e-28	3.48742e-27	8.23347e-26	1.86979e-24	4.07821e-23	8.52895e-22	1.70722e-20	3.26439e-19	5.94981e-18	1.03127e-16	1.69543e-15	2.63619e-14	3.86426e-13	5.32084e-12	6.85398e-11	8.22108e-10	9.13283e-09	9.33803e-08	8.72316e-07	7.37928e-06	5.59198e-05	0.000374459	0.00217683	0.0107259	0.0433432	0.137579	0.328344	0.581705	0.802806	0.940595	1.00889	1.03078	1.0089	0.940617	0.802832	0.581723	0.328352	0.137582	0.0433456	0.0107275	0.00217767	0.000374799	5.60275e-05	7.40592e-06	8.77375e-07	9.40888e-08	9.20284e-09	8.26801e-10	6.92397e-11	5.46032e-12	4.05185e-13	2.82579e-14	1.85282e-15	1.14429e-16	6.67502e-18	3.68924e-19	1.938e-20	9.70467e-22	4.64474e-23	2.12962e-24	9.37314e-26	3.96715e-27	1.6172e-28	6.35845e-30	2.41431e-31	8.86329e-33	3.14941e-34	1.08425e-35	3.62014e-37	1.21009e-38	1.21009e-38	
8.96889e-40	8.96889e-40	2.75411e-38	8.46633e-37	2.52587e-35	7.30677e-34	2.04748e-32	5.55205e-31	1.4553e-29	3.68307e-28	8.98849e-27	2.11252e-25	4.77448e-24	1.03606e-22	2.155e-21	4.28861e-20	8.14936e-19	1.47542e-17	2.53893e-16	4.14157e-15	6.3852e-14	9.27337e-13	1.26395e-11	1.60993e-10	1.90703e-09	2.08898e-08	2.10223e-07	1.92838e-06	1.5972e-05	0.000118053	0.000767024	0.00429396	0.0201441	0.076164	0.220849	0.470907	0.744512	0.940746	1.04257	1.08498	1.09667	1.08499	1.0426	0.940783	0.744532	0.470894	0.220819	0.0761405	0.0201328	0.00429006	0.00076603	0.00011785	1.59319e-05	1.91846e-06	2.07517e-07	2.02992e-08	1.81566e-09	1.52693e-10	1.22477e-11	9.29451e-13	6.62651e-14	4.4292e-15	2.7796e-16	1.64296e-17	9.18065e-19	4.86761e-20	2.45708e-21	1.18433e-22	5.46486e-24	2.41931e-25	1.0295e-26	4.21788e-28	1.66621e-29	6.35475e-31	2.34273e-32	8.35753e-34	2.8881e-35	9.67728e-37	3.24607e-38	3.24607e-38	
1.78867e-39	1.78867e-39	5.48114e-38	1.68139e-36	5.00519e-35	1.44452e-33	4.03789e-32	1.09211e-30	2.85484e-29	7.20423e-28	1.75282e-26	4.10623e-25	9.24846e-24	1.99954e-22	4.14269e-21	8.20952e-20	1.55293e-18	2.79781e-17	4.78901e-16	7.76701e-15	1.18994e-13	1.71623e-12	2.32133e-11	2.93159e-10	3.43943e-09	3.72686e-08	3.70414e-07	3.34928e-06	2.72767e-05	0.000197593	0.00125269	0.00679892	0.0306234	0.109557	0.295085	0.577066	0.843253	1.00927	1.08523	1.11297	1.11968	1.11299	1.08527	1.00933	0.843276	0.577025	0.294997	0.109479	0.0305804	0.00678177	0.00124736	0.000196185	2.6922e-05	3.25854e-06	3.48849e-07	3.3179e-08	2.86773e-09	2.38426e-10	1.94735e-11	1.52411e-12	1.12072e-13	7.68989e-15	4.92883e-16	2.96305e-17	1.67867e-18	9.00285e-20	4.58896e-21	2.2307e-22	1.03705e-23	4.62203e-25	1.97888e-26	8.15297e-28	3.23733e-29	1.24058e-30	4.59376e-32	1.64555e-33	5.70833e-35	1.91958e-36	6.46113e-38	6.46113e-38	
2.38689e-39	2.38689e-39	7.30828e-38	2.23999e-36	6.66222e-35	1.92097e-33	5.36453e-32	1.44944e-30	3.78484e-29	9.54025e-28	2.31839e-26	5.42421e-25	1.22004e-23	2.63393e-22	5.44858e-21	1.07795e-19	2.03544e-18	3.66005e-17	6.25187e-16	1.01165e-14	1.54603e-13	2.22369e-12	2.99846e-11	3.77359e-10	4.40973e-09	4.75635e-08	4.70202e-07	4.22472e-06	3.41477e-05	0.000245127	0.00153677	0.00822344	0.0363537	0.126795	0.330284	0.622022	0.880035	1.03147	1.0973	1.12007	1.12527	1.1201	1.09735	1.03153	0.880055	0.621949	0.330137	0.12666	0.0362742	0.00818938	0.00152527	0.000241748	3.31867e-05	3.95807e-06	4.0623e-07	3.591e-08	2.86257e-09	2.2888e-10	1.89831e-11	1.54799e-12	1.18842e-13	8.45594e-15	5.57814e-16	3.43074e-17	1.9797e-18	1.07795e-19	5.56506e-21	2.7349e-22	1.28359e-23	5.76888e-25	2.48832e-26	1.03203e-27	4.12257e-29	1.58841e-30	5.9108e-32	2.12686e-33	7.40831e-35	2.50063e-36	8.44681e-38	8.44681e-38	
1.7888e-39	1.7888e-39	5.48159e-38	1.68155e-36	5.00576e-35	1.44471e-33	4.03854e-32	1.09232e-30	2.85548e-29	7.20619e-28	1.75339e-26	4.10785e-25	9.25285e-24	2.00069e-22	4.14559e-21	8.21652e-20	1.55455e-18	2.80135e-17	4.79637e-16	7.7814e-15	1.19257e-13	1.72068e-12	2.32824e-11	2.9413e-10	3.45162e-09	3.74027e-08	3.71675e-07	3.3591e-06	2.73365e-05	0.000197848	0.00125316	0.0067967	0.0306029	0.109489	0.294992	0.577095	0.843584	1.0099	1.08604	1.11387	1.1206	1.11389	1.08609	1.00995	0.843583	0.577001	0.294833	0.109355	0.0305241	0.00676184	0.00124084	0.000193968	2.61363e-05	3.00782e-06	2.87993e-07	2.2911e-08	1.63151e-09	1.21986e-10	1.01016e-11	8.52899e-13	6.82599e-14	5.03474e-15	3.41788e-16	2.15062e-17	1.26424e-18	6.99075e-20	3.65657e-21	1.81734e-22	8.61376e-24	3.905e-25	1.69738e-26	7.08853e-28	2.84916e-29	1.10391e-30	4.12865e-32	1.49241e-33	5.22009e-35	1.7687e-36	5.99576e-38	5.99576e-38	
