5.92574e-31	5.92574e-31	2.11465e-30	8.82547e-30	3.62905e-29	1.45527e-28	5.68514e-28	2.16244e-27	8.00396e-27	2.88121e-26	1.00808e-25	3.42603e-25	1.13028e-24	3.61739e-24	1.12231e-23	3.37316e-23	9.81395e-23	2.76188e-22	7.51242e-22	1.97341e-21	5.00213e-21	1.22242e-20	2.87763e-20	6.51929e-20	1.4201e-19	2.9715e-19	5.96701e-19	1.14878e-18	2.1183e-18	3.73748e-18	6.3035e-18	1.01524e-17	1.56002e-17	2.28486e-17	3.18698e-17	4.22993e-17	5.33833e-17	6.40208e-17	7.29216e-17	7.88579e-17	8.09443e-17	7.88579e-17	7.29216e-17	6.40208e-17	5.33833e-17	4.22993e-17	3.18698e-17	2.28486e-17	1.56002e-17	1.01524e-17	6.3035e-18	3.73748e-18	2.1183e-18	1.14878e-18	5.96701e-19	2.9715e-19	1.4201e-19	6.51929e-20	2.87763e-20	1.22242e-20	5.00213e-21	1.97341e-21	7.51242e-22	2.76188e-22	9.81395e-23	3.37316e-23	1.12231e-23	3.61739e-24	1.13028e-24	3.42603e-25	1.00808e-25	2.88121e-26	8.00396e-27	2.16244e-27	5.68515e-28	1.45532e-28	3.63135e-29	8.92942e-30	2.57404e-30	2.57404e-30	
5.92574e-31	5.92574e-31	2.11465e-30	8.82547e-30	3.62905e-29	1.45527e-28	5.68514e-28	2.16244e-27	8.00396e-27	2.88121e-26	1.00808e-25	3.42603e-25	1.13028e-24	3.61739e-24	1.12231e-23	3.37316e-23	9.81395e-23	2.76188e-22	7.51242e-22	1.97341e-21	5.00213e-21	1.22242e-20	2.87763e-20	6.51929e-20	1.4201e-19	2.9715e-19	5.96701e-19	1.14878e-18	2.1183e-18	3.73748e-18	6.3035e-18	1.01524e-17	1.56002e-17	2.28486e-17	3.18698e-17	4.22993e-17	5.33833e-17	6.40208e-17	7.29216e-17	7.88579e-17	8.09443e-17	7.88579e-17	7.29216e-17	6.40208e-17	5.33833e-17	4.22993e-17	3.18698e-17	2.28486e-17	1.56002e-17	1.01524e-17	6.3035e-18	3.73748e-18	2.1183e-18	1.14878e-18	5.96701e-19	2.9715e-19	1.4201e-19	6.51929e-20	2.87763e-20	1.22242e-20	5.00213e-21	1.97341e-21	7.51242e-22	2.76188e-22	9.81395e-23	3.37316e-23	1.12231e-23	3.61739e-24	1.13028e-24	3.42603e-25	1.00808e-25	2.88121e-26	8.00396e-27	2.16244e-27	5.68515e-28	1.45532e-28	3.63135e-29	8.92942e-30	2.57404e-30	2.57404e-30	
2.11465e-30	2.11465e-30	7.53688e-30	3.14203e-29	1.29063e-28	5.16998e-28	2.01758e-27	7.66617e-27	2.83459e-26	1.01933e-25	3.56279e-25	1.20962e-24	3.98669e-24	1.27465e-23	3.95081e-23	1.18629e-22	3.44813e-22	9.69478e-22	2.63459e-21	6.91443e-21	1.75109e-20	4.27562e-20	1.00564e-19	2.27641e-19	4.95475e-19	1.03597e-18	2.07876e-18	3.99925e-18	7.36951e-18	1.29944e-17	2.19031e-17	3.52582e-17	5.4151e-17	7.92768e-17	1.10535e-16	1.4666e-16	1.85041e-16	2.21866e-16	2.52675e-16	2.73219e-16	2.8044e-16	2.73219e-16	2.52675e-16	2.21866e-16	1.85041e-16	1.4666e-16	1.10535e-16	7.92768e-17	5.4151e-17	3.52582e-17	2.19031e-17	1.29944e-17	7.36951e-18	3.99925e-18	2.07876e-18	1.03597e-18	4.95475e-19	2.27641e-19	1.00564e-19	4.27562e-20	1.75109e-20	6.91443e-21	2.63459e-21	9.69478e-22	3.44813e-22	1.18629e-22	3.95081e-23	1.27465e-23	3.98669e-24	1.20962e-24	3.56279e-25	1.01933e-25	2.83459e-26	7.66617e-27	2.01758e-27	5.17016e-28	1.29145e-28	3.17915e-29	9.17574e-30	9.17574e-30	
8.82547e-30	8.82547e-30	3.14203e-29	1.30858e-28	5.37003e-28	2.14909e-27	8.37896e-27	3.18079e-26	1.17502e-25	4.22158e-25	1.47421e-24	5.00068e-24	1.64668e-23	5.26026e-23	1.62902e-22	4.88722e-22	1.41936e-21	3.98738e-21	1.0827e-20	2.83928e-20	7.18492e-20	1.753e-19	4.12006e-19	9.31964e-19	2.02706e-18	4.23545e-18	8.49336e-18	1.633e-17	3.00743e-17	5.30002e-17	8.92907e-17	1.43668e-16	2.20559e-16	3.22776e-16	4.49895e-16	5.96765e-16	7.52767e-16	9.02419e-16	1.0276e-15	1.11107e-15	1.1404e-15	1.11107e-15	1.0276e-15	9.02419e-16	7.52767e-16	5.96765e-16	4.49895e-16	3.22776e-16	2.20559e-16	1.43668e-16	8.92907e-17	5.30002e-17	3.00743e-17	1.633e-17	8.49336e-18	4.23545e-18	2.02706e-18	9.31964e-19	4.12006e-19	1.753e-19	7.18492e-20	2.83928e-20	1.0827e-20	3.98738e-21	1.41936e-21	4.88722e-22	1.62902e-22	5.26026e-23	1.64668e-23	5.00068e-24	1.47421e-24	4.22158e-25	1.17502e-25	3.18079e-26	8.37897e-27	2.14917e-27	5.37346e-28	1.32408e-28	3.82582e-29	3.82582e-29	
3.62905e-29	3.62905e-29	1.29063e-28	5.37003e-28	2.20168e-27	8.80313e-27	3.4291e-26	1.30058e-25	4.80026e-25	1.7231e-24	6.012e-24	2.03759e-23	6.70391e-23	2.13975e-22	6.62104e-22	1.98476e-21	5.75956e-21	1.61675e-20	4.38663e-20	1.14948e-19	2.90666e-19	7.08665e-19	1.66441e-18	3.76236e-18	8.17792e-18	1.70766e-17	3.42232e-17	6.57627e-17	1.21047e-16	2.13214e-16	3.59039e-16	5.77442e-16	8.86146e-16	1.29638e-15	1.8064e-15	2.3955e-15	3.0211e-15	3.62112e-15	4.12295e-15	4.45755e-15	4.57513e-15	4.45755e-15	4.12295e-15	3.62112e-15	3.0211e-15	2.3955e-15	1.8064e-15	1.29638e-15	8.86146e-16	5.77442e-16	3.59039e-16	2.13214e-16	1.21047e-16	6.57627e-17	3.42232e-17	1.70766e-17	8.17792e-18	3.76236e-18	1.66441e-18	7.08665e-19	2.90666e-19	1.14948e-19	4.38663e-20	1.61675e-20	5.75956e-21	1.98476e-21	6.62104e-22	2.13975e-22	6.70391e-23	2.03759e-23	6.012e-24	1.7231e-24	4.80026e-25	1.30058e-25	3.42911e-26	8.80344e-27	2.20309e-27	5.43383e-28	1.57173e-28	1.57173e-28	
1.45527e-28	1.45527e-28	5.16998e-28	2.14909e-27	8.80313e-27	3.51666e-26	1.36863e-25	5.18632e-25	1.91253e-24	6.8593e-24	2.3912e-23	8.09743e-23	2.66193e-22	8.48936e-22	2.62474e-21	7.86179e-21	2.27963e-20	6.39417e-20	1.73358e-19	4.53937e-19	1.14704e-18	2.79461e-18	6.55911e-18	1.4817e-17	3.21862e-17	6.71685e-17	1.34535e-16	2.58378e-16	4.75342e-16	8.36875e-16	1.40862e-15	2.26457e-15	3.47397e-15	5.0806e-15	7.07743e-15	9.38333e-15	1.18316e-14	1.41794e-14	1.61427e-14	1.74517e-14	1.79117e-14	1.74517e-14	1.61427e-14	1.41794e-14	1.18316e-14	9.38333e-15	7.07743e-15	5.0806e-15	3.47397e-15	2.26457e-15	1.40862e-15	8.36875e-16	4.75342e-16	2.58378e-16	1.34535e-16	6.71685e-17	3.21862e-17	1.4817e-17	6.55911e-18	2.79461e-18	1.14704e-18	4.53937e-19	1.73358e-19	6.39417e-20	2.27963e-20	7.86179e-21	2.62474e-21	8.48936e-22	2.66193e-22	8.09743e-23	2.3912e-23	6.8593e-24	1.91253e-24	5.18632e-25	1.36863e-25	3.51678e-26	8.80881e-27	2.17469e-27	6.2969e-28	6.2969e-28	
5.68514e-28	5.68514e-28	2.01758e-27	8.37896e-27	3.4291e-26	1.36863e-25	5.3218e-25	2.0149e-24	7.4238e-24	2.66028e-23	9.26611e-23	3.13522e-22	1.02982e-21	3.28162e-21	1.0138e-20	3.03424e-20	8.79144e-20	2.46408e-19	6.67569e-19	1.74677e-18	4.41078e-18	1.0739e-17	2.51886e-17	5.68651e-17	1.2345e-16	2.57475e-16	5.15424e-16	9.89375e-16	1.81928e-15	3.20154e-15	5.38656e-15	8.65647e-15	1.3275e-14	1.94087e-14	2.703e-14	3.58291e-14	4.51696e-14	5.41257e-14	6.16146e-14	6.66071e-14	6.83614e-14	6.66071e-14	6.16146e-14	5.41257e-14	4.51696e-14	3.58291e-14	2.703e-14	1.94087e-14	1.3275e-14	8.65647e-15	5.38656e-15	3.20154e-15	1.81928e-15	9.89375e-16	5.15424e-16	2.57475e-16	1.2345e-16	5.68651e-17	2.51886e-17	1.0739e-17	4.41078e-18	1.74677e-18	6.67569e-19	2.46408e-19	8.79144e-20	3.03424e-20	1.0138e-20	3.28162e-21	1.02982e-21	3.13522e-22	9.26611e-23	2.66028e-23	7.4238e-24	2.0149e-24	5.32181e-25	1.36868e-25	3.43132e-26	8.47903e-27	2.4577e-27	2.4577e-27	
2.16244e-27	2.16244e-27	7.66617e-27	3.18079e-26	1.30058e-25	5.18632e-25	2.0149e-24	7.62206e-24	2.80592e-23	1.00464e-22	3.49638e-22	1.18204e-21	3.8795e-21	1.23526e-20	3.81318e-20	1.14038e-19	3.30169e-19	9.24725e-19	2.50348e-18	6.5461e-18	1.65184e-17	4.01915e-17	9.42106e-17	2.12558e-16	4.61182e-16	9.6134e-16	1.92345e-15	3.69031e-15	6.78272e-15	1.19311e-14	2.00663e-14	3.22363e-14	4.94204e-14	7.22356e-14	1.00578e-13	1.33294e-13	1.68018e-13	2.01309e-13	2.29144e-13	2.47699e-13	2.54219e-13	2.47699e-13	2.29144e-13	2.01309e-13	1.68018e-13	1.33294e-13	1.00578e-13	7.22356e-14	4.94204e-14	3.22363e-14	2.00663e-14	1.19311e-14	6.78272e-15	3.69031e-15	1.92345e-15	9.6134e-16	4.61182e-16	2.12558e-16	9.42106e-17	4.01915e-17	1.65184e-17	6.5461e-18	2.50348e-18	9.24725e-19	3.30169e-19	1.14038e-19	3.81318e-20	1.23526e-20	3.8795e-21	1.18204e-21	3.49638e-22	1.00464e-22	2.80592e-23	7.62206e-24	2.0149e-24	5.18651e-25	1.30143e-25	3.21888e-26	9.3398e-27	9.3398e-27	
8.00396e-27	8.00396e-27	2.83459e-26	1.17502e-25	4.80026e-25	1.91253e-24	7.4238e-24	2.80592e-23	1.03208e-22	3.6922e-22	1.28392e-21	4.33714e-21	1.42234e-20	4.5253e-20	1.39587e-19	4.17142e-19	1.20685e-18	3.37769e-18	9.13798e-18	2.38779e-17	6.02144e-17	1.46418e-16	3.43002e-16	7.73437e-16	1.67718e-15	3.49429e-15	6.98795e-15	1.34009e-14	2.46202e-14	4.32912e-14	7.27838e-14	1.1689e-13	1.79152e-13	2.61797e-13	3.64444e-13	4.82913e-13	6.08637e-13	7.29164e-13	8.29931e-13	8.97101e-13	9.20703e-13	8.97101e-13	8.29931e-13	7.29164e-13	6.08637e-13	4.82913e-13	3.64444e-13	2.61797e-13	1.79152e-13	1.1689e-13	7.27838e-14	4.32912e-14	2.46202e-14	1.34009e-14	6.98795e-15	3.49429e-15	1.67718e-15	7.73437e-16	3.43002e-16	1.46418e-16	6.02144e-17	2.38779e-17	9.13798e-18	3.37769e-18	1.20685e-18	4.17142e-19	1.39587e-19	4.5253e-20	1.42234e-20	4.33714e-21	1.28392e-21	3.6922e-22	1.03208e-22	2.80592e-23	7.42381e-24	1.9126e-24	4.80339e-25	1.18913e-25	3.4539e-26	3.4539e-26	
2.88121e-26	2.88121e-26	1.01933e-25	4.22158e-25	1.7231e-24	6.8593e-24	2.66028e-23	1.00464e-22	3.6922e-22	1.31979e-21	4.58573e-21	1.54785e-20	5.07213e-20	1.61252e-19	4.97024e-19	1.48423e-18	4.29103e-18	1.20013e-17	3.24467e-17	8.47296e-17	2.13534e-16	5.1892e-16	1.21494e-15	2.73808e-15	5.93441e-15	1.23579e-14	2.47024e-14	4.73523e-14	8.69626e-14	1.52858e-13	2.56915e-13	4.12492e-13	6.32056e-13	9.2345e-13	1.28531e-12	1.70291e-12	2.14604e-12	2.57083e-12	2.92596e-12	3.16268e-12	3.24586e-12	3.16268e-12	2.92596e-12	2.57083e-12	2.14604e-12	1.70291e-12	1.28531e-12	9.2345e-13	6.32056e-13	4.12492e-13	2.56915e-13	1.52858e-13	8.69626e-14	4.73523e-14	2.47024e-14	1.23579e-14	5.93441e-15	2.73808e-15	1.21494e-15	5.1892e-16	2.13534e-16	8.47296e-17	3.24467e-17	1.20013e-17	4.29103e-18	1.48423e-18	4.97024e-19	1.61252e-19	5.07213e-20	1.54785e-20	4.58573e-21	1.31979e-21	3.6922e-22	1.00464e-22	2.66028e-23	6.85954e-24	1.72424e-24	4.27239e-25	1.2422e-25	1.2422e-25	
1.00808e-25	1.00808e-25	3.56279e-25	1.47421e-24	6.012e-24	2.3912e-23	9.26611e-23	3.49638e-22	1.28392e-21	4.58573e-21	1.59209e-20	5.36973e-20	1.75826e-19	5.58566e-19	1.72041e-18	5.13391e-18	1.48323e-17	4.14561e-17	1.12008e-16	2.92311e-16	7.36239e-16	1.78815e-15	4.18432e-15	9.42527e-15	2.04182e-14	4.25001e-14	8.49189e-14	1.62721e-13	2.98735e-13	5.24942e-13	8.82057e-13	1.41587e-12	2.1691e-12	3.16862e-12	4.40974e-12	5.84189e-12	7.36158e-12	8.81831e-12	1.00362e-11	1.0848e-11	1.11332e-11	1.0848e-11	1.00362e-11	8.81831e-12	7.36158e-12	5.84189e-12	4.40974e-12	3.16862e-12	2.1691e-12	1.41587e-12	8.82057e-13	5.24942e-13	2.98735e-13	1.62721e-13	8.49189e-14	4.25001e-14	2.04182e-14	9.42527e-15	4.18432e-15	1.78815e-15	7.36239e-16	2.92311e-16	1.12008e-16	4.14561e-17	1.48323e-17	5.13391e-18	1.72041e-18	5.58566e-19	1.75826e-19	5.36973e-20	1.59209e-20	4.58573e-21	1.28392e-21	3.49638e-22	9.26612e-23	2.39129e-23	6.01596e-24	1.492e-24	4.34238e-25	4.34238e-25	
3.42603e-25	3.42603e-25	1.20962e-24	5.00068e-24	2.03759e-23	8.09743e-23	3.13522e-22	1.18204e-21	4.33714e-21	1.54785e-20	5.36973e-20	1.8097e-19	5.92125e-19	1.87971e-18	5.7855e-18	1.72528e-17	4.98118e-17	1.39134e-16	3.75687e-16	9.79862e-16	2.46657e-15	5.98753e-15	1.40039e-14	3.15292e-14	6.82723e-14	1.4205e-13	2.83724e-13	5.4349e-13	9.97488e-13	1.75236e-12	2.94384e-12	4.72458e-12	7.23701e-12	1.05707e-11	1.47099e-11	1.94863e-11	2.45546e-11	2.9413e-11	3.34749e-11	3.61825e-11	3.71339e-11	3.61825e-11	3.34749e-11	2.9413e-11	2.45546e-11	1.94863e-11	1.47099e-11	1.05707e-11	7.23701e-12	4.72458e-12	2.94384e-12	1.75236e-12	9.97488e-13	5.4349e-13	2.83724e-13	1.4205e-13	6.82723e-14	3.15292e-14	1.40039e-14	5.98753e-15	2.46657e-15	9.79862e-16	3.75687e-16	1.39134e-16	4.98118e-17	1.72528e-17	5.7855e-18	1.87971e-18	5.92125e-19	1.8097e-19	5.36973e-20	1.54785e-20	4.33714e-21	1.18204e-21	3.13522e-22	8.09773e-23	2.03894e-23	5.06118e-24	1.4745e-24	1.4745e-24	
1.13028e-24	1.13028e-24	3.98669e-24	1.64668e-23	6.70391e-23	2.66193e-22	1.02982e-21	3.8795e-21	1.42234e-20	5.07213e-20	1.75826e-19	5.92125e-19	1.936e-18	6.14154e-18	1.88899e-17	5.6294e-17	1.62427e-16	4.5341e-16	1.22357e-15	3.18952e-15	8.02462e-15	1.94698e-14	4.55156e-14	1.02432e-13	2.21717e-13	4.61149e-13	9.20782e-13	1.76332e-12	3.23552e-12	5.68293e-12	9.54542e-12	1.53176e-11	2.34612e-11	3.42666e-11	4.76836e-11	6.31662e-11	7.95963e-11	9.53472e-11	1.08516e-10	1.17295e-10	1.2038e-10	1.17295e-10	1.08516e-10	9.53472e-11	7.95963e-11	6.31662e-11	4.76836e-11	3.42666e-11	2.34612e-11	1.53176e-11	9.54542e-12	5.68293e-12	3.23552e-12	1.76332e-12	9.20782e-13	4.61149e-13	2.21717e-13	1.02432e-13	4.55156e-14	1.94698e-14	8.02462e-15	3.18952e-15	1.22357e-15	4.5341e-16	1.62427e-16	5.6294e-17	1.88899e-17	6.14154e-18	1.936e-18	5.92125e-19	1.75826e-19	5.07213e-20	1.42234e-20	3.8795e-21	1.02982e-21	2.66203e-22	6.70836e-23	1.66665e-23	4.86033e-24	4.86033e-24	
3.61739e-24	3.61739e-24	1.27465e-23	5.26026e-23	2.13975e-22	8.48936e-22	3.28162e-21	1.23526e-20	4.5253e-20	1.61252e-19	5.58566e-19	1.87971e-18	6.14154e-18	1.94693e-17	5.98435e-17	1.78226e-16	5.13927e-16	1.43378e-15	3.86703e-15	1.0075e-14	2.53357e-14	6.14427e-14	1.43577e-13	3.22995e-13	6.98887e-13	1.45317e-12	2.90081e-12	5.5539e-12	1.0189e-11	1.78938e-11	3.00528e-11	4.82235e-11	7.38599e-11	1.07878e-10	1.50123e-10	1.98877e-10	2.50621e-10	3.00233e-10	3.41717e-10	3.69374e-10	3.79092e-10	3.69374e-10	3.41717e-10	3.00233e-10	2.50621e-10	1.98877e-10	1.50123e-10	1.07878e-10	7.38599e-11	4.82235e-11	3.00528e-11	1.78938e-11	1.0189e-11	5.5539e-12	2.90081e-12	1.45317e-12	6.98887e-13	3.22995e-13	1.43577e-13	6.14427e-14	2.53357e-14	1.0075e-14	3.86703e-15	1.43378e-15	5.13927e-16	1.78226e-16	5.98435e-17	1.94693e-17	6.14154e-18	1.87971e-18	5.58566e-19	1.61252e-19	4.5253e-20	1.23526e-20	3.28163e-21	8.48968e-22	2.14118e-22	5.32421e-23	1.55418e-23	1.55418e-23	
1.12231e-23	1.12231e-23	3.95081e-23	1.62902e-22	6.62104e-22	2.62474e-21	1.0138e-20	3.81318e-20	1.39587e-19	4.97024e-19	1.72041e-18	5.7855e-18	1.88899e-17	5.98435e-17	1.83826e-16	5.47137e-16	1.57679e-15	4.39656e-15	1.18518e-14	3.08632e-14	7.75765e-14	1.88057e-13	4.3928e-13	9.87886e-13	2.13694e-12	4.44217e-12	8.86565e-12	1.69716e-11	3.11322e-11	5.46705e-11	9.18176e-11	1.47335e-10	2.25674e-10	3.29641e-10	4.58774e-10	6.07837e-10	7.66075e-10	9.17819e-10	1.04473e-09	1.12934e-09	1.15908e-09	1.12934e-09	1.04473e-09	9.17819e-10	7.66075e-10	6.07837e-10	4.58774e-10	3.29641e-10	2.25674e-10	1.47335e-10	9.18176e-11	5.46705e-11	3.11322e-11	1.69716e-11	8.86565e-12	4.44217e-12	2.13694e-12	9.87886e-13	4.3928e-13	1.88057e-13	7.75765e-14	3.08632e-14	1.18518e-14	4.39656e-15	1.57679e-15	5.47137e-16	1.83826e-16	5.98435e-17	1.88899e-17	5.7855e-18	1.72041e-18	4.97024e-19	1.39587e-19	3.81318e-20	1.01381e-20	2.62484e-21	6.62548e-22	1.64888e-22	4.81786e-23	4.81786e-23	
3.37316e-23	3.37316e-23	1.18629e-22	4.88722e-22	1.98476e-21	7.86179e-21	3.03424e-20	1.14038e-19	4.17142e-19	1.48423e-18	5.13391e-18	1.72528e-17	5.6294e-17	1.78226e-16	5.47137e-16	1.62755e-15	4.68782e-15	1.30643e-14	3.52003e-14	9.1624e-14	2.30209e-13	5.57855e-13	1.30267e-12	2.92873e-12	6.33381e-12	1.31641e-11	2.62693e-11	5.02834e-11	9.22358e-11	1.61976e-10	2.72051e-10	4.36593e-10	6.68823e-10	9.77111e-10	1.36013e-09	1.8024e-09	2.27203e-09	2.72251e-09	3.09935e-09	3.35064e-09	3.43896e-09	3.35064e-09	3.09935e-09	2.72251e-09	2.27203e-09	1.8024e-09	1.36013e-09	9.77111e-10	6.68823e-10	4.36593e-10	2.72051e-10	1.61976e-10	9.22358e-11	5.02834e-11	2.62693e-11	1.31641e-11	6.33381e-12	2.92873e-12	1.30267e-12	5.57855e-13	2.30209e-13	9.1624e-14	3.52003e-14	1.30643e-14	4.68782e-15	1.62755e-15	5.47137e-16	1.78226e-16	5.6294e-17	1.72528e-17	5.13391e-18	1.48423e-18	4.17142e-19	1.14038e-19	3.03425e-20	7.86208e-21	1.98609e-21	4.94693e-22	1.44682e-22	1.44682e-22	
9.81395e-23	9.81395e-23	3.44813e-22	1.41936e-21	5.75956e-21	2.27963e-20	8.79144e-20	3.30169e-19	1.20685e-18	4.29103e-18	1.48323e-17	4.98118e-17	1.62427e-16	5.13927e-16	1.57679e-15	4.68782e-15	1.34953e-14	3.75915e-14	1.01241e-13	2.63418e-13	6.6161e-13	1.60275e-12	3.74165e-12	8.41036e-12	1.81857e-11	3.77927e-11	7.54124e-11	1.44351e-10	2.64801e-10	4.65068e-10	7.81241e-10	1.25401e-09	1.92148e-09	2.80792e-09	3.90969e-09	5.18242e-09	6.53443e-09	7.83179e-09	8.91738e-09	9.64147e-09	9.89598e-09	9.64147e-09	8.91738e-09	7.83179e-09	6.53443e-09	5.18242e-09	3.90969e-09	2.80792e-09	1.92148e-09	1.25401e-09	7.81241e-10	4.65068e-10	2.64801e-10	1.44351e-10	7.54124e-11	3.77927e-11	1.81857e-11	8.41036e-12	3.74165e-12	1.60275e-12	6.6161e-13	2.63418e-13	1.01241e-13	3.75915e-14	1.34953e-14	4.68782e-15	1.57679e-15	5.13927e-16	1.62427e-16	4.98118e-17	1.48323e-17	4.29103e-18	1.20685e-18	3.30169e-19	8.79146e-20	2.27971e-20	5.76345e-21	1.43674e-21	4.20594e-22	4.20594e-22	
2.76188e-22	2.76188e-22	9.69478e-22	3.98738e-21	1.61675e-20	6.39417e-20	2.46408e-19	9.24725e-19	3.37769e-18	1.20013e-17	4.14561e-17	1.39134e-16	4.5341e-16	1.43378e-15	4.39656e-15	1.30643e-14	3.75915e-14	1.04665e-13	2.81772e-13	7.32877e-13	1.84016e-12	4.45663e-12	1.0402e-11	2.33778e-11	5.05452e-11	1.05038e-10	2.09602e-10	4.01248e-10	7.36173e-10	1.29321e-09	2.17297e-09	3.48903e-09	5.34803e-09	7.81815e-09	1.089e-08	1.44406e-08	1.82143e-08	2.18371e-08	2.48698e-08	2.68932e-08	2.76045e-08	2.68932e-08	2.48698e-08	2.18371e-08	1.82143e-08	1.44406e-08	1.089e-08	7.81815e-09	5.34803e-09	3.48903e-09	2.17297e-09	1.29321e-09	7.36173e-10	4.01248e-10	2.09602e-10	1.05038e-10	5.05452e-11	2.33778e-11	1.0402e-11	4.45663e-12	1.84016e-12	7.32877e-13	2.81772e-13	1.04665e-13	3.75915e-14	1.30643e-14	4.39656e-15	1.43378e-15	4.5341e-16	1.39134e-16	4.14561e-17	1.20013e-17	3.37769e-18	9.24725e-19	2.46408e-19	6.39441e-20	1.61785e-20	4.03632e-21	1.18269e-21	1.18269e-21	
7.51242e-22	7.51242e-22	2.63459e-21	1.0827e-20	4.38663e-20	1.73358e-19	6.67569e-19	2.50348e-18	9.13798e-18	3.24467e-17	1.12008e-16	3.75687e-16	1.22357e-15	3.86703e-15	1.18518e-14	3.52003e-14	1.01241e-13	2.81772e-13	7.58294e-13	1.97169e-12	4.94941e-12	1.19845e-11	2.79687e-11	6.28534e-11	1.35894e-10	2.82419e-10	5.63636e-10	1.0792e-09	1.98055e-09	3.48032e-09	5.85022e-09	9.39753e-09	1.44116e-08	2.10786e-08	2.93758e-08	3.89727e-08	4.91798e-08	5.8985e-08	6.7197e-08	7.2678e-08	7.46051e-08	7.2678e-08	6.7197e-08	5.8985e-08	4.91798e-08	3.89727e-08	2.93758e-08	2.10786e-08	1.44116e-08	9.39753e-09	5.85022e-09	3.48032e-09	1.98055e-09	1.0792e-09	5.63636e-10	2.82419e-10	1.35894e-10	6.28534e-11	2.79687e-11	1.19845e-11	4.94941e-12	1.97169e-12	7.58294e-13	2.81772e-13	1.01241e-13	3.52003e-14	1.18518e-14	3.86703e-15	1.22357e-15	3.75687e-16	1.12008e-16	3.24467e-17	9.13798e-18	2.50348e-18	6.67571e-19	1.73365e-19	4.38961e-20	1.09602e-20	3.21439e-21	3.21439e-21	
1.97341e-21	1.97341e-21	6.91443e-21	2.83928e-20	1.14948e-19	4.53937e-19	1.74677e-18	6.5461e-18	2.38779e-17	8.47296e-17	2.92311e-16	9.79862e-16	3.18952e-15	1.0075e-14	3.08632e-14	9.1624e-14	2.63418e-13	7.32877e-13	1.97169e-12	5.12547e-12	1.28637e-11	3.11442e-11	7.26777e-11	1.63328e-10	3.53159e-10	7.3406e-10	1.46534e-09	2.8066e-09	5.15267e-09	9.05872e-09	1.52353e-08	2.44877e-08	3.75769e-08	5.49966e-08	7.66956e-08	1.01816e-07	1.28558e-07	1.54266e-07	1.75811e-07	1.90197e-07	1.95256e-07	1.90197e-07	1.75811e-07	1.54266e-07	1.28558e-07	1.01816e-07	7.66956e-08	5.49966e-08	3.75769e-08	2.44877e-08	1.52353e-08	9.05872e-09	5.15267e-09	2.8066e-09	1.46534e-09	7.3406e-10	3.53159e-10	1.63328e-10	7.26777e-11	3.11442e-11	1.28637e-11	5.12547e-12	1.97169e-12	7.32877e-13	2.63418e-13	9.1624e-14	3.08632e-14	1.0075e-14	3.18952e-15	9.79862e-16	2.92311e-16	8.47296e-17	2.38779e-17	6.5461e-18	1.74678e-18	4.53954e-19	1.15027e-19	2.87429e-20	8.43714e-21	8.43714e-21	
5.00213e-21	5.00213e-21	1.75109e-20	7.18492e-20	2.90666e-19	1.14704e-18	4.41078e-18	1.65184e-17	6.02144e-17	2.13534e-16	7.36239e-16	2.46657e-15	8.02462e-15	2.53357e-14	7.75765e-14	2.30209e-13	6.6161e-13	1.84016e-12	4.94941e-12	1.28637e-11	3.22806e-11	7.81501e-11	1.82374e-10	4.09889e-10	8.86449e-10	1.84302e-09	3.68038e-09	7.05223e-09	1.29542e-08	2.27883e-08	3.83527e-08	6.16909e-08	9.47423e-08	1.38778e-07	1.93695e-07	2.57344e-07	3.25173e-07	3.90444e-07	4.45189e-07	4.81765e-07	4.94632e-07	4.81765e-07	4.45189e-07	3.90444e-07	3.25173e-07	2.57344e-07	1.93695e-07	1.38778e-07	9.47423e-08	6.16909e-08	3.83527e-08	2.27883e-08	1.29542e-08	7.05223e-09	3.68038e-09	1.84302e-09	8.86449e-10	4.09889e-10	1.82374e-10	7.81501e-11	3.22806e-11	1.28637e-11	4.94941e-12	1.84016e-12	6.6161e-13	2.30209e-13	7.75765e-14	2.53357e-14	8.02462e-15	2.46657e-15	7.36239e-16	2.13534e-16	6.02144e-17	1.65184e-17	4.41079e-18	1.14708e-18	2.90866e-19	7.27373e-20	2.13698e-20	2.13698e-20	
1.22242e-20	1.22242e-20	4.27562e-20	1.753e-19	7.08665e-19	2.79461e-18	1.0739e-17	4.01915e-17	1.46418e-16	5.1892e-16	1.78815e-15	5.98753e-15	1.94698e-14	6.14427e-14	1.88057e-13	5.57855e-13	1.60275e-12	4.45663e-12	1.19845e-11	3.11442e-11	7.81501e-11	1.89203e-10	4.41578e-10	9.92647e-10	2.14737e-09	4.46635e-09	8.92332e-09	1.71087e-08	3.14484e-08	5.53659e-08	9.32624e-08	1.50157e-07	2.30837e-07	3.38481e-07	4.72914e-07	6.28945e-07	7.95446e-07	9.55863e-07	1.09054e-06	1.18059e-06	1.21228e-06	1.18059e-06	1.09054e-06	9.55863e-07	7.95446e-07	6.28945e-07	4.72914e-07	3.38481e-07	2.30837e-07	1.50157e-07	9.32624e-08	5.53659e-08	3.14484e-08	1.71087e-08	8.92332e-09	4.46635e-09	2.14737e-09	9.92647e-10	4.41578e-10	1.89203e-10	7.81501e-11	3.11442e-11	1.19845e-11	4.45663e-12	1.60275e-12	5.57855e-13	1.88057e-13	6.14427e-14	1.94698e-14	5.98753e-15	1.78815e-15	5.1892e-16	1.46418e-16	4.01915e-17	1.0739e-17	2.79471e-18	7.09153e-19	1.77471e-19	5.21842e-20	5.21842e-20	
2.87763e-20	2.87763e-20	1.00564e-19	4.12006e-19	1.66441e-18	6.55911e-18	2.51886e-17	9.42106e-17	3.43002e-16	1.21494e-15	4.18432e-15	1.40039e-14	4.55156e-14	1.43577e-13	4.3928e-13	1.30267e-12	3.74165e-12	1.0402e-11	2.79687e-11	7.26777e-11	1.82374e-10	4.41578e-10	1.0308e-09	2.31788e-09	5.01627e-09	1.04388e-08	2.08689e-08	4.00419e-08	7.3667e-08	1.2982e-07	2.18916e-07	3.52879e-07	5.43157e-07	7.97463e-07	1.11562e-06	1.48553e-06	1.88092e-06	2.26245e-06	2.58316e-06	2.79778e-06	2.87335e-06	2.79778e-06	2.58316e-06	2.26245e-06	1.88092e-06	1.48553e-06	1.11562e-06	7.97463e-07	5.43157e-07	3.52879e-07	2.18916e-07	1.2982e-07	7.3667e-08	4.00419e-08	2.08689e-08	1.04388e-08	5.01627e-09	2.31788e-09	1.0308e-09	4.41578e-10	1.82374e-10	7.26777e-11	2.79687e-11	1.0402e-11	3.74165e-12	1.30267e-12	4.3928e-13	1.43577e-13	4.55156e-14	1.40039e-14	4.18432e-15	1.21494e-15	3.43002e-16	9.42106e-17	2.51887e-17	6.55936e-18	1.66556e-18	4.1712e-19	1.22753e-19	1.22753e-19	
6.51929e-20	6.51929e-20	2.27641e-19	9.31964e-19	3.76236e-18	1.4817e-17	5.68651e-17	2.12558e-16	7.73437e-16	2.73808e-15	9.42527e-15	3.15292e-14	1.02432e-13	3.22995e-13	9.87886e-13	2.92873e-12	8.41036e-12	2.33778e-11	6.28534e-11	1.63328e-10	4.09889e-10	9.92647e-10	2.31788e-09	5.21421e-09	1.12904e-08	2.35107e-08	4.70391e-08	9.03394e-08	1.66379e-07	2.93554e-07	4.95676e-07	8.00143e-07	1.23346e-06	1.8138e-06	2.5414e-06	3.3892e-06	4.29726e-06	5.17511e-06	5.9142e-06	6.40936e-06	6.58381e-06	6.40936e-06	5.9142e-06	5.17511e-06	4.29726e-06	3.3892e-06	2.5414e-06	1.8138e-06	1.23346e-06	8.00143e-07	4.95676e-07	2.93554e-07	1.66379e-07	9.03394e-08	4.70391e-08	2.35107e-08	1.12904e-08	5.21421e-09	2.31788e-09	9.92647e-10	4.09889e-10	1.63328e-10	6.28534e-11	2.33778e-11	8.41036e-12	2.92873e-12	9.87886e-13	3.22995e-13	1.02432e-13	3.15292e-14	9.42527e-15	2.73808e-15	7.73437e-16	2.12558e-16	5.68652e-17	1.48176e-17	3.76497e-18	9.43556e-19	2.779e-19	2.779e-19	
1.4201e-19	1.4201e-19	4.95475e-19	2.02706e-18	8.17792e-18	3.21862e-17	1.2345e-16	4.61182e-16	1.67718e-15	5.93441e-15	2.04182e-14	6.82723e-14	2.21717e-13	6.98887e-13	2.13694e-12	6.33381e-12	1.81857e-11	5.05452e-11	1.35894e-10	3.53159e-10	8.86449e-10	2.14737e-09	5.01627e-09	1.12904e-08	2.44636e-08	5.09837e-08	1.02104e-07	1.96314e-07	3.62019e-07	6.39659e-07	1.08181e-06	1.74931e-06	2.70159e-06	3.98021e-06	5.58751e-06	7.46526e-06	9.48161e-06	1.14354e-05	1.30836e-05	1.41894e-05	1.45793e-05	1.41894e-05	1.30836e-05	1.14354e-05	9.48161e-06	7.46526e-06	5.58751e-06	3.98021e-06	2.70159e-06	1.74931e-06	1.08181e-06	6.39659e-07	3.62019e-07	1.96314e-07	1.02104e-07	5.09837e-08	2.44636e-08	1.12904e-08	5.01627e-09	2.14737e-09	8.86449e-10	3.53159e-10	1.35894e-10	5.05452e-11	1.81857e-11	6.33381e-12	2.13694e-12	6.98887e-13	2.21717e-13	6.82723e-14	2.04182e-14	5.93441e-15	1.67718e-15	4.61182e-16	1.2345e-16	3.21875e-17	8.18362e-18	2.05233e-18	6.0493e-19	6.0493e-19	
2.9715e-19	2.9715e-19	1.03597e-18	4.23545e-18	1.70766e-17	6.71685e-17	2.57475e-16	9.6134e-16	3.49429e-15	1.23579e-14	4.25001e-14	1.4205e-13	4.61149e-13	1.45317e-12	4.44217e-12	1.31641e-11	3.77927e-11	1.05038e-10	2.82419e-10	7.3406e-10	1.84302e-09	4.46635e-09	1.04388e-08	2.35107e-08	5.09837e-08	1.06357e-07	2.13247e-07	4.10556e-07	7.58258e-07	1.34208e-06	2.27408e-06	3.68484e-06	5.70326e-06	8.42172e-06	1.18499e-05	1.58679e-05	2.01961e-05	2.44021e-05	2.7959e-05	3.03497e-05	3.11935e-05	3.03497e-05	2.7959e-05	2.44021e-05	2.01961e-05	1.58679e-05	1.18499e-05	8.42172e-06	5.70326e-06	3.68484e-06	2.27408e-06	1.34208e-06	7.58258e-07	4.10556e-07	2.13247e-07	1.06357e-07	5.09837e-08	2.35107e-08	1.04388e-08	4.46635e-09	1.84302e-09	7.3406e-10	2.82419e-10	1.05038e-10	3.77927e-11	1.31641e-11	4.44217e-12	1.45317e-12	4.61149e-13	1.4205e-13	4.25001e-14	1.23579e-14	3.49429e-15	9.6134e-16	2.57476e-16	6.71711e-17	1.70885e-17	4.28834e-18	1.26495e-18	1.26495e-18	
5.96701e-19	5.96701e-19	2.07876e-18	8.49336e-18	3.42232e-17	1.34535e-16	5.15424e-16	1.92345e-15	6.98795e-15	2.47024e-14	8.49189e-14	2.83724e-13	9.20782e-13	2.90081e-12	8.86565e-12	2.62693e-11	7.54124e-11	2.09602e-10	5.63636e-10	1.46534e-09	3.68038e-09	8.92332e-09	2.08689e-08	4.70391e-08	1.02104e-07	2.13247e-07	4.28142e-07	8.25585e-07	1.52752e-06	2.70912e-06	4.60073e-06	7.47313e-06	1.15969e-05	1.71716e-05	2.4229e-05	3.25334e-05	4.15135e-05	5.02719e-05	5.77018e-05	6.27076e-05	6.44766e-05	6.27076e-05	5.77018e-05	5.02719e-05	4.15135e-05	3.25334e-05	2.4229e-05	1.71716e-05	1.15969e-05	7.47313e-06	4.60073e-06	2.70912e-06	1.52752e-06	8.25585e-07	4.28142e-07	2.13247e-07	1.02104e-07	4.70391e-08	2.08689e-08	8.92332e-09	3.68038e-09	1.46534e-09	5.63636e-10	2.09602e-10	7.54124e-11	2.62693e-11	8.86565e-12	2.90081e-12	9.20782e-13	2.83724e-13	8.49189e-14	2.47024e-14	6.98795e-15	1.92345e-15	5.15426e-16	1.3454e-16	3.42472e-17	8.59962e-18	2.53849e-18	2.53849e-18	
1.14878e-18	1.14878e-18	3.99925e-18	1.633e-17	6.57627e-17	2.58378e-16	9.89375e-16	3.69031e-15	1.34009e-14	4.73523e-14	1.62721e-13	5.4349e-13	1.76332e-12	5.5539e-12	1.69716e-11	5.02834e-11	1.44351e-10	4.01248e-10	1.0792e-09	2.8066e-09	7.05223e-09	1.71087e-08	4.00419e-08	9.03394e-08	1.96314e-07	4.10556e-07	8.25585e-07	1.59488e-06	2.95705e-06	5.25682e-06	8.95083e-06	1.45811e-05	2.26975e-05	3.37183e-05	4.77364e-05	6.43113e-05	8.23215e-05	9.99671e-05	0.000114996	0.000125152	0.000128748	0.000125152	0.000114996	9.99671e-05	8.23215e-05	6.43113e-05	4.77364e-05	3.37183e-05	2.26975e-05	1.45811e-05	8.95083e-06	5.25682e-06	2.95705e-06	1.59488e-06	8.25585e-07	4.10556e-07	1.96314e-07	9.03394e-08	4.00419e-08	1.71087e-08	7.05223e-09	2.8066e-09	1.0792e-09	4.01248e-10	1.44351e-10	5.02834e-11	1.69716e-11	5.5539e-12	1.76332e-12	5.4349e-13	1.62721e-13	4.73523e-14	1.34009e-14	3.69031e-15	9.89377e-16	2.58388e-16	6.58089e-17	1.65347e-17	4.88416e-18	4.88416e-18	
2.1183e-18	2.1183e-18	7.36951e-18	3.00743e-17	1.21047e-16	4.75342e-16	1.81928e-15	6.78272e-15	2.46202e-14	8.69626e-14	2.98735e-13	9.97488e-13	3.23552e-12	1.0189e-11	3.11322e-11	9.22358e-11	2.64801e-10	7.36173e-10	1.98055e-09	5.15267e-09	1.29542e-08	3.14484e-08	7.3667e-08	1.66379e-07	3.62019e-07	7.58258e-07	1.52752e-06	2.95705e-06	5.4958e-06	9.79664e-06	1.67318e-05	2.73484e-05	4.27277e-05	6.37219e-05	9.05783e-05	0.000122523	0.000157442	0.000191851	0.000221307	0.000241295	0.000248388	0.000241295	0.000221307	0.000191851	0.000157442	0.000122523	9.05783e-05	6.37219e-05	4.27277e-05	2.73484e-05	1.67318e-05	9.79664e-06	5.4958e-06	2.95705e-06	1.52752e-06	7.58258e-07	3.62019e-07	1.66379e-07	7.3667e-08	3.14484e-08	1.29542e-08	5.15267e-09	1.98055e-09	7.36173e-10	2.64801e-10	9.22358e-11	3.11322e-11	1.0189e-11	3.23552e-12	9.97488e-13	2.98735e-13	8.69626e-14	2.46202e-14	6.78272e-15	1.81929e-15	4.75361e-16	1.21132e-16	3.04518e-17	9.00097e-18	9.00097e-18	
3.73748e-18	3.73748e-18	1.29944e-17	5.30002e-17	2.13214e-16	8.36875e-16	3.20154e-15	1.19311e-14	4.32912e-14	1.52858e-13	5.24942e-13	1.75236e-12	5.68293e-12	1.78938e-11	5.46705e-11	1.61976e-10	4.65068e-10	1.29321e-09	3.48032e-09	9.05872e-09	2.27883e-08	5.53659e-08	1.2982e-07	2.93554e-07	6.39659e-07	1.34208e-06	2.70912e-06	5.25682e-06	9.79664e-06	1.75175e-05	3.00236e-05	4.92665e-05	7.73027e-05	0.000115819	0.000165431	0.000224874	0.000290339	0.00035532	0.000411322	0.000449531	0.000463138	0.000449531	0.000411322	0.00035532	0.000290339	0.000224874	0.000165431	0.000115819	7.73027e-05	4.92665e-05	3.00236e-05	1.75175e-05	9.79664e-06	5.25682e-06	2.70912e-06	1.34208e-06	6.39659e-07	2.93554e-07	1.2982e-07	5.53659e-08	2.27883e-08	9.05872e-09	3.48032e-09	1.29321e-09	4.65068e-10	1.61976e-10	5.46705e-11	1.78938e-11	5.68293e-12	1.75236e-12	5.24942e-13	1.52858e-13	4.32912e-14	1.19311e-14	3.20154e-15	8.36908e-16	2.13365e-16	5.36666e-17	1.58724e-17	1.58724e-17	
6.3035e-18	6.3035e-18	2.19031e-17	8.92907e-17	3.59039e-16	1.40862e-15	5.38656e-15	2.00663e-14	7.27838e-14	2.56915e-13	8.82057e-13	2.94384e-12	9.54542e-12	3.00528e-11	9.18176e-11	2.72051e-10	7.81241e-10	2.17297e-09	5.85022e-09	1.52353e-08	3.83527e-08	9.32624e-08	2.18916e-07	4.95676e-07	1.08181e-06	2.27408e-06	4.60073e-06	8.95083e-06	1.67318e-05	3.00236e-05	5.16641e-05	8.51599e-05	0.000134292	0.000202302	0.000290638	0.000397433	0.00051615	0.000635093	0.000738503	0.000809595	0.000835054	0.000809595	0.000738503	0.000635093	0.00051615	0.000397433	0.000290638	0.000202302	0.000134292	8.51599e-05	5.16641e-05	3.00236e-05	1.67318e-05	8.95083e-06	4.60073e-06	2.27408e-06	1.08181e-06	4.95676e-07	2.18916e-07	9.32624e-08	3.83527e-08	1.52353e-08	5.85022e-09	2.17297e-09	7.81241e-10	2.72051e-10	9.18176e-11	3.00528e-11	9.54542e-12	2.94384e-12	8.82057e-13	2.56915e-13	7.27838e-14	2.00663e-14	5.38658e-15	1.40868e-15	3.59293e-16	9.04149e-17	2.67562e-17	2.67562e-17	
1.01524e-17	1.01524e-17	3.52582e-17	1.43668e-16	5.77442e-16	2.26457e-15	8.65647e-15	3.22363e-14	1.1689e-13	4.12492e-13	1.41587e-12	4.72458e-12	1.53176e-11	4.82235e-11	1.47335e-10	4.36593e-10	1.25401e-09	3.48903e-09	9.39753e-09	2.44877e-08	6.16909e-08	1.50157e-07	3.52879e-07	8.00143e-07	1.74931e-06	3.68484e-06	7.47313e-06	1.45811e-05	2.73484e-05	4.92665e-05	8.51599e-05	0.000141095	0.000223787	0.000339282	0.00049081	0.000676033	0.00088436	0.00109559	0.00128139	0.00141051	0.00145721	0.00141051	0.00128139	0.00109559	0.00088436	0.000676033	0.00049081	0.000339282	0.000223787	0.000141095	8.51599e-05	4.92665e-05	2.73484e-05	1.45811e-05	7.47313e-06	3.68484e-06	1.74931e-06	8.00143e-07	3.52879e-07	1.50157e-07	6.16909e-08	2.44877e-08	9.39753e-09	3.48903e-09	1.25401e-09	4.36593e-10	1.47335e-10	4.82235e-11	1.53176e-11	4.72458e-12	1.41587e-12	4.12492e-13	1.1689e-13	3.22363e-14	8.65649e-15	2.26466e-15	5.77852e-16	1.45479e-16	4.30736e-17	4.30736e-17	
1.56002e-17	1.56002e-17	5.4151e-17	2.20559e-16	8.86146e-16	3.47397e-15	1.3275e-14	4.94204e-14	1.79152e-13	6.32056e-13	2.1691e-12	7.23701e-12	2.34612e-11	7.38599e-11	2.25674e-10	6.68823e-10	1.92148e-09	5.34803e-09	1.44116e-08	3.75769e-08	9.47423e-08	2.30837e-07	5.43157e-07	1.23346e-06	2.70159e-06	5.70326e-06	1.15969e-05	2.26975e-05	4.27277e-05	7.73027e-05	0.000134292	0.000223787	0.000357295	0.000545732	0.000795963	0.00110601	0.00145991	0.00182432	0.00214983	0.0023796	0.00246435	0.0023796	0.00214983	0.00182432	0.00145991	0.00110601	0.000795963	0.000545732	0.000357295	0.000223787	0.000134292	7.73027e-05	4.27277e-05	2.26975e-05	1.15969e-05	5.70326e-06	2.70159e-06	1.23346e-06	5.43157e-07	2.30837e-07	9.47423e-08	3.75769e-08	1.44116e-08	5.34803e-09	1.92148e-09	6.68823e-10	2.25674e-10	7.38599e-11	2.34612e-11	7.23701e-12	2.1691e-12	6.32056e-13	1.79152e-13	4.94204e-14	1.3275e-14	3.47411e-15	8.86777e-16	2.23343e-16	6.61586e-17	6.61586e-17	
2.28486e-17	2.28486e-17	7.92768e-17	3.22776e-16	1.29638e-15	5.0806e-15	1.94087e-14	7.22356e-14	2.61797e-13	9.2345e-13	3.16862e-12	1.05707e-11	3.42666e-11	1.07878e-10	3.29641e-10	9.77111e-10	2.80792e-09	7.81815e-09	2.10786e-08	5.49966e-08	1.38778e-07	3.38481e-07	7.97463e-07	1.8138e-06	3.98021e-06	8.42172e-06	1.71716e-05	3.37183e-05	6.37219e-05	0.000115819	0.000202302	0.000339282	0.000545732	0.000840705	0.00123807	0.00173867	0.0023208	0.00293229	0.00348971	0.00389197	0.00404638	0.00389197	0.00348971	0.00293229	0.0023208	0.00173867	0.00123807	0.000840705	0.000545732	0.000339282	0.000202302	0.000115819	6.37219e-05	3.37183e-05	1.71716e-05	8.42172e-06	3.98021e-06	1.8138e-06	7.97463e-07	3.38481e-07	1.38778e-07	5.49966e-08	2.10786e-08	7.81815e-09	2.80792e-09	9.77111e-10	3.29641e-10	1.07878e-10	3.42666e-11	1.05707e-11	3.16862e-12	9.2345e-13	2.61797e-13	7.22356e-14	1.94087e-14	5.08081e-15	1.29731e-15	3.26855e-16	9.68615e-17	9.68615e-17	
3.18698e-17	3.18698e-17	1.10535e-16	4.49895e-16	1.8064e-15	7.07743e-15	2.703e-14	1.00578e-13	3.64444e-13	1.28531e-12	4.40974e-12	1.47099e-11	4.76836e-11	1.50123e-10	4.58774e-10	1.36013e-09	3.90969e-09	1.089e-08	2.93758e-08	7.66956e-08	1.93695e-07	4.72914e-07	1.11562e-06	2.5414e-06	5.58751e-06	1.18499e-05	2.4229e-05	4.77364e-05	9.05783e-05	0.000165431	0.000290638	0.00049081	0.000795963	0.00123807	0.00184381	0.00262248	0.0035495	0.00454855	0.00548258	0.00617524	0.00646124	0.00617524	0.00548258	0.00454855	0.0035495	0.00262248	0.00184381	0.00123807	0.000795963	0.00049081	0.000290638	0.000165431	9.05783e-05	4.77364e-05	2.4229e-05	1.18499e-05	5.58751e-06	2.5414e-06	1.11562e-06	4.72914e-07	1.93695e-07	7.66956e-08	2.93758e-08	1.089e-08	3.90969e-09	1.36013e-09	4.58774e-10	1.50123e-10	4.76836e-11	1.47099e-11	4.40974e-12	1.28531e-12	3.64444e-13	1.00578e-13	2.70301e-14	7.07772e-15	1.80769e-15	4.55586e-16	1.3506e-16	1.3506e-16	
4.22993e-17	4.22993e-17	1.4666e-16	5.96765e-16	2.3955e-15	9.38333e-15	3.58291e-14	1.33294e-13	4.82913e-13	1.70291e-12	5.84189e-12	1.94863e-11	6.31662e-11	1.98877e-10	6.07837e-10	1.8024e-09	5.18242e-09	1.44406e-08	3.89727e-08	1.01816e-07	2.57344e-07	6.28945e-07	1.48553e-06	3.3892e-06	7.46526e-06	1.58679e-05	3.25334e-05	6.43113e-05	0.000122523	0.000224874	0.000397433	0.000676033	0.00110601	0.00173867	0.00262248	0.00378649	0.00521349	0.00680115	0.00832349	0.009471	0.00998804	0.009471	0.00832349	0.00680115	0.00521349	0.00378649	0.00262248	0.00173867	0.00110601	0.000676033	0.000397433	0.000224874	0.000122523	6.43113e-05	3.25334e-05	1.58679e-05	7.46526e-06	3.3892e-06	1.48553e-06	6.28945e-07	2.57344e-07	1.01816e-07	3.89727e-08	1.44406e-08	5.18242e-09	1.8024e-09	6.07837e-10	1.98877e-10	6.31662e-11	1.94863e-11	5.84189e-12	1.70291e-12	4.82913e-13	1.33294e-13	3.58291e-14	9.38371e-15	2.39722e-15	6.0432e-16	1.79208e-16	1.79208e-16	
5.33833e-17	5.33833e-17	1.85041e-16	7.52767e-16	3.0211e-15	1.18316e-14	4.51696e-14	1.68018e-13	6.08637e-13	2.14604e-12	7.36158e-12	2.45546e-11	7.95963e-11	2.50621e-10	7.66075e-10	2.27203e-09	6.53443e-09	1.82143e-08	4.91798e-08	1.28558e-07	3.25173e-07	7.95446e-07	1.88092e-06	4.29726e-06	9.48161e-06	2.01961e-05	4.15135e-05	8.23215e-05	0.000157442	0.000290339	0.00051615	0.00088436	0.00145991	0.0023208	0.0035495	0.00521349	0.007325	0.0097523	0.012087	0.0137774	0.0145381	0.0137774	0.012087	0.0097523	0.007325	0.00521349	0.0035495	0.0023208	0.00145991	0.00088436	0.00051615	0.000290339	0.000157442	8.23215e-05	4.15135e-05	2.01961e-05	9.48161e-06	4.29726e-06	1.88092e-06	7.95446e-07	3.25173e-07	1.28558e-07	4.91798e-08	1.82143e-08	6.53443e-09	2.27203e-09	7.66075e-10	2.50621e-10	7.95963e-11	2.45546e-11	7.36158e-12	2.14604e-12	6.08637e-13	1.68018e-13	4.51697e-14	1.1832e-14	3.02326e-15	7.62303e-16	2.26114e-16	2.26114e-16	
6.40208e-17	6.40208e-17	2.21866e-16	9.02419e-16	3.62112e-15	1.41794e-14	5.41257e-14	2.01309e-13	7.29164e-13	2.57083e-12	8.81831e-12	2.9413e-11	9.53472e-11	3.00233e-10	9.17819e-10	2.72251e-09	7.83179e-09	2.18371e-08	5.8985e-08	1.54266e-07	3.90444e-07	9.55863e-07	2.26245e-06	5.17511e-06	1.14354e-05	2.44021e-05	5.02719e-05	9.99671e-05	0.000191851	0.000355321	0.000635093	0.00109559	0.00182432	0.00293229	0.00454855	0.00680115	0.0097523	0.0131791	0.0162685	0.018251	0.0189839	0.018251	0.0162685	0.0131791	0.0097523	0.00680115	0.00454855	0.00293229	0.00182432	0.00109559	0.000635093	0.000355321	0.000191851	9.99671e-05	5.02719e-05	2.44021e-05	1.14354e-05	5.17511e-06	2.26245e-06	9.55863e-07	3.90444e-07	1.54266e-07	5.8985e-08	2.18371e-08	7.83179e-09	2.72251e-09	9.17819e-10	3.00233e-10	9.53472e-11	2.9413e-11	8.81831e-12	2.57083e-12	7.29164e-13	2.01309e-13	5.41258e-14	1.41799e-14	3.62371e-15	9.13857e-16	2.71122e-16	2.71122e-16	
7.29216e-17	7.29216e-17	2.52675e-16	1.0276e-15	4.12295e-15	1.61427e-14	6.16146e-14	2.29144e-13	8.29931e-13	2.92596e-12	1.00362e-11	3.34749e-11	1.08516e-10	3.41717e-10	1.04473e-09	3.09935e-09	8.91738e-09	2.48698e-08	6.7197e-08	1.75811e-07	4.45189e-07	1.09054e-06	2.58316e-06	5.9142e-06	1.30836e-05	2.7959e-05	5.77018e-05	0.000114996	0.000221307	0.000411322	0.000738503	0.00128139	0.00214983	0.00348971	0.00548258	0.00832349	0.012087	0.0162685	0.0196064	0.0216604	0.022364	0.0216604	0.0196064	0.0162685	0.012087	0.00832349	0.00548258	0.00348971	0.00214983	0.00128139	0.000738503	0.000411322	0.000221307	0.000114996	5.77018e-05	2.7959e-05	1.30836e-05	5.9142e-06	2.58316e-06	1.09054e-06	4.45189e-07	1.75811e-07	6.7197e-08	2.48698e-08	8.91738e-09	3.09935e-09	1.04473e-09	3.41717e-10	1.08516e-10	3.34749e-11	1.00362e-11	2.92596e-12	8.29931e-13	2.29144e-13	6.16148e-14	1.61434e-14	4.12591e-15	1.04063e-15	3.08776e-16	3.08776e-16	
7.88579e-17	7.88579e-17	2.73219e-16	1.11107e-15	4.45755e-15	1.74517e-14	6.66071e-14	2.47699e-13	8.97101e-13	3.16268e-12	1.0848e-11	3.61825e-11	1.17295e-10	3.69374e-10	1.12934e-09	3.35064e-09	9.64147e-09	2.68932e-08	7.2678e-08	1.90197e-07	4.81765e-07	1.18059e-06	2.79778e-06	6.40936e-06	1.41894e-05	3.03497e-05	6.27076e-05	0.000125152	0.000241295	0.000449531	0.000809595	0.00141051	0.0023796	0.00389197	0.00617524	0.009471	0.0137774	0.018251	0.0216604	0.0237283	0.0244219	0.0237283	0.0216604	0.018251	0.0137774	0.009471	0.00617524	0.00389197	0.0023796	0.00141051	0.000809595	0.000449531	0.000241295	0.000125152	6.27076e-05	3.03497e-05	1.41894e-05	6.40936e-06	2.79778e-06	1.18059e-06	4.81765e-07	1.90197e-07	7.2678e-08	2.68932e-08	9.64147e-09	3.35064e-09	1.12934e-09	3.69374e-10	1.17295e-10	3.61825e-11	1.0848e-11	3.16268e-12	8.97101e-13	2.47699e-13	6.66072e-14	1.74524e-14	4.46074e-15	1.12516e-15	3.33886e-16	3.33886e-16	
8.09443e-17	8.09443e-17	2.8044e-16	1.1404e-15	4.57513e-15	1.79117e-14	6.83614e-14	2.54219e-13	9.20703e-13	3.24586e-12	1.11332e-11	3.71339e-11	1.2038e-10	3.79092e-10	1.15908e-09	3.43896e-09	9.89598e-09	2.76045e-08	7.46051e-08	1.95256e-07	4.94632e-07	1.21228e-06	2.87335e-06	6.58381e-06	1.45793e-05	3.11935e-05	6.44766e-05	0.000128748	0.000248388	0.000463138	0.000835054	0.00145721	0.00246435	0.00404638	0.00646124	0.00998804	0.0145381	0.0189839	0.022364	0.0244219	0.0251113	0.0244219	0.022364	0.0189839	0.0145381	0.00998804	0.00646124	0.00404638	0.00246435	0.00145721	0.000835054	0.000463138	0.000248388	0.000128748	6.44766e-05	3.11935e-05	1.45793e-05	6.58381e-06	2.87335e-06	1.21228e-06	4.94632e-07	1.95256e-07	7.46051e-08	2.76045e-08	9.89598e-09	3.43896e-09	1.15908e-09	3.79092e-10	1.2038e-10	3.71339e-11	1.11332e-11	3.24586e-12	9.20703e-13	2.54219e-13	6.83615e-14	1.79124e-14	4.57841e-15	1.15486e-15	3.42711e-16	3.42711e-16	
7.88579e-17	7.88579e-17	2.73219e-16	1.11107e-15	4.45755e-15	1.74517e-14	6.66071e-14	2.47699e-13	8.97101e-13	3.16268e-12	1.0848e-11	3.61825e-11	1.17295e-10	3.69374e-10	1.12934e-09	3.35064e-09	9.64147e-09	2.68932e-08	7.2678e-08	1.90197e-07	4.81765e-07	1.18059e-06	2.79778e-06	6.40936e-06	1.41894e-05	3.03497e-05	6.27076e-05	0.000125152	0.000241295	0.000449531	0.000809595	0.00141051	0.0023796	0.00389197	0.00617524	0.009471	0.0137774	0.018251	0.0216605	0.0237283	0.024422	0.0237283	0.0216605	0.018251	0.0137774	0.009471	0.00617524	0.00389197	0.0023796	0.00141051	0.000809595	0.000449531	0.000241295	0.000125152	6.27076e-05	3.03497e-05	1.41894e-05	6.40936e-06	2.79778e-06	1.18059e-06	4.81765e-07	1.90197e-07	7.2678e-08	2.68932e-08	9.64147e-09	3.35064e-09	1.12934e-09	3.69374e-10	1.17295e-10	3.61825e-11	1.0848e-11	3.16268e-12	8.97101e-13	2.47699e-13	6.66072e-14	1.74524e-14	4.46074e-15	1.12516e-15	3.33886e-16	3.33886e-16	
