2.59327e-23	2.59327e-23	6.11335e-23	1.75309e-22	5.05237e-22	1.42832e-21	3.94941e-21	1.06743e-20	2.8189e-20	7.2709e-20	1.83105e-19	4.50039e-19	1.07911e-18	2.52332e-18	5.75168e-18	1.27748e-17	2.76355e-17	5.82036e-17	1.19294e-16	2.37837e-16	4.61049e-16	8.68619e-16	1.58977e-15	2.82535e-15	4.8736e-15	8.15599e-15	1.32362e-14	2.08223e-14	3.17386e-14	4.68558e-14	6.69708e-14	9.26383e-14	1.23972e-13	1.6045e-13	2.00775e-13	2.42835e-13	2.8382e-13	3.20491e-13	3.49592e-13	3.68323e-13	3.7479e-13	3.68323e-13	3.49592e-13	3.20491e-13	2.8382e-13	2.42835e-13	2.00775e-13	1.6045e-13	1.23972e-13	9.26383e-14	6.69708e-14	4.68558e-14	3.17386e-14	2.08223e-14	1.32362e-14	8.15599e-15	4.8736e-15	2.82535e-15	1.58977e-15	8.68619e-16	4.61049e-16	2.37837e-16	1.19294e-16	5.82036e-17	2.76355e-17	1.27748e-17	5.75168e-18	2.52332e-18	1.07911e-18	4.50039e-19	1.83105e-19	7.27091e-20	2.8189e-20	1.06744e-20	3.94959e-21	1.42889e-21	5.07063e-22	1.81032e-22	7.8698e-23	7.8698e-23	
2.59327e-23	2.59327e-23	6.11335e-23	1.75309e-22	5.05237e-22	1.42832e-21	3.94941e-21	1.06743e-20	2.8189e-20	7.2709e-20	1.83105e-19	4.50039e-19	1.07911e-18	2.52332e-18	5.75168e-18	1.27748e-17	2.76355e-17	5.82036e-17	1.19294e-16	2.37837e-16	4.61049e-16	8.68619e-16	1.58977e-15	2.82535e-15	4.8736e-15	8.15599e-15	1.32362e-14	2.08223e-14	3.17386e-14	4.68558e-14	6.69708e-14	9.26383e-14	1.23972e-13	1.6045e-13	2.00775e-13	2.42835e-13	2.8382e-13	3.20491e-13	3.49592e-13	3.68323e-13	3.7479e-13	3.68323e-13	3.49592e-13	3.20491e-13	2.8382e-13	2.42835e-13	2.00775e-13	1.6045e-13	1.23972e-13	9.26383e-14	6.69708e-14	4.68558e-14	3.17386e-14	2.08223e-14	1.32362e-14	8.15599e-15	4.8736e-15	2.82535e-15	1.58977e-15	8.68619e-16	4.61049e-16	2.37837e-16	1.19294e-16	5.82036e-17	2.76355e-17	1.27748e-17	5.75168e-18	2.52332e-18	1.07911e-18	4.50039e-19	1.83105e-19	7.27091e-20	2.8189e-20	1.06744e-20	3.94959e-21	1.42889e-21	5.07063e-22	1.81032e-22	7.8698e-23	7.8698e-23	
6.11335e-23	6.11335e-23	1.44036e-22	4.12836e-22	1.18923e-21	3.36052e-21	9.28809e-21	2.50931e-20	6.62401e-20	1.7079e-19	4.29948e-19	1.05636e-18	2.53211e-18	5.91906e-18	1.3488e-17	2.99491e-17	6.47717e-17	1.36384e-16	2.79471e-16	5.57075e-16	1.07971e-15	2.03386e-15	3.72194e-15	6.6139e-15	1.14076e-14	1.90894e-14	3.09783e-14	4.87312e-14	7.42776e-14	1.09656e-13	1.56733e-13	2.16807e-13	2.90148e-13	3.75535e-13	4.69933e-13	5.684e-13	6.64354e-13	7.50215e-13	8.18353e-13	8.62213e-13	8.77357e-13	8.62213e-13	8.18353e-13	7.50215e-13	6.64354e-13	5.684e-13	4.69933e-13	3.75535e-13	2.90148e-13	2.16807e-13	1.56733e-13	1.09656e-13	7.42776e-14	4.87312e-14	3.09783e-14	1.90894e-14	1.14076e-14	6.6139e-15	3.72194e-15	2.03386e-15	1.07971e-15	5.57075e-16	2.79471e-16	1.36384e-16	6.47717e-17	2.99491e-17	1.3488e-17	5.91906e-18	2.53211e-18	1.05636e-18	4.29948e-19	1.7079e-19	6.62402e-20	2.50933e-20	9.28851e-21	3.36187e-21	1.19354e-21	4.26331e-22	1.85433e-22	1.85433e-22	
1.75309e-22	1.75309e-22	4.12836e-22	1.18272e-21	3.40555e-21	9.61945e-21	2.65767e-20	7.17738e-20	1.89398e-19	4.88164e-19	1.2285e-18	3.01742e-18	7.23064e-18	1.68976e-17	3.84951e-17	8.54553e-17	1.84775e-16	3.88987e-16	7.96946e-16	1.58831e-15	3.07799e-15	5.79737e-15	1.06081e-14	1.88492e-14	3.25091e-14	5.43983e-14	8.82761e-14	1.38865e-13	2.11665e-13	3.1249e-13	4.46663e-13	6.17895e-13	8.2696e-13	1.07039e-12	1.33953e-12	1.62029e-12	1.89392e-12	2.13878e-12	2.33311e-12	2.4582e-12	2.50139e-12	2.4582e-12	2.33311e-12	2.13878e-12	1.89392e-12	1.62029e-12	1.33953e-12	1.07039e-12	8.2696e-13	6.17895e-13	4.46663e-13	3.1249e-13	2.11665e-13	1.38865e-13	8.82761e-14	5.43983e-14	3.25091e-14	1.88492e-14	1.06081e-14	5.79737e-15	3.07799e-15	1.58831e-15	7.96946e-16	3.88987e-16	1.84775e-16	8.54553e-17	3.84951e-17	1.68976e-17	7.23064e-18	3.01742e-18	1.2285e-18	4.88164e-19	1.89398e-19	7.17741e-20	2.65779e-20	9.62332e-21	3.41791e-21	1.22143e-21	5.31522e-22	5.31522e-22	
5.05237e-22	5.05237e-22	1.18923e-21	3.40555e-21	9.80226e-21	2.76777e-20	7.64413e-20	2.0637e-19	5.44396e-19	1.40272e-18	3.52903e-18	8.66554e-18	2.07599e-17	4.8503e-17	1.10472e-16	2.45187e-16	5.30056e-16	1.11569e-15	2.28546e-15	4.55437e-15	8.82502e-15	1.66205e-14	3.04106e-14	5.40335e-14	9.31897e-14	1.55937e-13	2.53054e-13	3.98087e-13	6.06815e-13	8.95922e-13	1.28069e-12	1.7718e-12	2.37148e-12	3.06982e-12	3.84201e-12	4.64766e-12	5.43289e-12	6.13563e-12	6.69339e-12	7.05244e-12	7.17641e-12	7.05244e-12	6.69339e-12	6.13563e-12	5.43289e-12	4.64766e-12	3.84201e-12	3.06982e-12	2.37148e-12	1.7718e-12	1.28069e-12	8.95922e-13	6.06815e-13	3.98087e-13	2.53054e-13	1.55937e-13	9.31897e-14	5.40335e-14	3.04106e-14	1.66205e-14	8.82502e-15	4.55437e-15	2.28546e-15	1.11569e-15	5.30056e-16	2.45187e-16	1.10472e-16	4.8503e-17	2.07599e-17	8.66554e-18	3.52903e-18	1.40272e-18	5.44396e-19	2.06371e-19	7.64447e-20	2.76889e-20	9.8379e-21	3.51713e-21	1.53122e-21	1.53122e-21	
1.42832e-21	1.42832e-21	3.36052e-21	9.61945e-21	2.76777e-20	7.81239e-20	2.15693e-19	5.82126e-19	1.53516e-18	3.95446e-18	9.94607e-18	2.44164e-17	5.84802e-17	1.36603e-16	3.1107e-16	6.90281e-16	1.49205e-15	3.14011e-15	6.43172e-15	1.28157e-14	2.48312e-14	4.67635e-14	8.55609e-14	1.52024e-13	2.62194e-13	4.38752e-13	7.12046e-13	1.12022e-12	1.70773e-12	2.52159e-12	3.60491e-12	4.98784e-12	6.67679e-12	8.64393e-12	1.08194e-11	1.30895e-11	1.53023e-11	1.72829e-11	1.8855e-11	1.98671e-11	2.02166e-11	1.98671e-11	1.8855e-11	1.72829e-11	1.53023e-11	1.30895e-11	1.08194e-11	8.64393e-12	6.67679e-12	4.98784e-12	3.60491e-12	2.52159e-12	1.70773e-12	1.12022e-12	7.12046e-13	4.38752e-13	2.62194e-13	1.52024e-13	8.55609e-14	4.67635e-14	2.48312e-14	1.28157e-14	6.43172e-15	3.14011e-15	1.49205e-15	6.90281e-16	3.1107e-16	1.36603e-16	5.84802e-17	2.44164e-17	9.94607e-18	3.95446e-18	1.53516e-18	5.82128e-19	2.15703e-19	7.81554e-20	2.77786e-20	9.93496e-21	4.32713e-21	4.32713e-21	
3.94941e-21	3.94941e-21	9.28809e-21	2.65767e-20	7.64413e-20	2.15693e-19	5.95322e-19	1.6062e-18	4.23461e-18	1.09051e-17	2.74211e-17	6.73e-17	1.61157e-16	3.7637e-16	8.56915e-16	1.90125e-15	4.10904e-15	8.64681e-15	1.77093e-14	3.52849e-14	6.83642e-14	1.28745e-13	2.35561e-13	4.18555e-13	7.21917e-13	1.20813e-12	1.96085e-12	3.08522e-12	4.70387e-12	6.94657e-12	9.93239e-12	1.37447e-11	1.84017e-11	2.38267e-11	2.98276e-11	3.60904e-11	4.21963e-11	4.76621e-11	5.20011e-11	5.47947e-11	5.57593e-11	5.47947e-11	5.20011e-11	4.76621e-11	4.21963e-11	3.60904e-11	2.98276e-11	2.38267e-11	1.84017e-11	1.37447e-11	9.93239e-12	6.94657e-12	4.70387e-12	3.08522e-12	1.96085e-12	1.20813e-12	7.21917e-13	4.18555e-13	2.35561e-13	1.28745e-13	6.83642e-14	3.52849e-14	1.77093e-14	8.64681e-15	4.10904e-15	1.90125e-15	8.56915e-16	3.7637e-16	1.61157e-16	6.73e-17	2.74211e-17	1.09051e-17	4.23461e-18	1.60621e-18	5.95349e-19	2.15781e-19	7.67203e-20	2.74493e-20	1.19603e-20	1.19603e-20	
1.06743e-20	1.06743e-20	2.50931e-20	7.17738e-20	2.0637e-19	5.82126e-19	1.6062e-18	4.33237e-18	1.14188e-17	2.93988e-17	7.39067e-17	1.81352e-16	4.34182e-16	1.01383e-15	2.30793e-15	5.11999e-15	1.10643e-14	2.32813e-14	4.76791e-14	9.49955e-14	1.84052e-13	3.46619e-13	6.34226e-13	1.127e-12	1.94401e-12	3.25369e-12	5.28157e-12	8.31135e-12	1.2674e-11	1.872e-11	2.67714e-11	3.70541e-11	4.9618e-11	6.42579e-11	8.04554e-11	9.73638e-11	1.13852e-10	1.28614e-10	1.40334e-10	1.4788e-10	1.50486e-10	1.4788e-10	1.40334e-10	1.28614e-10	1.13852e-10	9.73638e-11	8.04554e-11	6.42579e-11	4.9618e-11	3.70541e-11	2.67714e-11	1.872e-11	1.2674e-11	8.31135e-12	5.28157e-12	3.25369e-12	1.94401e-12	1.127e-12	6.34226e-13	3.46619e-13	1.84052e-13	9.49955e-14	4.76791e-14	2.32813e-14	1.10643e-14	5.11999e-15	2.30793e-15	1.01383e-15	4.34182e-16	1.81352e-16	7.39067e-17	2.93988e-17	1.14188e-17	4.33239e-18	1.60628e-18	5.82362e-19	2.07124e-19	7.41326e-20	3.23143e-20	3.23143e-20	
2.8189e-20	2.8189e-20	6.62401e-20	1.89398e-19	5.44396e-19	1.53516e-18	4.23461e-18	1.14188e-17	3.00891e-17	7.7449e-17	1.94661e-16	4.77566e-16	1.14317e-15	2.66894e-15	6.07497e-15	1.34756e-14	2.91187e-14	6.12679e-14	1.25472e-13	2.4999e-13	4.84367e-13	9.12245e-13	1.66932e-12	2.96666e-12	5.11802e-12	8.56739e-12	1.39096e-11	2.18932e-11	3.33921e-11	4.93327e-11	7.05669e-11	9.76944e-11	1.3085e-10	1.69496e-10	2.12266e-10	2.56925e-10	3.00484e-10	3.3949e-10	3.70464e-10	3.90409e-10	3.97297e-10	3.90409e-10	3.70464e-10	3.3949e-10	3.00484e-10	2.56925e-10	2.12266e-10	1.69496e-10	1.3085e-10	9.76944e-11	7.05669e-11	4.93327e-11	3.33921e-11	2.18932e-11	1.39096e-11	8.56739e-12	5.11802e-12	2.96666e-12	1.66932e-12	9.12245e-13	4.84367e-13	2.4999e-13	1.25472e-13	6.12679e-14	2.91187e-14	1.34756e-14	6.07497e-15	2.66894e-15	1.14317e-15	4.77566e-16	1.94661e-16	7.7449e-17	3.00891e-17	1.14189e-17	4.2348e-18	1.53579e-18	5.4639e-19	1.95628e-19	8.53067e-20	8.53067e-20	
7.2709e-20	7.2709e-20	1.7079e-19	4.88164e-19	1.40272e-18	3.95446e-18	1.09051e-17	2.93988e-17	7.7449e-17	1.99311e-16	5.00855e-16	1.22855e-15	2.94041e-15	6.8641e-15	1.56224e-14	3.46515e-14	7.48733e-14	1.57537e-13	3.22626e-13	6.42829e-13	1.2456e-12	2.34617e-12	4.29382e-12	7.63202e-12	1.3169e-11	2.2049e-11	3.5806e-11	5.63715e-11	8.60024e-11	1.27093e-10	1.8185e-10	2.5183e-10	3.37393e-10	4.37159e-10	5.4761e-10	6.62974e-10	7.75529e-10	8.76343e-10	9.56412e-10	1.00798e-09	1.02579e-09	1.00798e-09	9.56412e-10	8.76343e-10	7.75529e-10	6.62974e-10	5.4761e-10	4.37159e-10	3.37393e-10	2.5183e-10	1.8185e-10	1.27093e-10	8.60024e-11	5.63715e-11	3.5806e-11	2.2049e-11	1.3169e-11	7.63202e-12	4.29382e-12	2.34617e-12	1.2456e-12	6.42829e-13	3.22626e-13	1.57537e-13	7.48733e-14	3.46515e-14	1.56224e-14	6.8641e-15	2.94041e-15	1.22855e-15	5.00855e-16	1.99311e-16	7.74491e-17	2.93989e-17	1.09056e-17	3.95607e-18	1.40787e-18	5.04237e-19	2.19961e-19	2.19961e-19	
1.83105e-19	1.83105e-19	4.29948e-19	1.2285e-18	3.52903e-18	9.94607e-18	2.74211e-17	7.39067e-17	1.94661e-16	5.00855e-16	1.2584e-15	3.0863e-15	7.38587e-15	1.724e-14	3.92348e-14	8.70222e-14	1.88032e-13	3.95635e-13	8.10281e-13	1.61461e-12	3.12896e-12	5.89444e-12	1.07896e-11	1.91818e-11	3.31059e-11	5.54441e-11	9.00629e-11	1.41835e-10	2.16459e-10	3.19988e-10	4.5801e-10	6.34482e-10	8.50344e-10	1.10215e-09	1.38103e-09	1.67243e-09	1.95683e-09	2.21163e-09	2.41404e-09	2.54442e-09	2.58945e-09	2.54442e-09	2.41404e-09	2.21163e-09	1.95683e-09	1.67243e-09	1.38103e-09	1.10215e-09	8.50344e-10	6.34482e-10	4.5801e-10	3.19988e-10	2.16459e-10	1.41835e-10	9.00629e-11	5.54441e-11	3.31059e-11	1.91818e-11	1.07896e-11	5.89444e-12	3.12896e-12	1.61461e-12	8.10281e-13	3.95635e-13	1.88032e-13	8.70222e-14	3.92348e-14	1.724e-14	7.38587e-15	3.0863e-15	1.2584e-15	5.00855e-16	1.94661e-16	7.39071e-17	2.74224e-17	9.95014e-18	3.54199e-18	1.26899e-18	5.53757e-19	5.53757e-19	
4.50039e-19	4.50039e-19	1.05636e-18	3.01742e-18	8.66554e-18	2.44164e-17	6.73e-17	1.81352e-16	4.77566e-16	1.22855e-15	3.0863e-15	7.56844e-15	1.81104e-14	4.22705e-14	9.61959e-14	2.1336e-13	4.61026e-13	9.70095e-13	1.98699e-12	3.95986e-12	7.67506e-12	1.44614e-11	2.6477e-11	4.70834e-11	8.12849e-11	1.36176e-10	2.21279e-10	3.4861e-10	5.32232e-10	7.87109e-10	1.12708e-09	1.56198e-09	2.09424e-09	2.71543e-09	3.40375e-09	4.12328e-09	4.82579e-09	5.4554e-09	5.95569e-09	6.278e-09	6.38933e-09	6.278e-09	5.95569e-09	5.4554e-09	4.82579e-09	4.12328e-09	3.40375e-09	2.71543e-09	2.09424e-09	1.56198e-09	1.12708e-09	7.87109e-10	5.32232e-10	3.4861e-10	2.21279e-10	1.36176e-10	8.12849e-11	4.70834e-11	2.6477e-11	1.44614e-11	7.67506e-12	3.95986e-12	1.98699e-12	9.70095e-13	4.61026e-13	2.1336e-13	9.61959e-14	4.22705e-14	1.81104e-14	7.56844e-15	3.0863e-15	1.22855e-15	4.77567e-16	1.81352e-16	6.73031e-17	2.44264e-17	8.69741e-18	3.11694e-18	1.36061e-18	1.36061e-18	
1.07911e-18	1.07911e-18	2.53211e-18	7.23064e-18	2.07599e-17	5.84802e-17	1.61157e-16	4.34182e-16	1.14317e-15	2.94041e-15	7.38587e-15	1.81104e-14	4.33336e-14	1.01139e-13	2.30163e-13	5.10511e-13	1.10318e-12	2.32155e-12	4.75572e-12	9.4793e-12	1.83767e-11	3.4634e-11	6.34286e-11	1.12829e-10	1.94857e-10	3.26568e-10	5.30879e-10	8.3673e-10	1.27805e-09	1.89098e-09	2.70904e-09	3.75619e-09	5.03851e-09	6.53598e-09	8.19621e-09	9.93261e-09	1.16287e-08	1.31494e-08	1.43581e-08	1.51369e-08	1.5406e-08	1.51369e-08	1.43581e-08	1.31494e-08	1.16287e-08	9.93261e-09	8.19621e-09	6.53598e-09	5.03851e-09	3.75619e-09	2.70904e-09	1.89098e-09	1.27805e-09	8.3673e-10	5.30879e-10	3.26568e-10	1.94857e-10	1.12829e-10	6.34286e-11	3.4634e-11	1.83767e-11	9.4793e-12	4.75572e-12	2.32155e-12	1.10318e-12	5.10511e-13	2.30163e-13	1.01139e-13	4.33336e-14	1.81104e-14	7.38587e-15	2.94041e-15	1.14317e-15	4.34184e-16	1.61164e-16	5.85042e-17	2.08363e-17	7.46931e-18	3.26154e-18	3.26154e-18	
2.52332e-18	2.52332e-18	5.91906e-18	1.68976e-17	4.8503e-17	1.36603e-16	3.7637e-16	1.01383e-15	2.66894e-15	6.8641e-15	1.724e-14	4.22705e-14	1.01139e-13	2.36053e-13	5.37208e-13	1.19163e-12	2.57529e-12	5.42025e-12	1.11055e-11	2.21407e-11	4.29336e-11	8.09399e-11	1.48284e-10	2.63874e-10	4.55905e-10	7.64416e-10	1.24326e-09	1.96055e-09	2.99622e-09	4.43563e-09	6.35812e-09	8.82072e-09	1.18385e-08	1.53651e-08	1.92776e-08	2.3372e-08	2.73735e-08	3.09627e-08	3.38167e-08	3.56561e-08	3.62916e-08	3.56561e-08	3.38167e-08	3.09627e-08	2.73735e-08	2.3372e-08	1.92776e-08	1.53651e-08	1.18385e-08	8.82072e-09	6.35812e-09	4.43563e-09	2.99622e-09	1.96055e-09	1.24326e-09	7.64416e-10	4.55905e-10	2.63874e-10	1.48284e-10	8.09399e-11	4.29336e-11	2.21407e-11	1.11055e-11	5.42025e-12	2.57529e-12	1.19163e-12	5.37208e-13	2.36053e-13	1.01139e-13	4.22705e-14	1.724e-14	6.8641e-15	2.66894e-15	1.01383e-15	3.76387e-16	1.36659e-16	4.86819e-17	1.74558e-17	7.62447e-18	7.62447e-18	
5.75168e-18	5.75168e-18	1.3488e-17	3.84951e-17	1.10472e-16	3.1107e-16	8.56915e-16	2.30793e-15	6.07497e-15	1.56224e-14	3.92348e-14	9.61959e-14	2.30163e-13	5.37208e-13	1.22266e-12	2.71237e-12	5.8627e-12	1.23416e-11	2.52923e-11	5.04386e-11	9.78377e-11	1.84514e-10	3.38171e-10	6.02053e-10	1.0407e-09	1.74588e-09	2.84116e-09	4.48302e-09	6.8555e-09	1.01555e-08	1.45666e-08	2.02217e-08	2.71575e-08	3.52691e-08	4.4275e-08	5.37064e-08	6.29296e-08	7.1207e-08	7.77913e-08	8.20362e-08	8.35031e-08	8.20362e-08	7.77913e-08	7.1207e-08	6.29296e-08	5.37064e-08	4.4275e-08	3.52691e-08	2.71575e-08	2.02217e-08	1.45666e-08	1.01555e-08	6.8555e-09	4.48302e-09	2.84116e-09	1.74588e-09	1.0407e-09	6.02053e-10	3.38171e-10	1.84514e-10	9.78377e-11	5.04386e-11	2.52923e-11	1.23416e-11	5.8627e-12	2.71237e-12	1.22266e-12	5.37208e-13	2.30163e-13	9.61959e-14	3.92349e-14	1.56224e-14	6.07497e-15	2.30794e-15	8.56955e-16	3.11198e-16	1.1088e-16	3.97676e-17	1.73748e-17	1.73748e-17	
1.27748e-17	1.27748e-17	2.99491e-17	8.54553e-17	2.45187e-16	6.90281e-16	1.90125e-15	5.11999e-15	1.34756e-14	3.46515e-14	8.70222e-14	2.1336e-13	5.10511e-13	1.19163e-12	2.71237e-12	6.01806e-12	1.30103e-11	2.73946e-11	5.61569e-11	1.12026e-10	2.17384e-10	4.10143e-10	7.52055e-10	1.3396e-09	2.31695e-09	3.88931e-09	6.33345e-09	1.00004e-08	1.53038e-08	2.26875e-08	3.25666e-08	4.52439e-08	6.0807e-08	7.90253e-08	9.92703e-08	1.20489e-07	1.41254e-07	1.59902e-07	1.74743e-07	1.84314e-07	1.87621e-07	1.84314e-07	1.74743e-07	1.59902e-07	1.41254e-07	1.20489e-07	9.92703e-08	7.90253e-08	6.0807e-08	4.52439e-08	3.25666e-08	2.26875e-08	1.53038e-08	1.00004e-08	6.33345e-09	3.88931e-09	2.31695e-09	1.3396e-09	7.52055e-10	4.10143e-10	2.17384e-10	1.12026e-10	5.61569e-11	2.73946e-11	1.30103e-11	6.01806e-12	2.71237e-12	1.19163e-12	5.10511e-13	2.1336e-13	8.70222e-14	3.46515e-14	1.34756e-14	5.12002e-15	1.90134e-15	6.90566e-16	2.46093e-16	8.82819e-17	3.85809e-17	3.85809e-17	
2.76355e-17	2.76355e-17	6.47717e-17	1.84775e-16	5.30056e-16	1.49205e-15	4.10904e-15	1.10643e-14	2.91187e-14	7.48733e-14	1.88032e-13	4.61026e-13	1.10318e-12	2.57529e-12	5.8627e-12	1.30103e-11	2.81334e-11	5.92547e-11	1.21509e-10	2.42489e-10	4.70752e-10	8.88618e-10	1.63031e-09	2.90576e-09	5.02906e-09	8.44792e-09	1.37672e-08	2.17556e-08	3.33208e-08	4.94394e-08	7.10292e-08	9.87649e-08	1.32852e-07	1.72797e-07	2.17232e-07	2.63849e-07	3.09508e-07	3.50541e-07	3.83214e-07	4.04294e-07	4.11581e-07	4.04294e-07	3.83214e-07	3.50541e-07	3.09508e-07	2.63849e-07	2.17232e-07	1.72797e-07	1.32852e-07	9.87649e-08	7.10292e-08	4.94394e-08	3.33208e-08	2.17556e-08	1.37672e-08	8.44792e-09	5.02906e-09	2.90576e-09	1.63031e-09	8.88618e-10	4.70752e-10	2.42489e-10	1.21509e-10	5.92547e-11	2.81334e-11	1.30103e-11	5.8627e-12	2.57529e-12	1.10318e-12	4.61026e-13	1.88032e-13	7.48733e-14	2.91188e-14	1.10644e-14	4.10923e-15	1.49266e-15	5.32018e-16	1.90891e-16	8.34424e-17	8.34424e-17	
5.82036e-17	5.82036e-17	1.36384e-16	3.88987e-16	1.11569e-15	3.14011e-15	8.64681e-15	2.32813e-14	6.12679e-14	1.57537e-13	3.95635e-13	9.70095e-13	2.32155e-12	5.42025e-12	1.23416e-11	2.73946e-11	5.92547e-11	1.24844e-10	2.56109e-10	5.11336e-10	9.93178e-10	1.87585e-09	3.44371e-09	6.14212e-09	1.06383e-08	1.78849e-08	2.91715e-08	4.61401e-08	7.07354e-08	1.05056e-07	1.51084e-07	2.1029e-07	2.83147e-07	3.68632e-07	4.63838e-07	5.6383e-07	6.61866e-07	7.50042e-07	8.20302e-07	8.65654e-07	8.81334e-07	8.65654e-07	8.20302e-07	7.50042e-07	6.61866e-07	5.6383e-07	4.63838e-07	3.68632e-07	2.83147e-07	2.1029e-07	1.51084e-07	1.05056e-07	7.07354e-08	4.61401e-08	2.91715e-08	1.78849e-08	1.06383e-08	6.14212e-09	3.44371e-09	1.87585e-09	9.93178e-10	5.11336e-10	2.56109e-10	1.24844e-10	5.92547e-11	2.73946e-11	1.23416e-11	5.42025e-12	2.32155e-12	9.70095e-13	3.95635e-13	1.57537e-13	6.1268e-14	2.32814e-14	8.64721e-15	3.14141e-15	1.11982e-15	4.01869e-16	1.75703e-16	1.75703e-16	
1.19294e-16	1.19294e-16	2.79471e-16	7.96946e-16	2.28546e-15	6.43172e-15	1.77093e-14	4.76791e-14	1.25472e-13	3.22626e-13	8.10281e-13	1.98699e-12	4.75572e-12	1.11055e-11	2.52923e-11	5.61569e-11	1.21509e-10	2.56109e-10	5.25627e-10	1.04999e-09	2.0406e-09	3.85666e-09	7.08519e-09	1.26469e-08	2.19235e-08	3.68913e-08	6.02312e-08	9.53656e-08	1.46359e-07	2.17616e-07	3.13318e-07	4.366e-07	5.88528e-07	7.67049e-07	9.66147e-07	1.17552e-06	1.38105e-06	1.56608e-06	1.71364e-06	1.80893e-06	1.84189e-06	1.80893e-06	1.71364e-06	1.56608e-06	1.38105e-06	1.17552e-06	9.66147e-07	7.67049e-07	5.88528e-07	4.366e-07	3.13318e-07	2.17616e-07	1.46359e-07	9.53656e-08	6.02312e-08	3.68913e-08	2.19235e-08	1.26469e-08	7.08519e-09	3.85666e-09	2.0406e-09	1.04999e-09	5.25627e-10	2.56109e-10	1.21509e-10	5.61569e-11	2.52923e-11	1.11055e-11	4.75572e-12	1.98699e-12	8.10281e-13	3.22626e-13	1.25472e-13	4.76794e-14	1.77101e-14	6.43438e-15	2.29394e-15	8.2335e-16	3.6005e-16	3.6005e-16	
2.37837e-16	2.37837e-16	5.57075e-16	1.58831e-15	4.55437e-15	1.28157e-14	3.52849e-14	9.49955e-14	2.4999e-13	6.42829e-13	1.61461e-12	3.95986e-12	9.4793e-12	2.21407e-11	5.04386e-11	1.12026e-10	2.42489e-10	5.11336e-10	1.04999e-09	2.09867e-09	4.08135e-09	7.71927e-09	1.41928e-08	2.53563e-08	4.39977e-08	7.41132e-08	1.21137e-07	1.92024e-07	2.95065e-07	4.39281e-07	6.3329e-07	8.83631e-07	1.19267e-06	1.5564e-06	1.96272e-06	2.39066e-06	2.8113e-06	3.19044e-06	3.49307e-06	3.68864e-06	3.7563e-06	3.68864e-06	3.49307e-06	3.19044e-06	2.8113e-06	2.39066e-06	1.96272e-06	1.5564e-06	1.19267e-06	8.83631e-07	6.3329e-07	4.39281e-07	2.95065e-07	1.92024e-07	1.21137e-07	7.41132e-08	4.39977e-08	2.53563e-08	1.41928e-08	7.71927e-09	4.08135e-09	2.09867e-09	1.04999e-09	5.11336e-10	2.42489e-10	1.12026e-10	5.04386e-11	2.21407e-11	9.4793e-12	3.95986e-12	1.61461e-12	6.42829e-13	2.4999e-13	9.4996e-14	3.52865e-14	1.2821e-14	4.57127e-15	1.64096e-15	7.1771e-16	7.1771e-16	
4.61049e-16	4.61049e-16	1.07971e-15	3.07799e-15	8.82502e-15	2.48312e-14	6.83642e-14	1.84052e-13	4.84367e-13	1.2456e-12	3.12896e-12	7.67506e-12	1.83767e-11	4.29336e-11	9.78377e-11	2.17384e-10	4.70752e-10	9.93178e-10	2.0406e-09	4.08135e-09	7.94301e-09	1.50354e-08	2.76694e-08	4.94822e-08	8.59532e-08	1.44955e-07	2.37223e-07	3.76541e-07	5.79401e-07	8.63837e-07	1.2472e-06	1.74284e-06	2.35588e-06	3.07883e-06	3.88793e-06	4.7416e-06	5.58204e-06	6.34064e-06	6.9468e-06	7.33883e-06	7.47451e-06	7.33883e-06	6.9468e-06	6.34064e-06	5.58204e-06	4.7416e-06	3.88793e-06	3.07883e-06	2.35588e-06	1.74284e-06	1.2472e-06	8.63837e-07	5.79401e-07	3.76541e-07	2.37223e-07	1.44955e-07	8.59532e-08	4.94822e-08	2.76694e-08	1.50354e-08	7.94301e-09	4.08135e-09	2.0406e-09	9.93178e-10	4.70752e-10	2.17384e-10	9.78377e-11	4.29336e-11	1.83767e-11	7.67506e-12	3.12896e-12	1.2456e-12	4.84368e-13	1.84053e-13	6.83674e-14	2.48415e-14	8.85779e-15	3.18005e-15	1.39107e-15	1.39107e-15	
8.68619e-16	8.68619e-16	2.03386e-15	5.79737e-15	1.66205e-14	4.67635e-14	1.28745e-13	3.46619e-13	9.12245e-13	2.34617e-12	5.89444e-12	1.44614e-11	3.4634e-11	8.09399e-11	1.84514e-10	4.10143e-10	8.88618e-10	1.87585e-09	3.85666e-09	7.71927e-09	1.50354e-08	2.84865e-08	5.24763e-08	9.39493e-08	1.63392e-07	2.75911e-07	4.52167e-07	7.18789e-07	1.10777e-06	1.6543e-06	2.39251e-06	3.34901e-06	4.53477e-06	5.93626e-06	7.5082e-06	9.17018e-06	1.08095e-05	1.22916e-05	1.34774e-05	1.42451e-05	1.45109e-05	1.42451e-05	1.34774e-05	1.22916e-05	1.08095e-05	9.17018e-06	7.5082e-06	5.93626e-06	4.53477e-06	3.34901e-06	2.39251e-06	1.6543e-06	1.10777e-06	7.18789e-07	4.52167e-07	2.75911e-07	1.63392e-07	9.39493e-08	5.24763e-08	2.84865e-08	1.50354e-08	7.71927e-09	3.85666e-09	1.87585e-09	8.88618e-10	4.10143e-10	1.84514e-10	8.09399e-11	3.4634e-11	1.44614e-11	5.89444e-12	2.34617e-12	9.12245e-13	3.46621e-13	1.28751e-13	4.67829e-14	1.66823e-14	5.98968e-15	2.62043e-15	2.62043e-15	
1.58977e-15	1.58977e-15	3.72194e-15	1.06081e-14	3.04106e-14	8.55609e-14	2.35561e-13	6.34226e-13	1.66932e-12	4.29382e-12	1.07896e-11	2.6477e-11	6.34286e-11	1.48284e-10	3.38171e-10	7.52055e-10	1.63031e-09	3.44371e-09	7.08519e-09	1.41928e-08	2.76694e-08	5.24763e-08	9.67771e-08	1.73474e-07	3.02102e-07	5.10885e-07	8.38555e-07	1.33524e-06	2.06147e-06	3.08421e-06	4.46903e-06	6.26795e-06	8.50383e-06	1.11534e-05	1.41328e-05	1.72906e-05	2.04124e-05	2.32402e-05	2.55063e-05	2.69748e-05	2.74836e-05	2.69748e-05	2.55063e-05	2.32402e-05	2.04124e-05	1.72906e-05	1.41328e-05	1.11534e-05	8.50383e-06	6.26795e-06	4.46903e-06	3.08421e-06	2.06147e-06	1.33524e-06	8.38555e-07	5.10885e-07	3.02102e-07	1.73474e-07	9.67771e-08	5.24763e-08	2.76694e-08	1.41928e-08	7.08519e-09	3.44371e-09	1.63031e-09	7.52055e-10	3.38171e-10	1.48284e-10	6.34286e-11	2.6477e-11	1.07896e-11	4.29382e-12	1.66932e-12	6.34229e-13	2.35572e-13	8.55964e-14	3.05236e-14	1.09601e-14	4.79542e-15	4.79542e-15	
2.82535e-15	2.82535e-15	6.6139e-15	1.88492e-14	5.40335e-14	1.52024e-13	4.18555e-13	1.127e-12	2.96666e-12	7.63202e-12	1.91818e-11	4.70834e-11	1.12829e-10	2.63874e-10	6.02053e-10	1.3396e-09	2.90576e-09	6.14212e-09	1.26469e-08	2.53563e-08	4.94822e-08	9.39493e-08	1.73474e-07	3.11375e-07	5.43056e-07	9.19841e-07	1.51243e-06	2.41276e-06	3.73243e-06	5.59583e-06	8.12599e-06	1.14223e-05	1.55317e-05	2.04161e-05	2.59252e-05	3.17809e-05	3.75851e-05	4.28551e-05	4.70862e-05	4.98318e-05	5.07837e-05	4.98318e-05	4.70862e-05	4.28551e-05	3.75851e-05	3.17809e-05	2.59252e-05	2.04161e-05	1.55317e-05	1.14223e-05	8.12599e-06	5.59583e-06	3.73243e-06	2.41276e-06	1.51243e-06	9.19841e-07	5.43056e-07	3.11375e-07	1.73474e-07	9.39493e-08	4.94822e-08	2.53563e-08	1.26469e-08	6.14212e-09	2.90576e-09	1.3396e-09	6.02053e-10	2.63874e-10	1.12829e-10	4.70834e-11	1.91818e-11	7.63202e-12	2.96667e-12	1.12701e-12	4.18575e-13	1.52087e-13	5.42345e-14	1.94748e-14	8.52159e-15	8.52159e-15	
4.8736e-15	4.8736e-15	1.14076e-14	3.25091e-14	9.31897e-14	2.62194e-13	7.21917e-13	1.94401e-12	5.11802e-12	1.3169e-11	3.31059e-11	8.12849e-11	1.94857e-10	4.55905e-10	1.0407e-09	2.31695e-09	5.02906e-09	1.06383e-08	2.19235e-08	4.39977e-08	8.59532e-08	1.63392e-07	3.02102e-07	5.43056e-07	9.48659e-07	1.60971e-06	2.65185e-06	4.23922e-06	6.57243e-06	9.87683e-06	1.43779e-05	2.02615e-05	2.76218e-05	3.64013e-05	4.63384e-05	5.69367e-05	6.74753e-05	7.70709e-05	8.47925e-05	8.98114e-05	9.15529e-05	8.98114e-05	8.47925e-05	7.70709e-05	6.74753e-05	5.69367e-05	4.63384e-05	3.64013e-05	2.76218e-05	2.02615e-05	1.43779e-05	9.87683e-06	6.57243e-06	4.23922e-06	2.65185e-06	1.60971e-06	9.48659e-07	5.43056e-07	3.02102e-07	1.63392e-07	8.59532e-08	4.39977e-08	2.19235e-08	1.06383e-08	5.02906e-09	2.31695e-09	1.0407e-09	4.55905e-10	1.94857e-10	8.12849e-11	3.31059e-11	1.3169e-11	5.11803e-12	1.94402e-12	7.21951e-13	2.62303e-13	9.35364e-14	3.35883e-14	1.46981e-14	1.46981e-14	
8.15599e-15	8.15599e-15	1.90894e-14	5.43983e-14	1.55937e-13	4.38752e-13	1.20813e-12	3.25369e-12	8.56739e-12	2.2049e-11	5.54441e-11	1.36176e-10	3.26568e-10	7.64416e-10	1.74588e-09	3.88931e-09	8.44792e-09	1.78849e-08	3.68913e-08	7.41132e-08	1.44955e-07	2.75911e-07	5.10885e-07	9.19841e-07	1.60971e-06	2.73673e-06	4.51807e-06	7.23915e-06	1.12512e-05	1.69524e-05	2.47463e-05	3.49734e-05	4.78184e-05	6.32034e-05	8.06891e-05	9.94141e-05	0.000118105	0.000135181	0.000148961	0.000157935	0.000161053	0.000157935	0.000148961	0.000135181	0.000118105	9.94141e-05	8.06891e-05	6.32034e-05	4.78184e-05	3.49734e-05	2.47463e-05	1.69524e-05	1.12512e-05	7.23915e-06	4.51807e-06	2.73673e-06	1.60971e-06	9.19841e-07	5.10885e-07	2.75911e-07	1.44955e-07	7.41132e-08	3.68913e-08	1.78849e-08	8.44792e-09	3.88931e-09	1.74588e-09	7.64416e-10	3.26568e-10	1.36176e-10	5.54441e-11	2.2049e-11	8.56739e-12	3.2537e-12	1.20819e-12	4.38934e-13	1.56517e-13	5.62044e-14	2.45958e-14	2.45958e-14	
1.32362e-14	1.32362e-14	3.09783e-14	8.82761e-14	2.53054e-13	7.12046e-13	1.96085e-12	5.28157e-12	1.39096e-11	3.5806e-11	9.00629e-11	2.21279e-10	5.30879e-10	1.24326e-09	2.84116e-09	6.33345e-09	1.37672e-08	2.91715e-08	6.02312e-08	1.21137e-07	2.37223e-07	4.52167e-07	8.38555e-07	1.51243e-06	2.65185e-06	4.51807e-06	7.47623e-06	1.20093e-05	1.87162e-05	2.8283e-05	4.14149e-05	5.87221e-05	8.05601e-05	0.000106842	0.000136859	0.000169159	0.000201549	0.000231264	0.000255327	0.000271039	0.000276504	0.000271039	0.000255327	0.000231264	0.000201549	0.000169159	0.000136859	0.000106842	8.05601e-05	5.87221e-05	4.14149e-05	2.8283e-05	1.87162e-05	1.20093e-05	7.47623e-06	4.51807e-06	2.65185e-06	1.51243e-06	8.38555e-07	4.52167e-07	2.37223e-07	1.21137e-07	6.02312e-08	2.91715e-08	1.37672e-08	6.33345e-09	2.84116e-09	1.24326e-09	5.30879e-10	2.21279e-10	9.00629e-11	3.5806e-11	1.39096e-11	5.2816e-12	1.96094e-12	7.12342e-13	2.53996e-13	9.12072e-14	3.99143e-14	3.99143e-14	
2.08223e-14	2.08223e-14	4.87312e-14	1.38865e-13	3.98087e-13	1.12022e-12	3.08522e-12	8.31135e-12	2.18932e-11	5.63715e-11	1.41835e-10	3.4861e-10	8.3673e-10	1.96055e-09	4.48302e-09	1.00004e-08	2.17556e-08	4.61401e-08	9.53656e-08	1.92024e-07	3.76541e-07	7.18789e-07	1.33524e-06	2.41276e-06	4.23922e-06	7.23915e-06	1.20093e-05	1.93445e-05	3.02392e-05	4.58455e-05	6.73668e-05	9.58727e-05	0.000132033	0.000175798	0.00022607	0.00028048	0.000335347	0.000385943	0.000427095	0.000454053	0.000463446	0.000454053	0.000427095	0.000385943	0.000335347	0.00028048	0.00022607	0.000175798	0.000132033	9.58727e-05	6.73668e-05	4.58455e-05	3.02392e-05	1.93445e-05	1.20093e-05	7.23915e-06	4.23922e-06	2.41276e-06	1.33524e-06	7.18789e-07	3.76541e-07	1.92024e-07	9.53656e-08	4.61401e-08	2.17556e-08	1.00004e-08	4.48302e-09	1.96055e-09	8.3673e-10	3.4861e-10	1.41835e-10	5.63715e-11	2.18932e-11	8.31139e-12	3.08536e-12	1.12068e-12	3.99569e-13	1.43476e-13	6.27883e-14	6.27883e-14	
3.17386e-14	3.17386e-14	7.42776e-14	2.11665e-13	6.06815e-13	1.70773e-12	4.70387e-12	1.2674e-11	3.33921e-11	8.60024e-11	2.16459e-10	5.32232e-10	1.27805e-09	2.99622e-09	6.8555e-09	1.53038e-08	3.33208e-08	7.07354e-08	1.46359e-07	2.95065e-07	5.79401e-07	1.10777e-06	2.06147e-06	3.73243e-06	6.57243e-06	1.12512e-05	1.87162e-05	3.02392e-05	4.74269e-05	7.21641e-05	0.000106455	0.000152134	0.000210436	0.000281462	0.000363609	0.000453138	0.000544038	0.000628402	0.000697401	0.000742792	0.000758647	0.000742792	0.000697401	0.000628402	0.000544038	0.000453138	0.000363609	0.000281462	0.000210436	0.000152134	0.000106455	7.21641e-05	4.74269e-05	3.02392e-05	1.87162e-05	1.12512e-05	6.57243e-06	3.73243e-06	2.06147e-06	1.10777e-06	5.79401e-07	2.95065e-07	1.46359e-07	7.07354e-08	3.33208e-08	1.53038e-08	6.8555e-09	2.99622e-09	1.27805e-09	5.32232e-10	2.16459e-10	8.60024e-11	3.33921e-11	1.26741e-11	4.70409e-12	1.70844e-12	6.09074e-13	2.18694e-13	9.57038e-14	9.57038e-14	
4.68558e-14	4.68558e-14	1.09656e-13	3.1249e-13	8.95922e-13	2.52159e-12	6.94657e-12	1.872e-11	4.93327e-11	1.27093e-10	3.19988e-10	7.87109e-10	1.89098e-09	4.43563e-09	1.01555e-08	2.26875e-08	4.94394e-08	1.05056e-07	2.17616e-07	4.39281e-07	8.63837e-07	1.6543e-06	3.08421e-06	5.59583e-06	9.87683e-06	1.69524e-05	2.8283e-05	4.58455e-05	7.21641e-05	0.000110241	0.000163333	0.000234515	0.000326012	0.000438332	0.000569298	0.000713237	0.000860616	0.000998502	0.00111209	0.00118723	0.00121357	0.00118723	0.00111209	0.000998502	0.000860616	0.000713237	0.000569298	0.000438332	0.000326012	0.000234515	0.000163333	0.000110241	7.21641e-05	4.58455e-05	2.8283e-05	1.69524e-05	9.87683e-06	5.59583e-06	3.08421e-06	1.6543e-06	8.63837e-07	4.39281e-07	2.17616e-07	1.05056e-07	4.94394e-08	2.26875e-08	1.01555e-08	4.43563e-09	1.89098e-09	7.87109e-10	3.19988e-10	1.27093e-10	4.93327e-11	1.87201e-11	6.94689e-12	2.52264e-12	8.99257e-13	3.22867e-13	1.41287e-13	1.41287e-13	
6.69708e-14	6.69708e-14	1.56733e-13	4.46663e-13	1.28069e-12	3.60491e-12	9.93239e-12	2.67714e-11	7.05669e-11	1.8185e-10	4.5801e-10	1.12708e-09	2.70904e-09	6.35812e-09	1.45666e-08	3.25666e-08	7.10292e-08	1.51084e-07	3.13318e-07	6.3329e-07	1.2472e-06	2.39251e-06	4.46903e-06	8.12599e-06	1.43779e-05	2.47463e-05	4.14149e-05	6.73668e-05	0.000106455	0.000163333	0.000243156	0.000350959	0.000490658	0.000663682	0.000867385	0.00109355	0.00132755	0.00154872	0.00173263	0.00185525	0.00189846	0.00185525	0.00173263	0.00154872	0.00132755	0.00109355	0.000867385	0.000663682	0.000490658	0.000350959	0.000243156	0.000163333	0.000106455	6.73668e-05	4.14149e-05	2.47463e-05	1.43779e-05	8.12599e-06	4.46903e-06	2.39251e-06	1.2472e-06	6.3329e-07	3.13318e-07	1.51084e-07	7.10292e-08	3.25666e-08	1.45666e-08	6.35812e-09	2.70904e-09	1.12708e-09	4.5801e-10	1.8185e-10	7.0567e-11	2.67715e-11	9.93285e-12	3.60641e-12	1.28546e-12	4.61494e-13	2.01942e-13	2.01942e-13	
9.26383e-14	9.26383e-14	2.16807e-13	6.17895e-13	1.7718e-12	4.98784e-12	1.37447e-11	3.70541e-11	9.76944e-11	2.5183e-10	6.34482e-10	1.56198e-09	3.75619e-09	8.82072e-09	2.02217e-08	4.52439e-08	9.87649e-08	2.1029e-07	4.366e-07	8.83631e-07	1.74284e-06	3.34901e-06	6.26795e-06	1.14223e-05	2.02615e-05	3.49734e-05	5.87221e-05	9.58727e-05	0.000152134	0.000234515	0.000350959	0.000509508	0.000716876	0.000976385	0.00128542	0.00163279	0.00199688	0.00234551	0.00263903	0.00283692	0.00290731	0.00283692	0.00263903	0.00234551	0.00199688	0.00163279	0.00128542	0.000976385	0.000716876	0.000509508	0.000350959	0.000234515	0.000152134	9.58727e-05	5.87221e-05	3.49734e-05	2.02615e-05	1.14223e-05	6.26795e-06	3.34901e-06	1.74284e-06	8.83631e-07	4.366e-07	2.1029e-07	9.87649e-08	4.52439e-08	2.02217e-08	8.82072e-09	3.75619e-09	1.56198e-09	6.34482e-10	2.5183e-10	9.76945e-11	3.70543e-11	1.37454e-11	4.98992e-12	1.77839e-12	6.3841e-13	2.79344e-13	2.79344e-13	
1.23972e-13	1.23972e-13	2.90148e-13	8.2696e-13	2.37148e-12	6.67679e-12	1.84017e-11	4.9618e-11	1.3085e-10	3.37393e-10	8.50344e-10	2.09424e-09	5.03851e-09	1.18385e-08	2.71575e-08	6.0807e-08	1.32852e-07	2.83147e-07	5.88528e-07	1.19267e-06	2.35588e-06	4.53477e-06	8.50383e-06	1.55317e-05	2.76218e-05	4.78184e-05	8.05601e-05	0.000132033	0.000210436	0.000326012	0.000490658	0.000716876	0.00101585	0.00139451	0.00185155	0.00237306	0.00292855	0.00346941	0.00393233	0.00424948	0.00436426	0.00424948	0.00393233	0.00346941	0.00292855	0.00237306	0.00185155	0.00139451	0.00101585	0.000716876	0.000490658	0.000326012	0.000210436	0.000132033	8.05601e-05	4.78184e-05	2.76218e-05	1.55317e-05	8.50383e-06	4.53477e-06	2.35588e-06	1.19267e-06	5.88528e-07	2.83147e-07	1.32852e-07	6.0807e-08	2.71575e-08	1.18385e-08	5.03851e-09	2.09424e-09	8.50344e-10	3.37393e-10	1.3085e-10	4.96183e-11	1.84025e-11	6.67957e-12	2.3803e-12	8.54414e-13	3.73836e-13	3.73836e-13	
1.6045e-13	1.6045e-13	3.75535e-13	1.07039e-12	3.06982e-12	8.64393e-12	2.38267e-11	6.42579e-11	1.69496e-10	4.37159e-10	1.10215e-09	2.71543e-09	6.53598e-09	1.53651e-08	3.52691e-08	7.90253e-08	1.72797e-07	3.68632e-07	7.67049e-07	1.5564e-06	3.07883e-06	5.93626e-06	1.11534e-05	2.04161e-05	3.64013e-05	6.32034e-05	0.000106842	0.000175798	0.000281462	0.000438332	0.000663682	0.000976385	0.00139451	0.00193134	0.00258967	0.0033546	0.00418592	0.00501281	0.0057358	0.00624216	0.00643145	0.00624216	0.0057358	0.00501281	0.00418592	0.0033546	0.00258967	0.00193134	0.00139451	0.000976385	0.000663682	0.000438332	0.000281462	0.000175798	0.000106842	6.32034e-05	3.64013e-05	2.04161e-05	1.11534e-05	5.93626e-06	3.07883e-06	1.5564e-06	7.67049e-07	3.68632e-07	1.72797e-07	7.90253e-08	3.52691e-08	1.53651e-08	6.53598e-09	2.71543e-09	1.10215e-09	4.37159e-10	1.69496e-10	6.42582e-11	2.38278e-11	8.64752e-12	3.08124e-12	1.10592e-12	4.8385e-13	4.8385e-13	
2.00775e-13	2.00775e-13	4.69933e-13	1.33953e-12	3.84201e-12	1.08194e-11	2.98276e-11	8.04554e-11	2.12266e-10	5.4761e-10	1.38103e-09	3.40375e-09	8.19621e-09	1.92776e-08	4.4275e-08	9.92703e-08	2.17232e-07	4.63838e-07	9.66147e-07	1.96272e-06	3.88793e-06	7.5082e-06	1.41328e-05	2.59252e-05	4.63384e-05	8.06891e-05	0.000136859	0.00022607	0.000363609	0.000569298	0.000867385	0.00128542	0.00185155	0.00258967	0.00351167	0.00460652	0.00582637	0.00707213	0.0081886	0.00898971	0.00930384	0.00898971	0.0081886	0.00707213	0.00582637	0.00460652	0.00351167	0.00258967	0.00185155	0.00128542	0.000867385	0.000569298	0.000363609	0.00022607	0.000136859	8.06891e-05	4.63384e-05	2.59252e-05	1.41328e-05	7.5082e-06	3.88793e-06	1.96272e-06	9.66147e-07	4.63838e-07	2.17232e-07	9.92703e-08	4.4275e-08	1.92776e-08	8.19621e-09	3.40375e-09	1.38103e-09	5.4761e-10	2.12266e-10	8.04559e-11	2.9829e-11	1.08239e-11	3.8563e-12	1.38399e-12	6.0547e-13	6.0547e-13	
2.42835e-13	2.42835e-13	5.684e-13	1.62029e-12	4.64766e-12	1.30895e-11	3.60904e-11	9.73638e-11	2.56925e-10	6.62974e-10	1.67243e-09	4.12328e-09	9.93261e-09	2.3372e-08	5.37064e-08	1.20489e-07	2.63849e-07	5.6383e-07	1.17552e-06	2.39066e-06	4.7416e-06	9.17018e-06	1.72906e-05	3.17809e-05	5.69367e-05	9.94141e-05	0.000169159	0.00028048	0.000453138	0.000713237	0.00109355	0.0016328	0.00237306	0.0033546	0.00460652	0.00613159	0.0078817	0.00972138	0.0114008	0.0126154	0.0131088	0.0126154	0.0114008	0.00972138	0.0078817	0.00613159	0.00460652	0.0033546	0.00237306	0.0016328	0.00109355	0.000713237	0.000453138	0.00028048	0.000169159	9.94141e-05	5.69367e-05	3.17809e-05	1.72906e-05	9.17018e-06	4.7416e-06	2.39066e-06	1.17552e-06	5.6383e-07	2.63849e-07	1.20489e-07	5.37064e-08	2.3372e-08	9.93261e-09	4.12328e-09	1.67243e-09	6.62974e-10	2.56925e-10	9.73643e-11	3.60921e-11	1.30949e-11	4.66494e-12	1.67407e-12	7.32331e-13	7.32331e-13	
2.8382e-13	2.8382e-13	6.64354e-13	1.89392e-12	5.43289e-12	1.53023e-11	4.21963e-11	1.13852e-10	3.00484e-10	7.75529e-10	1.95683e-09	4.82579e-09	1.16287e-08	2.73735e-08	6.29296e-08	1.41254e-07	3.09508e-07	6.61866e-07	1.38105e-06	2.8113e-06	5.58204e-06	1.08095e-05	2.04124e-05	3.75851e-05	6.74753e-05	0.000118105	0.000201549	0.000335347	0.000544038	0.000860616	0.00132755	0.00199688	0.00292855	0.00418592	0.00582637	0.0078817	0.0103136	0.0129213	0.0152747	0.0169115	0.0175542	0.0169115	0.0152747	0.0129213	0.0103136	0.0078817	0.00582637	0.00418592	0.00292855	0.00199688	0.00132755	0.000860616	0.000544038	0.000335347	0.000201549	0.000118105	6.74753e-05	3.75851e-05	2.04124e-05	1.08095e-05	5.58204e-06	2.8113e-06	1.38105e-06	6.61866e-07	3.09508e-07	1.41254e-07	6.29296e-08	2.73735e-08	1.16287e-08	4.82579e-09	1.95683e-09	7.75529e-10	3.00484e-10	1.13852e-10	4.21983e-11	1.53087e-11	5.45309e-12	1.95677e-12	8.55955e-13	8.55955e-13	
3.20491e-13	3.20491e-13	7.50215e-13	2.13878e-12	6.13563e-12	1.72829e-11	4.76621e-11	1.28614e-10	3.3949e-10	8.76343e-10	2.21163e-09	5.4554e-09	1.31494e-08	3.09627e-08	7.1207e-08	1.59902e-07	3.50541e-07	7.50042e-07	1.56608e-06	3.19044e-06	6.34064e-06	1.22916e-05	2.32402e-05	4.28551e-05	7.70709e-05	0.000135181	0.000231264	0.000385943	0.000628402	0.000998502	0.00154872	0.00234551	0.00346941	0.00501281	0.00707214	0.00972138	0.0129213	0.016317	0.0192056	0.0210696	0.0217342	0.0210696	0.0192056	0.016317	0.0129213	0.00972138	0.00707214	0.00501281	0.00346941	0.00234551	0.00154872	0.000998502	0.000628402	0.000385943	0.000231264	0.000135181	7.70709e-05	4.28551e-05	2.32402e-05	1.22916e-05	6.34064e-06	3.19044e-06	1.56608e-06	7.50042e-07	3.50541e-07	1.59902e-07	7.1207e-08	3.09627e-08	1.31494e-08	5.4554e-09	2.21163e-09	8.76343e-10	3.3949e-10	1.28614e-10	4.76643e-11	1.72901e-11	6.15843e-12	2.20975e-12	9.66572e-13	9.66572e-13	
3.49592e-13	3.49592e-13	8.18353e-13	2.33311e-12	6.69339e-12	1.8855e-11	5.20011e-11	1.40334e-10	3.70464e-10	9.56412e-10	2.41404e-09	5.95569e-09	1.43581e-08	3.38167e-08	7.77913e-08	1.74743e-07	3.83214e-07	8.20302e-07	1.71364e-06	3.49307e-06	6.9468e-06	1.34774e-05	2.55063e-05	4.70862e-05	8.47925e-05	0.000148961	0.000255327	0.000427095	0.000697401	0.00111209	0.00173263	0.00263903	0.00393234	0.00573581	0.00818862	0.0114008	0.0152748	0.0192056	0.0223259	0.0242671	0.0249296	0.0242671	0.0223259	0.0192056	0.0152748	0.0114008	0.00818862	0.00573581	0.00393234	0.00263903	0.00173263	0.00111209	0.000697401	0.000427095	0.000255327	0.000148961	8.47925e-05	4.70862e-05	2.55063e-05	1.34774e-05	6.9468e-06	3.49307e-06	1.71364e-06	8.20302e-07	3.83214e-07	1.74743e-07	7.77913e-08	3.38167e-08	1.43581e-08	5.95569e-09	2.41404e-09	9.56412e-10	3.70464e-10	1.40335e-10	5.20035e-11	1.88629e-11	6.71827e-12	2.41052e-12	1.05436e-12	1.05436e-12	
3.68323e-13	3.68323e-13	8.62213e-13	2.4582e-12	7.05244e-12	1.98671e-11	5.47947e-11	1.4788e-10	3.90409e-10	1.00798e-09	2.54442e-09	6.278e-09	1.51369e-08	3.56561e-08	8.20362e-08	1.84314e-07	4.04294e-07	8.65654e-07	1.80893e-06	3.68864e-06	7.33883e-06	1.42451e-05	2.69748e-05	4.98318e-05	8.98114e-05	0.000157936	0.000271039	0.000454053	0.000742792	0.00118723	0.00185525	0.00283692	0.00424949	0.00624217	0.00898973	0.0126154	0.0169115	0.0210697	0.0242671	0.02623	0.0268909	0.02623	0.0242671	0.0210697	0.0169115	0.0126154	0.00898973	0.00624217	0.00424949	0.00283692	0.00185525	0.00118723	0.000742792	0.000454053	0.000271039	0.000157936	8.98114e-05	4.98318e-05	2.69748e-05	1.42451e-05	7.33883e-06	3.68864e-06	1.80893e-06	8.65654e-07	4.04294e-07	1.84314e-07	8.20362e-08	3.56561e-08	1.51369e-08	6.278e-09	2.54442e-09	1.00798e-09	3.9041e-10	1.47881e-10	5.47972e-11	1.98754e-11	7.07865e-12	2.53976e-12	1.11086e-12	1.11086e-12	
3.7479e-13	3.7479e-13	8.77357e-13	2.50139e-12	7.17641e-12	2.02166e-11	5.57593e-11	1.50486e-10	3.97297e-10	1.02579e-09	2.58945e-09	6.38933e-09	1.5406e-08	3.62916e-08	8.35031e-08	1.87621e-07	4.11581e-07	8.81334e-07	1.84189e-06	3.7563e-06	7.47451e-06	1.45109e-05	2.74836e-05	5.07837e-05	9.15529e-05	0.000161053	0.000276505	0.000463447	0.000758647	0.00121357	0.00189847	0.00290731	0.00436427	0.00643146	0.00930387	0.0131088	0.0175543	0.0217344	0.0249298	0.026891	0.0275504	0.026891	0.0249298	0.0217344	0.0175543	0.0131088	0.00930387	0.00643146	0.00436427	0.00290731	0.00189847	0.00121357	0.000758647	0.000463447	0.000276505	0.000161053	9.15529e-05	5.07837e-05	2.74836e-05	1.45109e-05	7.47451e-06	3.7563e-06	1.84189e-06	8.81334e-07	4.11581e-07	1.87621e-07	8.35031e-08	3.62916e-08	1.5406e-08	6.38933e-09	2.58945e-09	1.02579e-09	3.97298e-10	1.50487e-10	5.57619e-11	2.0225e-11	7.20309e-12	2.58438e-12	1.13037e-12	1.13037e-12	
3.68323e-13	3.68323e-13	8.62213e-13	2.4582e-12	7.05244e-12	1.98671e-11	5.47947e-11	1.4788e-10	3.90409e-10	1.00798e-09	2.54442e-09	6.278e-09	1.51369e-08	3.56561e-08	8.20362e-08	1.84314e-07	4.04294e-07	8.65654e-07	1.80893e-06	3.68864e-06	7.33883e-06	1.42451e-05	2.69748e-05	4.98318e-05	8.98114e-05	0.000157936	0.000271039	0.000454053	0.000742793	0.00118723	0.00185526	0.00283693	0.00424949	0.00624218	0.00898974	0.0126155	0.0169116	0.0210698	0.0242673	0.0262303	0.0268912	0.0262303	0.0242673	0.0210698	0.0169116	0.0126155	0.00898974	0.00624218	0.00424949	0.00283693	0.00185526	0.00118723	0.000742793	0.000454053	0.000271039	0.000157936	8.98114e-05	4.98318e-05	2.69748e-05	1.42451e-05	7.33883e-06	3.68864e-06	1.80893e-06	8.65654e-07	4.04294e-07	1.84314e-07	8.20362e-08	3.56561e-08	1.51369e-08	6.278e-09	2.54442e-09	1.00798e-09	3.9041e-10	1.47881e-10	5.47972e-11	1.98754e-11	7.07865e-12	2.53976e-12	1.11086e-12	1.11086e-12	
