2.67199e-145	2.67199e-145	7.0897e-143	1.83237e-140	4.59278e-138	1.11548e-135	2.62299e-133	5.96599e-131	1.31128e-128	2.78219e-126	5.69208e-124	1.1216e-121	2.12583e-119	3.87039e-117	6.75886e-115	1.1303e-112	1.80703e-110	2.75658e-108	4.00424e-106	5.52631e-104	7.22837e-102	8.93608e-100	1.04096e-97	1.13872e-95	1.16531e-93	1.11075e-91	9.81283e-90	7.9891e-88	5.95452e-86	4.0314e-84	2.45638e-82	1.33202e-80	6.34092e-79	2.60519e-77	9.04233e-76	2.58067e-74	5.85678e-73	1.01821e-71	1.31958e-70	1.28184e-69	8.43574e-69	1.28184e-69	1.31958e-70	1.01821e-71	5.85678e-73	2.58067e-74	9.04233e-76	2.60519e-77	6.34092e-79	1.33202e-80	2.45638e-82	4.0314e-84	5.95452e-86	7.9891e-88	9.81283e-90	1.11075e-91	1.16531e-93	1.13872e-95	1.04096e-97	8.93608e-100	7.22837e-102	5.52631e-104	4.00424e-106	2.75658e-108	1.80703e-110	1.1303e-112	6.75886e-115	3.87039e-117	2.12583e-119	1.1216e-121	5.69208e-124	2.78219e-126	1.31128e-128	5.96599e-131	2.62299e-133	1.11548e-135	4.59278e-138	1.83237e-140	7.11632e-143	7.11632e-143	
2.67199e-145	2.67199e-145	7.0897e-143	1.83237e-140	4.59278e-138	1.11548e-135	2.62299e-133	5.96599e-131	1.31128e-128	2.78219e-126	5.69208e-124	1.1216e-121	2.12583e-119	3.87039e-117	6.75886e-115	1.1303e-112	1.80703e-110	2.75658e-108	4.00424e-106	5.52631e-104	7.22837e-102	8.93608e-100	1.04096e-97	1.13872e-95	1.16531e-93	1.11075e-91	9.81283e-90	7.9891e-88	5.95452e-86	4.0314e-84	2.45638e-82	1.33202e-80	6.34092e-79	2.60519e-77	9.04233e-76	2.58067e-74	5.85678e-73	1.01821e-71	1.31958e-70	1.28184e-69	8.43574e-69	1.28184e-69	1.31958e-70	1.01821e-71	5.85678e-73	2.58067e-74	9.04233e-76	2.60519e-77	6.34092e-79	1.33202e-80	2.45638e-82	4.0314e-84	5.95452e-86	7.9891e-88	9.81283e-90	1.11075e-91	1.16531e-93	1.13872e-95	1.04096e-97	8.93608e-100	7.22837e-102	5.52631e-104	4.00424e-106	2.75658e-108	1.80703e-110	1.1303e-112	6.75886e-115	3.87039e-117	2.12583e-119	1.1216e-121	5.69208e-124	2.78219e-126	1.31128e-128	5.96599e-131	2.62299e-133	1.11548e-135	4.59278e-138	1.83237e-140	7.11632e-143	7.11632e-143	
7.0897e-143	7.0897e-143	1.87634e-140	4.83718e-138	1.20934e-135	2.92975e-133	6.87163e-131	1.55897e-128	3.41779e-126	7.23313e-124	1.47605e-121	2.90105e-119	5.48446e-117	9.95965e-115	1.73479e-112	2.89365e-110	4.61417e-108	7.02058e-106	1.01716e-103	1.40014e-101	1.82657e-99	2.25215e-97	2.61656e-95	2.85467e-93	2.91346e-91	2.76953e-89	2.44001e-87	1.98101e-85	1.47234e-83	9.9395e-82	6.03837e-80	3.2644e-78	1.549e-76	6.34237e-75	2.19309e-73	6.23202e-72	1.40689e-70	2.42907e-69	3.11946e-68	3.00203e-67	1.96969e-66	3.00203e-67	3.11946e-68	2.42907e-69	1.40689e-70	6.23202e-72	2.19309e-73	6.34237e-75	1.549e-76	3.2644e-78	6.03837e-80	9.9395e-82	1.47234e-83	1.98101e-85	2.44001e-87	2.76953e-89	2.91346e-91	2.85467e-93	2.61656e-95	2.25215e-97	1.82657e-99	1.40014e-101	1.01716e-103	7.02058e-106	4.61417e-108	2.89365e-110	1.73479e-112	9.95965e-115	5.48446e-117	2.90105e-119	1.47605e-121	7.23313e-124	3.41779e-126	1.55897e-128	6.87163e-131	2.92975e-133	1.20934e-135	4.83718e-138	1.8834e-140	1.8834e-140	
1.83237e-140	1.83237e-140	4.83718e-138	1.24386e-135	3.1019e-133	7.49561e-131	1.75361e-128	3.96835e-126	8.67782e-124	1.83184e-121	3.72867e-119	7.30969e-117	1.37837e-114	2.49669e-112	4.33761e-110	7.2166e-108	1.14778e-105	1.74186e-103	2.51711e-101	3.45579e-99	4.49649e-97	5.52954e-95	6.40722e-93	6.97163e-91	7.09608e-89	6.72719e-87	5.91052e-85	4.78532e-83	3.54652e-81	2.38728e-79	1.446e-77	7.79323e-76	3.6861e-74	1.50407e-72	5.18117e-71	1.46591e-69	3.29169e-68	5.64355e-67	7.18021e-66	6.84348e-65	4.47649e-64	6.84348e-65	7.18021e-66	5.64355e-67	3.29169e-68	1.46591e-69	5.18117e-71	1.50407e-72	3.6861e-74	7.79323e-76	1.446e-77	2.38728e-79	3.54652e-81	4.78532e-83	5.91052e-85	6.72719e-87	7.09608e-89	6.97163e-91	6.40722e-93	5.52954e-95	4.49649e-97	3.45579e-99	2.51711e-101	1.74186e-103	1.14778e-105	7.2166e-108	4.33761e-110	2.49669e-112	1.37837e-114	7.30969e-117	3.72867e-119	1.83184e-121	8.67783e-124	3.96835e-126	1.75361e-128	7.49561e-131	3.1019e-133	1.24386e-135	4.85543e-138	4.85543e-138	
4.59278e-138	4.59278e-138	1.20934e-135	3.1019e-133	7.71583e-131	1.85977e-128	4.33993e-126	9.79612e-124	2.13673e-121	4.49902e-119	9.13435e-117	1.78612e-114	3.35944e-112	6.06946e-110	1.05176e-107	1.74534e-105	2.76873e-103	4.19089e-101	6.04036e-99	8.27125e-97	1.07338e-94	1.3165e-92	1.5214e-90	1.65098e-88	1.67591e-86	1.58445e-84	1.38826e-82	1.12083e-80	8.28306e-79	5.55939e-77	3.35733e-75	1.80383e-73	8.50418e-72	3.45799e-70	1.18664e-68	3.34257e-67	7.46515e-66	1.27077e-64	1.60132e-63	1.51098e-62	9.85311e-62	1.51098e-62	1.60132e-63	1.27077e-64	7.46515e-66	3.34257e-67	1.18664e-68	3.45799e-70	8.50418e-72	1.80383e-73	3.35733e-75	5.55939e-77	8.28306e-79	1.12083e-80	1.38826e-82	1.58445e-84	1.67591e-86	1.65098e-88	1.5214e-90	1.3165e-92	1.07338e-94	8.27125e-97	6.04036e-99	4.19089e-101	2.76873e-103	1.74534e-105	1.05176e-107	6.06946e-110	3.35944e-112	1.78612e-114	9.13435e-117	4.49902e-119	2.13673e-121	9.79612e-124	4.33993e-126	1.85977e-128	7.71583e-131	3.1019e-133	1.21392e-135	1.21392e-135	
1.11548e-135	1.11548e-135	2.92975e-133	7.49561e-131	1.85977e-128	4.47129e-126	1.04076e-123	2.34324e-121	5.09808e-119	1.0707e-116	2.16828e-114	4.22899e-112	7.93374e-110	1.42969e-107	2.47111e-105	4.09005e-103	6.47147e-101	9.77006e-99	1.40448e-96	1.91815e-94	2.48267e-92	3.03689e-90	3.50018e-88	3.78808e-86	3.83483e-84	3.6156e-82	3.1591e-80	2.54335e-78	1.87418e-76	1.25422e-74	7.55143e-73	4.04458e-71	1.90057e-69	7.70104e-68	2.63245e-66	7.3821e-65	1.63964e-63	2.77079e-62	3.45716e-61	3.2282e-60	2.09849e-59	3.2282e-60	3.45716e-61	2.77079e-62	1.63964e-63	7.3821e-65	2.63245e-66	7.70104e-68	1.90057e-69	4.04458e-71	7.55143e-73	1.25422e-74	1.87418e-76	2.54335e-78	3.1591e-80	3.6156e-82	3.83483e-84	3.78808e-86	3.50018e-88	3.03689e-90	2.48267e-92	1.91815e-94	1.40448e-96	9.77006e-99	6.47147e-101	4.09005e-103	2.47111e-105	1.42969e-107	7.93374e-110	4.22899e-112	2.16828e-114	1.0707e-116	5.09808e-119	2.34324e-121	1.04076e-123	4.47129e-126	1.85977e-128	7.49561e-131	2.94086e-133	2.94086e-133	
2.62299e-133	2.62299e-133	6.87163e-131	1.75361e-128	4.33993e-126	1.04076e-123	2.41638e-121	5.42656e-119	1.17762e-116	2.46692e-114	4.98301e-112	9.69391e-110	1.81394e-107	3.26038e-105	5.62073e-103	9.27905e-101	1.46436e-98	2.20499e-96	3.16144e-94	4.30632e-92	5.5589e-90	6.78172e-88	7.7953e-86	8.41364e-84	8.4942e-82	7.98649e-80	6.95861e-78	5.58638e-76	4.10468e-74	2.73877e-72	1.64396e-70	8.77736e-69	4.11086e-67	1.6598e-65	5.65148e-64	1.57766e-62	3.48459e-61	5.84477e-60	7.21862e-59	6.66756e-58	4.3203e-57	6.66756e-58	7.21862e-59	5.84477e-60	3.48459e-61	1.57766e-62	5.65148e-64	1.6598e-65	4.11086e-67	8.77736e-69	1.64396e-70	2.73877e-72	4.10468e-74	5.58638e-76	6.95861e-78	7.98649e-80	8.4942e-82	8.41364e-84	7.7953e-86	6.78172e-88	5.5589e-90	4.30632e-92	3.16144e-94	2.20499e-96	1.46436e-98	9.27905e-101	5.62073e-103	3.26038e-105	1.81394e-107	9.69391e-110	4.98301e-112	2.46692e-114	1.17762e-116	5.42656e-119	2.41638e-121	1.04076e-123	4.33993e-126	1.75361e-128	6.89776e-131	6.89776e-131	
5.96599e-131	5.96599e-131	1.55897e-128	3.96835e-126	9.79612e-124	2.34324e-121	5.42656e-119	1.21556e-116	2.63115e-114	5.49773e-112	1.10766e-109	2.1493e-107	4.01145e-105	7.19157e-103	1.23658e-100	2.03612e-98	3.20488e-96	4.81317e-94	6.88281e-92	9.35051e-90	1.20382e-87	1.46469e-85	1.67906e-83	1.80731e-81	1.8196e-79	1.70608e-77	1.48232e-75	1.1866e-73	8.69334e-72	5.78318e-70	3.46072e-68	1.84185e-66	8.5974e-65	3.45881e-63	1.17303e-61	3.25958e-60	7.15862e-59	1.19161e-57	1.4563e-56	1.32992e-55	8.58904e-55	1.32992e-55	1.4563e-56	1.19161e-57	7.15862e-59	3.25958e-60	1.17303e-61	3.45881e-63	8.5974e-65	1.84185e-66	3.46072e-68	5.78318e-70	8.69334e-72	1.1866e-73	1.48232e-75	1.70608e-77	1.8196e-79	1.80731e-81	1.67906e-83	1.46469e-85	1.20382e-87	9.35051e-90	6.88281e-92	4.81317e-94	3.20488e-96	2.03612e-98	1.23658e-100	7.19157e-103	4.01145e-105	2.1493e-107	1.10766e-109	5.49773e-112	2.63115e-114	1.21556e-116	5.42656e-119	2.34324e-121	9.79612e-124	3.96835e-126	1.56492e-128	1.56492e-128	
1.31128e-128	1.31128e-128	3.41779e-126	8.67782e-124	2.13673e-121	5.09808e-119	1.17762e-116	2.63115e-114	5.68073e-112	1.18393e-109	2.37921e-107	4.60474e-105	8.57209e-103	1.53279e-100	2.62877e-98	4.31717e-96	6.7775e-94	1.01519e-91	1.44787e-89	1.96175e-87	2.51887e-85	3.05647e-83	3.49428e-81	3.75088e-79	3.76593e-77	3.5211e-75	3.05061e-73	2.43498e-71	1.77868e-69	1.17969e-67	7.03755e-66	3.73343e-64	1.73679e-62	6.96184e-61	2.35156e-59	6.50403e-58	1.42015e-56	2.34559e-55	2.83561e-54	2.55895e-53	1.64709e-52	2.55895e-53	2.83561e-54	2.34559e-55	1.42015e-56	6.50403e-58	2.35156e-59	6.96184e-61	1.73679e-62	3.73343e-64	7.03755e-66	1.17969e-67	1.77868e-69	2.43498e-71	3.05061e-73	3.5211e-75	3.76593e-77	3.75088e-79	3.49428e-81	3.05647e-83	2.51887e-85	1.96175e-87	1.44787e-89	1.01519e-91	6.7775e-94	4.31717e-96	2.62877e-98	1.53279e-100	8.57209e-103	4.60474e-105	2.37921e-107	1.18393e-109	5.68073e-112	2.63115e-114	1.17762e-116	5.09808e-119	2.13673e-121	8.67783e-124	3.43085e-126	3.43085e-126	
2.78219e-126	2.78219e-126	7.23313e-124	1.83184e-121	4.49902e-119	1.0707e-116	2.46692e-114	5.49773e-112	1.18393e-109	2.46113e-107	4.93312e-105	9.52293e-103	1.76818e-100	3.15351e-98	5.39423e-96	8.83565e-94	1.38346e-91	2.06677e-89	2.93984e-87	3.9726e-85	5.08706e-83	6.15606e-81	7.01863e-79	7.51325e-77	7.52237e-75	7.01349e-73	6.05894e-71	4.82215e-69	3.51198e-67	2.3222e-65	1.38098e-63	7.30227e-62	3.38534e-60	1.352e-58	4.54813e-57	1.25198e-55	2.71762e-54	4.45285e-53	5.32294e-52	4.74416e-51	3.04308e-50	4.74416e-51	5.32294e-52	4.45285e-53	2.71762e-54	1.25198e-55	4.54813e-57	1.352e-58	3.38534e-60	7.30227e-62	1.38098e-63	2.3222e-65	3.51198e-67	4.82215e-69	6.05894e-71	7.01349e-73	7.52237e-75	7.51325e-77	7.01863e-79	6.15606e-81	5.08706e-83	3.9726e-85	2.93984e-87	2.06677e-89	1.38346e-91	8.83565e-94	5.39423e-96	3.15351e-98	1.76818e-100	9.52293e-103	4.93312e-105	2.46113e-107	1.18393e-109	5.49773e-112	2.46692e-114	1.0707e-116	4.49902e-119	1.83184e-121	7.26084e-124	7.26084e-124	
5.69208e-124	5.69208e-124	1.47605e-121	3.72867e-119	9.13435e-117	2.16828e-114	4.98301e-112	1.10766e-109	2.37921e-107	4.93312e-105	9.86248e-103	1.89893e-100	3.51671e-98	6.25563e-96	1.06726e-93	1.74355e-91	2.72279e-89	4.05684e-87	5.75516e-85	7.75605e-83	9.90504e-81	1.19538e-78	1.35913e-76	1.45087e-74	1.44854e-72	1.34671e-70	1.16006e-68	9.20546e-67	6.68425e-65	4.40619e-63	2.61199e-61	1.37659e-59	6.35968e-58	2.53036e-56	8.47685e-55	2.32223e-53	5.01051e-52	8.14286e-51	9.62136e-50	8.46389e-49	5.40979e-48	8.46389e-49	9.62136e-50	8.14286e-51	5.01051e-52	2.32223e-53	8.47685e-55	2.53036e-56	6.35968e-58	1.37659e-59	2.61199e-61	4.40619e-63	6.68425e-65	9.20546e-67	1.16006e-68	1.34671e-70	1.44854e-72	1.45087e-74	1.35913e-76	1.19538e-78	9.90504e-81	7.75605e-83	5.75516e-85	4.05684e-87	2.72279e-89	1.74355e-91	1.06726e-93	6.25563e-96	3.51671e-98	1.89893e-100	9.86248e-103	4.93312e-105	2.37921e-107	1.10766e-109	4.98301e-112	2.16828e-114	9.13435e-117	3.72867e-119	1.48172e-121	1.48172e-121	
1.1216e-121	1.1216e-121	2.90105e-119	7.30969e-117	1.78612e-114	4.22899e-112	9.69391e-110	2.1493e-107	4.60474e-105	9.52293e-103	1.89893e-100	3.64673e-98	6.73594e-96	1.19507e-93	2.03353e-91	3.31337e-89	5.16055e-87	7.66847e-85	1.08495e-82	1.45821e-80	1.85717e-78	2.23516e-76	2.53429e-74	2.69777e-72	2.68583e-70	2.48984e-68	2.1385e-66	1.69193e-64	1.22481e-62	8.04871e-61	4.75594e-59	2.49812e-57	1.15003e-55	4.55828e-54	1.52061e-52	4.14529e-51	8.88926e-50	1.43257e-48	1.67238e-47	1.45112e-46	9.24105e-46	1.45112e-46	1.67238e-47	1.43257e-48	8.88926e-50	4.14529e-51	1.52061e-52	4.55828e-54	1.15003e-55	2.49812e-57	4.75594e-59	8.04871e-61	1.22481e-62	1.69193e-64	2.1385e-66	2.48984e-68	2.68583e-70	2.69777e-72	2.53429e-74	2.23516e-76	1.85717e-78	1.45821e-80	1.08495e-82	7.66847e-85	5.16055e-87	3.31337e-89	2.03353e-91	1.19507e-93	6.73594e-96	3.64673e-98	1.89893e-100	9.52293e-103	4.60474e-105	2.1493e-107	9.69391e-110	4.229e-112	1.78612e-114	7.30969e-117	2.91222e-119	2.91222e-119	
2.12583e-119	2.12583e-119	5.48446e-117	1.37837e-114	3.35944e-112	7.93374e-110	1.81394e-107	4.01145e-105	8.57209e-103	1.76818e-100	3.51671e-98	6.73594e-96	1.24095e-93	2.19589e-91	3.72665e-89	6.05598e-87	9.40701e-85	1.39411e-82	1.9671e-80	2.63665e-78	3.34883e-76	4.01926e-74	4.54443e-72	4.82393e-70	4.78883e-68	4.4265e-66	3.79067e-64	2.99009e-62	2.15792e-60	1.41358e-58	8.32553e-57	4.35823e-55	1.99914e-53	7.89323e-52	2.62184e-50	7.11156e-49	1.51548e-47	2.42135e-46	2.79152e-45	2.38737e-44	1.51459e-43	2.38737e-44	2.79152e-45	2.42135e-46	1.51548e-47	7.11156e-49	2.62184e-50	7.89323e-52	1.99914e-53	4.35823e-55	8.32553e-57	1.41358e-58	2.15792e-60	2.99009e-62	3.79067e-64	4.4265e-66	4.78883e-68	4.82393e-70	4.54443e-72	4.01926e-74	3.34883e-76	2.63665e-78	1.9671e-80	1.39411e-82	9.40701e-85	6.05598e-87	3.72665e-89	2.19589e-91	1.24095e-93	6.73594e-96	3.51671e-98	1.76818e-100	8.57209e-103	4.01145e-105	1.81394e-107	7.93374e-110	3.35944e-112	1.37837e-114	5.50564e-117	5.50564e-117	
3.87039e-117	3.87039e-117	9.95965e-115	2.49669e-112	6.06946e-110	1.42969e-107	3.26038e-105	7.19157e-103	1.53279e-100	3.15351e-98	6.25563e-96	1.19507e-93	2.19589e-91	3.87541e-89	6.55955e-87	1.06312e-84	1.64696e-82	2.4342e-80	3.42534e-78	4.57866e-76	5.79932e-74	6.94093e-72	7.82575e-70	8.28338e-68	8.19937e-66	7.55677e-64	6.45201e-62	5.07387e-60	3.65038e-58	2.38358e-56	1.39921e-54	7.29925e-53	3.33597e-51	1.31196e-49	4.33878e-48	1.17086e-46	2.47915e-45	3.92609e-44	4.4678e-43	3.76298e-42	2.37794e-41	3.76298e-42	4.4678e-43	3.92609e-44	2.47915e-45	1.17086e-46	4.33878e-48	1.31196e-49	3.33597e-51	7.29925e-53	1.39921e-54	2.38358e-56	3.65038e-58	5.07387e-60	6.45201e-62	7.55677e-64	8.19937e-66	8.28338e-68	7.82575e-70	6.94093e-72	5.79932e-74	4.57866e-76	3.42534e-78	2.4342e-80	1.64696e-82	1.06312e-84	6.55955e-87	3.87541e-89	2.19589e-91	1.19507e-93	6.25563e-96	3.15351e-98	1.53279e-100	7.19157e-103	3.26038e-105	1.42969e-107	6.06946e-110	2.49669e-112	9.99821e-115	9.99821e-115	
6.75886e-115	6.75886e-115	1.73479e-112	4.33761e-110	1.05176e-107	2.47111e-105	5.62073e-103	1.23658e-100	2.62877e-98	5.39423e-96	1.06726e-93	2.03353e-91	3.72665e-89	6.55955e-87	1.10731e-84	1.78983e-82	2.76529e-80	4.076e-78	5.71994e-76	7.62477e-74	9.63063e-72	1.1494e-69	1.29224e-67	1.36387e-65	1.3461e-63	1.23692e-61	1.0529e-59	8.25452e-58	5.91993e-56	3.85297e-54	2.25416e-52	1.17179e-50	5.33551e-49	2.08991e-47	6.88063e-46	1.84712e-44	3.88541e-43	6.09722e-42	6.84516e-41	5.67272e-40	3.57016e-39	5.67272e-40	6.84516e-41	6.09722e-42	3.88541e-43	1.84712e-44	6.88063e-46	2.08991e-47	5.33551e-49	1.17179e-50	2.25416e-52	3.85297e-54	5.91993e-56	8.25452e-58	1.0529e-59	1.23692e-61	1.3461e-63	1.36387e-65	1.29224e-67	1.1494e-69	9.63063e-72	7.62477e-74	5.71994e-76	4.076e-78	2.76529e-80	1.78983e-82	1.10731e-84	6.55955e-87	3.72665e-89	2.03353e-91	1.06726e-93	5.39423e-96	2.62877e-98	1.23658e-100	5.62073e-103	2.47111e-105	1.05176e-107	4.33761e-110	1.74152e-112	1.74152e-112	
1.1303e-112	1.1303e-112	2.89365e-110	7.2166e-108	1.74534e-105	4.09005e-103	9.27905e-101	2.03612e-98	4.31717e-96	8.83565e-94	1.74355e-91	3.31337e-89	6.05598e-87	1.06312e-84	1.78983e-82	2.88524e-80	4.44559e-78	6.53481e-76	9.14516e-74	1.21567e-71	1.53117e-69	1.82224e-67	2.04281e-65	2.14977e-63	2.11549e-61	1.93807e-59	1.64469e-57	1.28537e-55	9.18877e-54	5.96072e-52	3.47534e-50	1.80013e-48	8.16541e-47	3.18525e-45	1.04389e-43	2.78737e-42	5.82381e-41	9.05354e-40	1.00217e-38	8.16365e-38	5.11598e-37	8.16365e-38	1.00217e-38	9.05354e-40	5.82381e-41	2.78737e-42	1.04389e-43	3.18525e-45	8.16541e-47	1.80013e-48	3.47534e-50	5.96072e-52	9.18877e-54	1.28537e-55	1.64469e-57	1.93807e-59	2.11549e-61	2.14977e-63	2.04281e-65	1.82224e-67	1.53117e-69	1.21567e-71	9.14516e-74	6.53481e-76	4.44559e-78	2.88524e-80	1.78983e-82	1.06312e-84	6.05598e-87	3.31337e-89	1.74355e-91	8.83565e-94	4.31717e-96	2.03612e-98	9.27905e-101	4.09005e-103	1.74534e-105	7.2166e-108	2.90491e-110	2.90491e-110	
1.80703e-110	1.80703e-110	4.61417e-108	1.14778e-105	2.76873e-103	6.47147e-101	1.46436e-98	3.20488e-96	6.7775e-94	1.38346e-91	2.72279e-89	5.16055e-87	9.40701e-85	1.64696e-82	2.76529e-80	4.44559e-78	6.83107e-76	1.00137e-73	1.39747e-71	1.85246e-69	2.3266e-67	2.76094e-65	3.08614e-63	3.23816e-61	3.17698e-59	2.90169e-57	2.45479e-55	1.91238e-53	1.36265e-51	8.80975e-50	5.11849e-48	2.64154e-46	1.19355e-44	4.63638e-43	1.51235e-41	4.01611e-40	8.33307e-39	1.28292e-37	1.39933e-36	1.11924e-35	6.98273e-35	1.11924e-35	1.39933e-36	1.28292e-37	8.33307e-39	4.01611e-40	1.51235e-41	4.63638e-43	1.19355e-44	2.64154e-46	5.11849e-48	8.80975e-50	1.36265e-51	1.91238e-53	2.45479e-55	2.90169e-57	3.17698e-59	3.23816e-61	3.08614e-63	2.76094e-65	2.3266e-67	1.85246e-69	1.39747e-71	1.00137e-73	6.83107e-76	4.44559e-78	2.76529e-80	1.64696e-82	9.40701e-85	5.16055e-87	2.72279e-89	1.38346e-91	6.77751e-94	3.20488e-96	1.46436e-98	6.47147e-101	2.76873e-103	1.14778e-105	4.63218e-108	4.63218e-108	
2.75658e-108	2.75658e-108	7.02058e-106	1.74186e-103	4.19089e-101	9.77006e-99	2.20499e-96	4.81317e-94	1.01519e-91	2.06677e-89	4.05684e-87	7.66847e-85	1.39411e-82	2.4342e-80	4.076e-78	6.53481e-76	1.00137e-73	1.46383e-71	2.03713e-69	2.69273e-67	3.37224e-65	3.99019e-63	4.44707e-61	4.6522e-59	4.55046e-57	4.1433e-55	3.49411e-53	2.71327e-51	1.92689e-49	1.24149e-47	7.18734e-46	3.69535e-44	1.66306e-42	6.43238e-41	2.0881e-39	5.51378e-38	1.13592e-36	1.73134e-35	1.85954e-34	1.45857e-33	9.05706e-33	1.45857e-33	1.85954e-34	1.73134e-35	1.13592e-36	5.51378e-38	2.0881e-39	6.43238e-41	1.66306e-42	3.69535e-44	7.18734e-46	1.24149e-47	1.92689e-49	2.71327e-51	3.49411e-53	4.1433e-55	4.55046e-57	4.6522e-59	4.44707e-61	3.99019e-63	3.37224e-65	2.69273e-67	2.03713e-69	1.46383e-71	1.00137e-73	6.53481e-76	4.076e-78	2.4342e-80	1.39411e-82	7.66847e-85	4.05684e-87	2.06677e-89	1.01519e-91	4.81317e-94	2.20499e-96	9.77006e-99	4.19089e-101	1.74186e-103	7.04805e-106	7.04805e-106	
4.00424e-106	4.00424e-106	1.01716e-103	2.51711e-101	6.04036e-99	1.40448e-96	3.16144e-94	6.88281e-92	1.44787e-89	2.93984e-87	5.75516e-85	1.08495e-82	1.9671e-80	3.42534e-78	5.71994e-76	9.14516e-74	1.39747e-71	2.03713e-69	2.82694e-67	3.72601e-65	4.65276e-63	5.48918e-61	6.09948e-59	6.36152e-57	6.20324e-55	5.63045e-53	4.733e-51	3.66319e-49	2.59269e-47	1.6646e-45	9.60166e-44	4.91772e-42	2.20415e-40	8.48742e-39	2.74157e-37	7.19728e-36	1.47185e-34	2.22014e-33	2.3463e-32	1.80229e-31	1.11358e-30	1.80229e-31	2.3463e-32	2.22014e-33	1.47185e-34	7.19728e-36	2.74157e-37	8.48742e-39	2.20415e-40	4.91772e-42	9.60166e-44	1.6646e-45	2.59269e-47	3.66319e-49	4.733e-51	5.63045e-53	6.20324e-55	6.36152e-57	6.09948e-59	5.48918e-61	4.65276e-63	3.72601e-65	2.82694e-67	2.03713e-69	1.39747e-71	9.14516e-74	5.71994e-76	3.42534e-78	1.9671e-80	1.08495e-82	5.75516e-85	2.93984e-87	1.44787e-89	6.88281e-92	3.16144e-94	1.40449e-96	6.04036e-99	2.51711e-101	1.02115e-103	1.02115e-103	
5.52631e-104	5.52631e-104	1.40014e-101	3.45579e-99	8.27125e-97	1.91815e-94	4.30632e-92	9.35051e-90	1.96175e-87	3.9726e-85	7.75605e-83	1.45821e-80	2.63665e-78	4.57866e-76	7.62477e-74	1.21567e-71	1.85246e-69	2.69273e-67	3.72601e-65	4.89679e-63	6.09679e-61	7.17142e-59	7.94467e-57	8.26052e-55	8.02978e-53	7.26503e-51	6.08706e-49	4.69535e-47	3.3117e-45	2.11859e-43	1.21746e-41	6.21094e-40	2.77208e-38	1.06256e-36	3.41469e-35	8.9106e-34	1.80838e-32	2.69846e-31	2.80378e-30	2.10584e-29	1.29426e-28	2.10584e-29	2.80378e-30	2.69846e-31	1.80838e-32	8.9106e-34	3.41469e-35	1.06256e-36	2.77208e-38	6.21094e-40	1.21746e-41	2.11859e-43	3.3117e-45	4.69535e-47	6.08706e-49	7.26503e-51	8.02978e-53	8.26052e-55	7.94467e-57	7.17142e-59	6.09679e-61	4.89679e-63	3.72601e-65	2.69273e-67	1.85246e-69	1.21567e-71	7.62477e-74	4.57866e-76	2.63665e-78	1.45821e-80	7.75606e-83	3.9726e-85	1.96175e-87	9.35052e-90	4.30632e-92	1.91816e-94	8.27126e-97	3.4558e-99	1.40565e-101	1.40565e-101	
7.22837e-102	7.22837e-102	1.82657e-99	4.49649e-97	1.07338e-94	2.48267e-92	5.5589e-90	1.20382e-87	2.51887e-85	5.08706e-83	9.90504e-81	1.85717e-78	3.34883e-76	5.79932e-74	9.63063e-72	1.53117e-69	2.3266e-67	3.37224e-65	4.65276e-63	6.09679e-61	7.5683e-59	8.87541e-57	9.80223e-55	1.01601e-52	9.84479e-51	8.87816e-49	7.41377e-47	5.69908e-45	4.00537e-43	2.55291e-41	1.4614e-39	7.42513e-38	3.29963e-36	1.25881e-34	4.02395e-33	1.04352e-31	2.10109e-30	3.10017e-29	3.1641e-28	2.31954e-27	1.41754e-26	2.31954e-27	3.1641e-28	3.10017e-29	2.10109e-30	1.04352e-31	4.02395e-33	1.25881e-34	3.29963e-36	7.42513e-38	1.4614e-39	2.55291e-41	4.00537e-43	5.69908e-45	7.41377e-47	8.87816e-49	9.84479e-51	1.01601e-52	9.80223e-55	8.87541e-57	7.5683e-59	6.09679e-61	4.65276e-63	3.37224e-65	2.3266e-67	1.53117e-69	9.63063e-72	5.79932e-74	3.34883e-76	1.85717e-78	9.90504e-81	5.08706e-83	2.51887e-85	1.20382e-87	5.5589e-90	2.48267e-92	1.07338e-94	4.4965e-97	1.83378e-99	1.83378e-99	
8.93608e-100	8.93608e-100	2.25215e-97	5.52954e-95	1.3165e-92	3.03689e-90	6.78172e-88	1.46469e-85	3.05647e-83	6.15606e-81	1.19538e-78	2.23516e-76	4.01926e-74	6.94093e-72	1.1494e-69	1.82224e-67	2.76094e-65	3.99019e-63	5.48918e-61	7.17142e-59	8.87541e-57	1.03764e-54	1.14241e-52	1.18035e-50	1.14001e-48	1.02465e-46	8.52715e-45	6.53186e-43	4.57393e-41	2.90425e-39	1.65592e-37	8.37819e-36	3.70645e-34	1.40708e-32	4.47322e-31	1.15252e-29	2.30153e-28	3.35629e-27	3.36142e-26	2.40034e-25	1.45796e-24	2.40034e-25	3.36142e-26	3.35629e-27	2.30153e-28	1.15252e-29	4.47322e-31	1.40708e-32	3.70645e-34	8.37819e-36	1.65592e-37	2.90425e-39	4.57393e-41	6.53186e-43	8.52715e-45	1.02465e-46	1.14001e-48	1.18035e-50	1.14241e-52	1.03764e-54	8.87541e-57	7.17142e-59	5.48918e-61	3.99019e-63	2.76094e-65	1.82225e-67	1.1494e-69	6.94094e-72	4.01926e-74	2.23516e-76	1.19538e-78	6.15606e-81	3.05647e-83	1.46469e-85	6.78173e-88	3.0369e-90	1.3165e-92	5.52955e-95	2.26106e-97	2.26106e-97	
1.04096e-97	1.04096e-97	2.61656e-95	6.40722e-93	1.5214e-90	3.50018e-88	7.7953e-86	1.67906e-83	3.49428e-81	7.01863e-79	1.35913e-76	2.53429e-74	4.54443e-72	7.82575e-70	1.29224e-67	2.04281e-65	3.08614e-63	4.44707e-61	6.09948e-59	7.94467e-57	9.80223e-55	1.14241e-52	1.25377e-50	1.2912e-48	1.24292e-46	1.11335e-44	9.23282e-43	7.04682e-41	4.91602e-39	3.10926e-37	1.76554e-35	8.89398e-34	3.91629e-32	1.47917e-30	4.67543e-29	1.19649e-27	2.36885e-26	3.41224e-25	3.34981e-24	2.32467e-23	1.40263e-22	2.32467e-23	3.34981e-24	3.41224e-25	2.36885e-26	1.19649e-27	4.67543e-29	1.47917e-30	3.91629e-32	8.89398e-34	1.76554e-35	3.10926e-37	4.91602e-39	7.04682e-41	9.23282e-43	1.11335e-44	1.24292e-46	1.2912e-48	1.25377e-50	1.14241e-52	9.80223e-55	7.94467e-57	6.09948e-59	4.44707e-61	3.08614e-63	2.04281e-65	1.29224e-67	7.82576e-70	4.54444e-72	2.53429e-74	1.35913e-76	7.01864e-79	3.49429e-81	1.67906e-83	7.79532e-86	3.50019e-88	1.5214e-90	6.40724e-93	2.62694e-95	2.62694e-95	
1.13872e-95	1.13872e-95	2.85467e-93	6.97163e-91	1.65098e-88	3.78808e-86	8.41364e-84	1.80731e-81	3.75088e-79	7.51325e-77	1.45087e-74	2.69777e-72	4.82393e-70	8.28338e-68	1.36387e-65	2.14977e-63	3.23816e-61	4.6522e-59	6.36152e-57	8.26052e-55	1.01601e-52	1.18035e-50	1.2912e-48	1.32534e-46	1.27144e-44	1.13491e-42	9.37776e-41	7.13077e-39	4.95533e-37	3.12144e-35	1.76491e-33	8.85065e-32	3.87826e-30	1.457e-28	4.57772e-27	1.16319e-25	2.28221e-24	3.2452e-23	3.11884e-22	2.09782e-21	1.25653e-20	2.09782e-21	3.11884e-22	3.2452e-23	2.28221e-24	1.16319e-25	4.57772e-27	1.457e-28	3.87826e-30	8.85065e-32	1.76491e-33	3.12144e-35	4.95533e-37	7.13077e-39	9.37776e-41	1.13491e-42	1.27144e-44	1.32534e-46	1.2912e-48	1.18035e-50	1.01601e-52	8.26053e-55	6.36152e-57	4.6522e-59	3.23816e-61	2.14977e-63	1.36387e-65	8.28339e-68	4.82393e-70	2.69778e-72	1.45087e-74	7.51327e-77	3.75089e-79	1.80731e-81	8.41367e-84	3.7881e-86	1.65099e-88	6.97167e-91	2.86603e-93	2.86603e-93	
1.16531e-93	1.16531e-93	2.91346e-91	7.09608e-89	1.67591e-86	3.83483e-84	8.4942e-82	1.8196e-79	3.76593e-77	7.52237e-75	1.44854e-72	2.68583e-70	4.78883e-68	8.19937e-66	1.3461e-63	2.11549e-61	3.17698e-59	4.55046e-57	6.20324e-55	8.02978e-53	9.84479e-51	1.14001e-48	1.24292e-46	1.27144e-44	1.21548e-42	1.08106e-40	8.89961e-39	6.74114e-37	4.66579e-35	2.92671e-33	1.64747e-31	8.22272e-30	3.58476e-28	1.33921e-26	4.18102e-25	1.05446e-23	2.04925e-22	2.87441e-21	2.70057e-20	1.75514e-19	1.04279e-18	1.75514e-19	2.70057e-20	2.87441e-21	2.04925e-22	1.05446e-23	4.18102e-25	1.33921e-26	3.58476e-28	8.22272e-30	1.64747e-31	2.92671e-33	4.66579e-35	6.74114e-37	8.89961e-39	1.08106e-40	1.21548e-42	1.27144e-44	1.24292e-46	1.14001e-48	9.8448e-51	8.02978e-53	6.20324e-55	4.55046e-57	3.17699e-59	2.11549e-61	1.3461e-63	8.19938e-66	4.78884e-68	2.68584e-70	1.44855e-72	7.5224e-75	3.76595e-77	1.81961e-79	8.49425e-82	3.83485e-84	1.67592e-86	7.09614e-89	2.92509e-91	2.92509e-91	
1.11075e-91	1.11075e-91	2.76953e-89	6.72719e-87	1.58445e-84	3.6156e-82	7.98649e-80	1.70608e-77	3.5211e-75	7.01349e-73	1.34671e-70	2.48984e-68	4.4265e-66	7.55677e-64	1.23692e-61	1.93807e-59	2.90169e-57	4.1433e-55	5.63045e-53	7.26503e-51	8.87816e-49	1.02465e-46	1.11335e-44	1.13491e-42	1.08106e-40	9.57939e-39	7.85577e-37	5.92673e-35	4.08501e-33	2.55118e-31	1.42943e-29	7.09911e-28	3.07833e-26	1.14321e-24	3.54524e-23	8.87038e-22	1.70653e-20	2.35922e-19	2.16332e-18	1.35354e-17	7.96899e-17	1.35354e-17	2.16332e-18	2.35922e-19	1.70653e-20	8.87038e-22	3.54524e-23	1.14321e-24	3.07833e-26	7.09911e-28	1.42943e-29	2.55118e-31	4.08501e-33	5.92673e-35	7.85577e-37	9.57939e-39	1.08106e-40	1.13491e-42	1.11335e-44	1.02465e-46	8.87817e-49	7.26504e-51	5.63046e-53	4.14331e-55	2.90169e-57	1.93808e-59	1.23693e-61	7.5568e-64	4.42652e-66	2.48985e-68	1.34672e-70	7.01354e-73	3.52113e-75	1.70609e-77	7.98656e-80	3.61564e-82	1.58447e-84	6.72727e-87	2.78063e-89	2.78063e-89	
9.81283e-90	9.81283e-90	2.44001e-87	5.91052e-85	1.38826e-82	3.1591e-80	6.95861e-78	1.48232e-75	3.05061e-73	6.05894e-71	1.16006e-68	2.1385e-66	3.79067e-64	6.45201e-62	1.0529e-59	1.64469e-57	2.45479e-55	3.49411e-53	4.733e-51	6.08706e-49	7.41377e-47	8.52715e-45	9.23282e-43	9.37776e-41	8.89961e-39	7.85577e-37	6.41662e-35	4.82087e-33	3.30834e-31	2.05666e-29	1.14674e-27	5.66539e-26	2.44269e-24	9.01457e-23	2.77557e-21	6.88589e-20	1.31049e-18	1.78384e-17	1.59343e-16	9.55637e-16	5.56835e-15	9.55637e-16	1.59343e-16	1.78384e-17	1.31049e-18	6.88589e-20	2.77557e-21	9.01457e-23	2.44269e-24	5.66539e-26	1.14674e-27	2.05666e-29	3.30834e-31	4.82087e-33	6.41662e-35	7.85577e-37	8.89961e-39	9.37776e-41	9.23282e-43	8.52715e-45	7.41377e-47	6.08706e-49	4.73301e-51	3.49412e-53	2.45479e-55	1.6447e-57	1.05291e-59	6.45204e-62	3.7907e-64	2.13851e-66	1.16007e-68	6.059e-71	3.05064e-73	1.48234e-75	6.95871e-78	3.15915e-80	1.38828e-82	5.91063e-85	2.44983e-87	2.44983e-87	
7.9891e-88	7.9891e-88	1.98101e-85	4.78532e-83	1.12083e-80	2.54335e-78	5.58638e-76	1.1866e-73	2.43498e-71	4.82215e-69	9.20546e-67	1.69193e-64	2.99009e-62	5.07387e-60	8.25452e-58	1.28537e-55	1.91238e-53	2.71327e-51	3.66319e-49	4.69535e-47	5.69908e-45	6.53186e-43	7.04682e-41	7.13077e-39	6.74114e-37	5.92673e-35	4.82087e-33	3.60625e-31	2.4635e-29	1.52407e-27	8.45402e-26	4.1535e-24	1.77999e-22	6.52475e-21	1.99356e-19	4.90072e-18	9.21874e-17	1.23406e-15	1.07146e-14	6.12743e-14	3.5278e-13	6.12743e-14	1.07146e-14	1.23406e-15	9.21874e-17	4.90072e-18	1.99356e-19	6.52475e-21	1.77999e-22	4.1535e-24	8.45402e-26	1.52407e-27	2.4635e-29	3.60625e-31	4.82087e-33	5.92673e-35	6.74115e-37	7.13078e-39	7.04683e-41	6.53187e-43	5.69908e-45	4.69536e-47	3.66321e-49	2.71328e-51	1.91239e-53	1.28538e-55	8.25458e-58	5.07392e-60	2.99012e-62	1.69195e-64	9.20559e-67	4.82222e-69	2.43503e-71	1.18663e-73	5.5865e-76	2.54341e-78	1.12085e-80	4.78546e-83	1.98903e-85	1.98903e-85	
5.95452e-86	5.95452e-86	1.47234e-83	3.54652e-81	8.28306e-79	1.87418e-76	4.10468e-74	8.69334e-72	1.77868e-69	3.51198e-67	6.68425e-65	1.22481e-62	2.15792e-60	3.65038e-58	5.91993e-56	9.18877e-54	1.36265e-51	1.92689e-49	2.59269e-47	3.3117e-45	4.00537e-43	4.57393e-41	4.91602e-39	4.95533e-37	4.66579e-35	4.08501e-33	3.30834e-31	2.4635e-29	1.67477e-27	1.03081e-25	5.6866e-24	2.77729e-22	1.18247e-20	4.30303e-19	1.3038e-17	3.17333e-16	5.89398e-15	7.7478e-14	6.52108e-13	3.53352e-12	2.00581e-11	3.53352e-12	6.52108e-13	7.7478e-14	5.89398e-15	3.17333e-16	1.3038e-17	4.30303e-19	1.18247e-20	2.77729e-22	5.6866e-24	1.03081e-25	1.67477e-27	2.4635e-29	3.30834e-31	4.08501e-33	4.66579e-35	4.95533e-37	4.91603e-39	4.57394e-41	4.00538e-43	3.31171e-45	2.5927e-47	1.92691e-49	1.36267e-51	9.18887e-54	5.92001e-56	3.65043e-58	2.15796e-60	1.22484e-62	6.68441e-65	3.51208e-67	1.77874e-69	8.69362e-72	4.10483e-74	1.87425e-76	8.28341e-79	3.54668e-81	1.47834e-83	1.47834e-83	
4.0314e-84	4.0314e-84	9.9395e-82	2.38728e-79	5.55939e-77	1.25422e-74	2.73877e-72	5.78318e-70	1.17969e-67	2.3222e-65	4.40619e-63	8.04871e-61	1.41358e-58	2.38358e-56	3.85297e-54	5.96072e-52	8.80975e-50	1.24149e-47	1.6646e-45	2.11859e-43	2.55291e-41	2.90425e-39	3.10926e-37	3.12144e-35	2.92671e-33	2.55118e-31	2.05666e-29	1.52407e-27	1.03081e-25	6.30997e-24	3.46052e-22	1.67929e-20	7.09943e-19	2.56304e-17	7.69508e-16	1.85246e-14	3.39276e-13	4.37143e-12	3.55507e-11	1.81094e-10	1.01057e-09	1.81094e-10	3.55507e-11	4.37143e-12	3.39276e-13	1.85246e-14	7.69508e-16	2.56304e-17	7.09943e-19	1.67929e-20	3.46052e-22	6.30997e-24	1.03081e-25	1.52407e-27	2.05666e-29	2.55118e-31	2.92671e-33	3.12145e-35	3.10927e-37	2.90426e-39	2.55293e-41	2.11861e-43	1.66462e-45	1.2415e-47	8.8099e-50	5.96085e-52	3.85306e-54	2.38365e-56	1.41362e-58	8.049e-61	4.40636e-63	2.32231e-65	1.17975e-67	5.78349e-70	2.73893e-72	1.2543e-74	5.55976e-77	2.38745e-79	9.98041e-82	9.98041e-82	
2.45638e-82	2.45638e-82	6.03837e-80	1.446e-77	3.35733e-75	7.55143e-73	1.64396e-70	3.46072e-68	7.03755e-66	1.38098e-63	2.61199e-61	4.75594e-59	8.32553e-57	1.39921e-54	2.25416e-52	3.47534e-50	5.11849e-48	7.18734e-46	9.60166e-44	1.21746e-41	1.4614e-39	1.65592e-37	1.76554e-35	1.76491e-33	1.64747e-31	1.42943e-29	1.14674e-27	8.45402e-26	5.6866e-24	3.46052e-22	1.88576e-20	9.08738e-19	3.81213e-17	1.36423e-15	4.05438e-14	9.6412e-13	1.73823e-11	2.18997e-10	1.71378e-09	8.12575e-09	4.43917e-08	8.12575e-09	1.71378e-09	2.18997e-10	1.73823e-11	9.6412e-13	4.05438e-14	1.36423e-15	3.81213e-17	9.08738e-19	1.88576e-20	3.46052e-22	5.6866e-24	8.45402e-26	1.14674e-27	1.42943e-29	1.64748e-31	1.76492e-33	1.76555e-35	1.65594e-37	1.46142e-39	1.21748e-41	9.60188e-44	7.18754e-46	5.11866e-48	3.47547e-50	2.25426e-52	1.39928e-54	8.326e-57	4.75624e-59	2.61217e-61	1.38109e-63	7.03813e-66	3.46103e-68	1.64411e-70	7.5522e-73	3.35769e-75	1.44617e-77	6.06357e-80	6.06357e-80	
1.33202e-80	1.33202e-80	3.2644e-78	7.79323e-76	1.80383e-73	4.04458e-71	8.77736e-69	1.84185e-66	3.73343e-64	7.30227e-62	1.37659e-59	2.49812e-57	4.35823e-55	7.29925e-53	1.17179e-50	1.80013e-48	2.64154e-46	3.69535e-44	4.91772e-42	6.21094e-40	7.42513e-38	8.37819e-36	8.89398e-34	8.85065e-32	8.22272e-30	7.09911e-28	5.66539e-26	4.1535e-24	2.77729e-22	1.67929e-20	9.08738e-19	4.34557e-17	1.80732e-15	6.40455e-14	1.88162e-12	4.41238e-11	7.81343e-10	9.59488e-09	7.18622e-08	3.13094e-07	1.66429e-06	3.13094e-07	7.18622e-08	9.59488e-09	7.81343e-10	4.41238e-11	1.88162e-12	6.40455e-14	1.80732e-15	4.34557e-17	9.08738e-19	1.67929e-20	2.77729e-22	4.1535e-24	5.66539e-26	7.09913e-28	8.22277e-30	8.85074e-32	8.89412e-34	8.37837e-36	7.42535e-38	6.21117e-40	4.91795e-42	3.69555e-44	2.64171e-46	1.80026e-48	1.17189e-50	7.29992e-53	4.35868e-55	2.4984e-57	1.37676e-59	7.30323e-62	3.73396e-64	1.84213e-66	8.77876e-69	4.04527e-71	1.80415e-73	7.7947e-76	3.27832e-78	3.27832e-78	
6.34092e-79	6.34092e-79	1.549e-76	3.6861e-74	8.50418e-72	1.90057e-69	4.11086e-67	8.5974e-65	1.73679e-62	3.38534e-60	6.35968e-58	1.15003e-55	1.99914e-53	3.33597e-51	5.33551e-49	8.16541e-47	1.19355e-44	1.66306e-42	2.20415e-40	2.77208e-38	3.29963e-36	3.70645e-34	3.91629e-32	3.87826e-30	3.58476e-28	3.07833e-26	2.44269e-24	1.77999e-22	1.18247e-20	7.09943e-19	3.81213e-17	1.80732e-15	7.4439e-14	2.60851e-12	7.56284e-11	1.74491e-09	3.02542e-08	3.60498e-07	2.5649e-06	1.00938e-05	5.17077e-05	1.00938e-05	2.5649e-06	3.60498e-07	3.02542e-08	1.74491e-09	7.56284e-11	2.60851e-12	7.4439e-14	1.80732e-15	3.81213e-17	7.09943e-19	1.18247e-20	1.77999e-22	2.4427e-24	3.07835e-26	3.58482e-28	3.87836e-30	3.91644e-32	3.70664e-34	3.29985e-36	2.77231e-38	2.20436e-40	1.66325e-42	1.19371e-44	8.16658e-47	5.33636e-49	3.33656e-51	1.99952e-53	1.15026e-55	6.36108e-58	3.38614e-60	1.73722e-62	8.59966e-65	4.112e-67	1.90112e-69	8.50676e-72	3.68726e-74	1.55583e-76	1.55583e-76	
2.60519e-77	2.60519e-77	6.34237e-75	1.50407e-72	3.45799e-70	7.70104e-68	1.6598e-65	3.45881e-63	6.96184e-61	1.352e-58	2.53036e-56	4.55828e-54	7.89323e-52	1.31196e-49	2.08991e-47	3.18525e-45	4.63638e-43	6.43238e-41	8.48742e-39	1.06256e-36	1.25881e-34	1.40708e-32	1.47917e-30	1.457e-28	1.33921e-26	1.14321e-24	9.01457e-23	6.52475e-21	4.30303e-19	2.56304e-17	1.36423e-15	6.40455e-14	2.60851e-12	9.02237e-11	2.57532e-09	5.82752e-08	9.8493e-07	1.13126e-05	7.56246e-05	0.000262474	0.00127484	0.000262474	7.56246e-05	1.13126e-05	9.8493e-07	5.82752e-08	2.57532e-09	9.02237e-11	2.60851e-12	6.40455e-14	1.36423e-15	2.56304e-17	4.30303e-19	6.52478e-21	9.01466e-23	1.14324e-24	1.33927e-26	1.45711e-28	1.47931e-30	1.40726e-32	1.259e-34	1.06275e-36	8.48918e-39	6.43389e-41	4.63759e-43	3.18616e-45	2.09056e-47	1.3124e-49	7.89608e-52	4.56003e-54	2.53139e-56	1.35258e-58	6.96499e-61	3.46045e-63	1.66062e-65	7.70499e-68	3.45984e-70	1.5049e-72	6.37194e-75	6.37194e-75	
9.04233e-76	9.04233e-76	2.19309e-73	5.18117e-71	1.18664e-68	2.63245e-66	5.65148e-64	1.17303e-61	2.35156e-59	4.54813e-57	8.47685e-55	1.52061e-52	2.62184e-50	4.33878e-48	6.88063e-46	1.04389e-43	1.51235e-41	2.0881e-39	2.74157e-37	3.41469e-35	4.02395e-33	4.47322e-31	4.67543e-29	4.57772e-27	4.18102e-25	3.54524e-23	2.77557e-21	1.99356e-19	1.3038e-17	7.69508e-16	4.05438e-14	1.88162e-12	7.56284e-11	2.57532e-09	7.21263e-08	1.59327e-06	2.60724e-05	0.000285626	0.00176235	0.00520825	0.0232487	0.00520825	0.00176235	0.000285626	2.60724e-05	1.59327e-06	7.21263e-08	2.57532e-09	7.56284e-11	1.88162e-12	4.05438e-14	7.69509e-16	1.30381e-17	1.99358e-19	2.77566e-21	3.5455e-23	4.18155e-25	4.57858e-27	4.67661e-29	4.47461e-31	4.02543e-33	3.41611e-35	2.74284e-37	2.08916e-39	1.51319e-41	1.04451e-43	6.88502e-46	4.34171e-48	2.62371e-50	1.52176e-52	8.48351e-55	4.55186e-57	2.35356e-59	1.17406e-61	5.65664e-64	2.63493e-66	1.18779e-68	5.18633e-71	2.20434e-73	2.20434e-73	
2.58067e-74	2.58067e-74	6.23202e-72	1.46591e-69	3.34257e-67	7.3821e-65	1.57766e-62	3.25958e-60	6.50403e-58	1.25198e-55	2.32223e-53	4.14529e-51	7.11156e-49	1.17086e-46	1.84712e-44	2.78737e-42	4.01611e-40	5.51378e-38	7.19728e-36	8.9106e-34	1.04352e-31	1.15252e-29	1.19649e-27	1.16319e-25	1.05446e-23	8.87038e-22	6.88589e-20	4.90072e-18	3.17333e-16	1.85246e-14	9.6412e-13	4.41238e-11	1.74491e-09	5.82752e-08	1.59327e-06	3.41115e-05	0.000534514	0.00548255	0.0302053	0.0718536	0.274706	0.0718536	0.0302053	0.00548255	0.000534514	3.41115e-05	1.59327e-06	5.82752e-08	1.74491e-09	4.41238e-11	9.6412e-13	1.85247e-14	3.17336e-16	4.90089e-18	6.88651e-20	8.87214e-22	1.05482e-23	1.16378e-25	1.19729e-27	1.15345e-29	1.04447e-31	8.91957e-34	7.2051e-36	5.52018e-38	4.02105e-40	2.79099e-42	1.84963e-44	1.17252e-46	7.12207e-49	4.15164e-51	2.3259e-53	1.25403e-55	6.51495e-58	3.2652e-60	1.58044e-62	7.39542e-65	3.34872e-67	1.46866e-69	6.26968e-72	6.26968e-72	
5.85678e-73	5.85678e-73	1.40689e-70	3.29169e-68	7.46515e-66	1.63964e-63	3.48459e-61	7.15862e-59	1.42015e-56	2.71762e-54	5.01051e-52	8.88926e-50	1.51548e-47	2.47915e-45	3.88541e-43	5.82381e-41	8.33307e-39	1.13592e-36	1.47185e-34	1.80838e-32	2.10109e-30	2.30153e-28	2.36885e-26	2.28221e-24	2.04925e-22	1.70653e-20	1.31049e-18	9.21874e-17	5.89398e-15	3.39276e-13	1.73823e-11	7.81343e-10	3.02542e-08	9.8493e-07	2.60724e-05	0.000534514	0.00786225	0.0727229	0.332067	0.576213	1.55665	0.576213	0.332067	0.0727229	0.00786225	0.000534514	2.60724e-05	9.8493e-07	3.02542e-08	7.81343e-10	1.73823e-11	3.39278e-13	5.89413e-15	9.2195e-17	1.3108e-18	1.7074e-20	2.05105e-22	2.28525e-24	2.37313e-26	2.30649e-28	2.10609e-30	1.81297e-32	1.47578e-34	1.13908e-36	8.3571e-39	5.84116e-41	3.89734e-43	2.48698e-45	1.52039e-47	8.91867e-50	5.02743e-52	2.72698e-54	1.42512e-56	7.18408e-59	3.49716e-61	1.64563e-63	7.49274e-66	3.30398e-68	1.41805e-70	1.41805e-70	
1.01821e-71	1.01821e-71	2.42907e-69	5.64355e-67	1.27077e-64	2.77079e-62	5.84477e-60	1.19161e-57	2.34559e-55	4.45285e-53	8.14286e-51	1.43257e-48	2.42135e-46	3.92609e-44	6.09722e-42	9.05354e-40	1.28292e-37	1.73134e-35	2.22014e-33	2.69846e-31	3.10017e-29	3.35629e-27	3.41224e-25	3.2452e-23	2.87441e-21	2.35922e-19	1.78384e-17	1.23406e-15	7.7478e-14	4.37143e-12	2.18997e-10	9.59488e-09	3.60498e-07	1.13126e-05	0.000285626	0.00548255	0.0727229	0.555219	1.71881	1.88992	2.0202	1.88992	1.71881	0.555219	0.0727229	0.00548255	0.000285626	1.13126e-05	3.60499e-07	9.59489e-09	2.18997e-10	4.37148e-12	7.74821e-14	1.23428e-15	1.78476e-17	2.36201e-19	2.88029e-21	3.25631e-23	3.42916e-25	3.37636e-27	3.12037e-29	2.71678e-31	2.23561e-33	1.74363e-35	1.29218e-37	9.11981e-40	6.14242e-42	3.95553e-44	2.43968e-46	1.4435e-48	8.20547e-51	4.48729e-53	2.36381e-55	1.2009e-57	5.89046e-60	2.79248e-62	1.28072e-64	5.68777e-67	2.4583e-69	2.4583e-69	
1.31958e-70	1.31958e-70	3.11946e-68	7.18021e-66	1.60132e-63	3.45716e-61	7.21862e-59	1.4563e-56	2.83561e-54	5.32294e-52	9.62136e-50	1.67238e-47	2.79152e-45	4.4678e-43	6.84516e-41	1.00217e-38	1.39933e-36	1.85954e-34	2.3463e-32	2.80378e-30	3.1641e-28	3.36142e-26	3.34981e-24	3.11884e-22	2.70057e-20	2.16332e-18	1.59343e-16	1.07146e-14	6.52108e-13	3.55507e-11	1.71378e-09	7.18622e-08	2.5649e-06	7.56246e-05	0.00176235	0.0302053	0.332067	1.71881	2.03084	2.0646	2.07515	2.0646	2.03084	1.71881	0.332067	0.0302053	0.00176235	7.56246e-05	2.5649e-06	7.18623e-08	1.71379e-09	3.55515e-11	6.52172e-13	1.07184e-14	1.59513e-16	2.16882e-18	2.71257e-20	3.14679e-22	3.3975e-24	3.42013e-26	3.22368e-28	2.85776e-30	2.39161e-32	1.89535e-34	1.42615e-36	1.02126e-38	6.97471e-41	4.55171e-43	2.84351e-45	1.70325e-47	9.79719e-50	5.41921e-52	2.88633e-54	1.48204e-56	7.3447e-59	3.51678e-61	1.62858e-63	7.30082e-66	3.1845e-68	3.1845e-68	
1.28184e-69	1.28184e-69	3.00203e-67	6.84348e-65	1.51098e-62	3.2282e-60	6.66756e-58	1.32992e-55	2.55895e-53	4.74416e-51	8.46389e-49	1.45112e-46	2.38737e-44	3.76298e-42	5.67272e-40	8.16365e-38	1.11924e-35	1.45857e-33	1.80229e-31	2.10584e-29	2.31954e-27	2.40034e-25	2.32467e-23	2.09782e-21	1.75514e-19	1.35354e-17	9.55637e-16	6.12743e-14	3.53352e-12	1.81094e-10	8.12575e-09	3.13094e-07	1.00938e-05	0.000262474	0.00520825	0.0718536	0.576213	1.88992	2.0646	2.07796	2.07906	2.07796	2.0646	1.88992	0.576213	0.0718536	0.00520825	0.000262474	1.00938e-05	3.13095e-07	8.12584e-09	1.81104e-10	3.53427e-12	6.13205e-14	9.57788e-16	1.36051e-17	1.76816e-19	2.14412e-21	2.41597e-23	2.51751e-25	2.43992e-27	2.21505e-29	1.89372e-31	1.5305e-33	1.17281e-35	8.54275e-38	5.92829e-40	3.92746e-42	2.48863e-44	1.51085e-46	8.80204e-49	4.92817e-51	2.65533e-53	1.37857e-55	6.90452e-58	3.33969e-60	1.5617e-62	7.06684e-65	3.11049e-67	3.11049e-67	
8.43574e-69	8.43574e-69	1.96969e-66	4.47649e-64	9.85311e-62	2.09849e-59	4.3203e-57	8.58904e-55	1.64709e-52	3.04308e-50	5.40979e-48	9.24105e-46	1.51459e-43	2.37794e-41	3.57016e-39	5.11598e-37	6.98273e-35	9.05706e-33	1.11358e-30	1.29426e-28	1.41754e-26	1.45796e-24	1.40263e-22	1.25653e-20	1.04279e-18	7.96899e-17	5.56835e-15	3.5278e-13	2.00581e-11	1.01057e-09	4.43917e-08	1.66429e-06	5.17077e-05	0.00127484	0.0232487	0.274706	1.55665	2.0202	2.07515	2.07906	2.07929	2.07906	2.07515	2.0202	1.55665	0.274706	0.0232487	0.00127484	5.17077e-05	1.66429e-06	4.43915e-08	1.01055e-09	2.00564e-11	3.52671e-13	5.56155e-15	7.92081e-17	1.01789e-18	1.27747e-20	1.49519e-22	1.59113e-24	1.55664e-26	1.41935e-28	1.21669e-30	9.8549e-33	7.56751e-35	5.52366e-37	3.84118e-39	2.55012e-41	1.6193e-43	9.85185e-46	5.75197e-48	3.22747e-50	1.74279e-52	9.06804e-55	4.55176e-57	2.20658e-59	1.03415e-61	4.69017e-64	2.06908e-66	2.06908e-66	
