6.57909e-19	6.57909e-19	1.21008e-18	2.72821e-18	6.31041e-18	1.4429e-17	3.24017e-17	7.13669e-17	1.54115e-16	3.26211e-16	6.76624e-16	1.37495e-15	2.73659e-15	5.33344e-15	1.01759e-14	1.90019e-14	3.47194e-14	6.20564e-14	1.08476e-13	1.85395e-13	3.09724e-13	5.05656e-13	8.06548e-13	1.25659e-12	1.91178e-12	2.83962e-12	4.11679e-12	5.82418e-12	8.0388e-12	1.08227e-11	1.42095e-11	1.81903e-11	2.27006e-11	2.76121e-11	3.27312e-11	3.78062e-11	4.25455e-11	4.66436e-11	4.9813e-11	5.18184e-11	5.25048e-11	5.18184e-11	4.9813e-11	4.66436e-11	4.25455e-11	3.78062e-11	3.27312e-11	2.76121e-11	2.27006e-11	1.81903e-11	1.42095e-11	1.08227e-11	8.0388e-12	5.82418e-12	4.11679e-12	2.83962e-12	1.91178e-12	1.25659e-12	8.06548e-13	5.05656e-13	3.09724e-13	1.85395e-13	1.08476e-13	6.20564e-14	3.47194e-14	1.90019e-14	1.01759e-14	5.33344e-15	2.73659e-15	1.37495e-15	6.76624e-16	3.26211e-16	1.54117e-16	7.13706e-17	3.24114e-17	1.44542e-17	6.37455e-18	2.88842e-18	1.60283e-18	1.60283e-18	
6.57909e-19	6.57909e-19	1.21008e-18	2.72821e-18	6.31041e-18	1.4429e-17	3.24017e-17	7.13669e-17	1.54115e-16	3.26211e-16	6.76624e-16	1.37495e-15	2.73659e-15	5.33344e-15	1.01759e-14	1.90019e-14	3.47194e-14	6.20564e-14	1.08476e-13	1.85395e-13	3.09724e-13	5.05656e-13	8.06548e-13	1.25659e-12	1.91178e-12	2.83962e-12	4.11679e-12	5.82418e-12	8.0388e-12	1.08227e-11	1.42095e-11	1.81903e-11	2.27006e-11	2.76121e-11	3.27312e-11	3.78062e-11	4.25455e-11	4.66436e-11	4.9813e-11	5.18184e-11	5.25048e-11	5.18184e-11	4.9813e-11	4.66436e-11	4.25455e-11	3.78062e-11	3.27312e-11	2.76121e-11	2.27006e-11	1.81903e-11	1.42095e-11	1.08227e-11	8.0388e-12	5.82418e-12	4.11679e-12	2.83962e-12	1.91178e-12	1.25659e-12	8.06548e-13	5.05656e-13	3.09724e-13	1.85395e-13	1.08476e-13	6.20564e-14	3.47194e-14	1.90019e-14	1.01759e-14	5.33344e-15	2.73659e-15	1.37495e-15	6.76624e-16	3.26211e-16	1.54117e-16	7.13706e-17	3.24114e-17	1.44542e-17	6.37455e-18	2.88842e-18	1.60283e-18	1.60283e-18	
1.21008e-18	1.21008e-18	2.22538e-18	5.01661e-18	1.16023e-17	2.6527e-17	5.95652e-17	1.3119e-16	2.83293e-16	5.9963e-16	1.24375e-15	2.52745e-15	5.03062e-15	9.80495e-15	1.87087e-14	3.4939e-14	6.38461e-14	1.14132e-13	1.99533e-13	3.41078e-13	5.69915e-13	9.30627e-13	1.48471e-12	2.31367e-12	3.52086e-12	5.2309e-12	7.58548e-12	1.07342e-11	1.48196e-11	1.99567e-11	2.62083e-11	3.35585e-11	4.18887e-11	5.09623e-11	6.04215e-11	6.98015e-11	7.85627e-11	8.61395e-11	9.20003e-11	9.57086e-11	9.69781e-11	9.57086e-11	9.20003e-11	8.61395e-11	7.85627e-11	6.98015e-11	6.04215e-11	5.09623e-11	4.18887e-11	3.35585e-11	2.62083e-11	1.99567e-11	1.48196e-11	1.07342e-11	7.58548e-12	5.2309e-12	3.52086e-12	2.31367e-12	1.48471e-12	9.30627e-13	5.69915e-13	3.41078e-13	1.99533e-13	1.14132e-13	6.38461e-14	3.4939e-14	1.87087e-14	9.80495e-15	5.03062e-15	2.52745e-15	1.24375e-15	5.99631e-16	2.83296e-16	1.31197e-16	5.95831e-17	2.65734e-17	1.17204e-17	5.31129e-18	2.94769e-18	2.94769e-18	
2.72821e-18	2.72821e-18	5.01661e-18	1.13075e-17	2.61495e-17	5.97828e-17	1.34233e-16	2.95632e-16	6.38383e-16	1.35123e-15	2.80278e-15	5.69582e-15	1.13376e-14	2.20995e-14	4.21721e-14	7.8767e-14	1.43956e-13	2.57378e-13	4.50048e-13	7.69456e-13	1.28598e-12	2.1004e-12	3.35179e-12	5.22456e-12	7.9527e-12	1.18186e-11	1.71434e-11	2.42667e-11	3.35123e-11	4.51423e-11	5.93003e-11	7.59517e-11	9.48296e-11	1.15398e-10	1.36847e-10	1.58122e-10	1.77997e-10	1.95189e-10	2.08489e-10	2.16905e-10	2.19786e-10	2.16905e-10	2.08489e-10	1.95189e-10	1.77997e-10	1.58122e-10	1.36847e-10	1.15398e-10	9.48296e-11	7.59517e-11	5.93003e-11	4.51423e-11	3.35123e-11	2.42667e-11	1.71434e-11	1.18186e-11	7.9527e-12	5.22456e-12	3.35179e-12	2.1004e-12	1.28598e-12	7.69456e-13	4.50048e-13	2.57378e-13	1.43956e-13	7.8767e-14	4.21721e-14	2.20995e-14	1.13376e-14	5.69582e-15	2.80278e-15	1.35123e-15	6.38388e-16	2.95648e-16	1.34273e-16	5.98874e-17	2.64156e-17	1.19719e-17	6.64496e-18	6.64496e-18	
6.31041e-18	6.31041e-18	1.16023e-17	2.61495e-17	6.04688e-17	1.38237e-16	3.10381e-16	6.83572e-16	1.4761e-15	3.12447e-15	6.4812e-15	1.31719e-14	2.62212e-14	5.11159e-14	9.75556e-14	1.82235e-13	3.3311e-13	5.95674e-13	1.0418e-12	1.78157e-12	2.97822e-12	4.86557e-12	7.76649e-12	1.21093e-11	1.84379e-11	2.7409e-11	3.97704e-11	5.63128e-11	7.77922e-11	1.04821e-10	1.37738e-10	1.76465e-10	2.20386e-10	2.68256e-10	3.18189e-10	3.6773e-10	4.14023e-10	4.54072e-10	4.8506e-10	5.04671e-10	5.11385e-10	5.04671e-10	4.8506e-10	4.54072e-10	4.14023e-10	3.6773e-10	3.18189e-10	2.68256e-10	2.20386e-10	1.76465e-10	1.37738e-10	1.04821e-10	7.77922e-11	5.63128e-11	3.97704e-11	2.7409e-11	1.84379e-11	1.21093e-11	7.76649e-12	4.86557e-12	2.97822e-12	1.78157e-12	1.0418e-12	5.95674e-13	3.3311e-13	1.82235e-13	9.75556e-14	5.11159e-14	2.62212e-14	1.31719e-14	6.4812e-15	3.12447e-15	1.47612e-15	6.83607e-16	3.10474e-16	1.38479e-16	6.10844e-17	2.76863e-17	1.53685e-17	1.53685e-17	
1.4429e-17	1.4429e-17	2.6527e-17	5.97828e-17	1.38237e-16	3.16015e-16	7.09534e-16	1.56267e-15	3.37452e-15	7.14317e-15	1.48183e-14	3.01183e-14	5.99624e-14	1.16906e-13	2.23151e-13	4.16919e-13	7.62235e-13	1.36333e-12	2.38492e-12	4.07945e-12	6.82135e-12	1.11473e-11	1.77988e-11	2.77602e-11	4.22821e-11	6.28758e-11	9.12636e-11	1.29269e-10	1.78638e-10	2.40788e-10	3.16506e-10	4.05627e-10	5.06737e-10	6.16979e-10	7.32009e-10	8.46169e-10	9.52871e-10	1.0452e-09	1.11665e-09	1.16188e-09	1.17736e-09	1.16188e-09	1.11665e-09	1.0452e-09	9.52871e-10	8.46169e-10	7.32009e-10	6.16979e-10	5.06737e-10	4.05627e-10	3.16506e-10	2.40788e-10	1.78638e-10	1.29269e-10	9.12636e-11	6.28758e-11	4.22821e-11	2.77602e-11	1.77988e-11	1.11473e-11	6.82135e-12	4.07945e-12	2.38492e-12	1.36333e-12	7.62235e-13	4.16919e-13	2.23151e-13	1.16906e-13	5.99624e-14	3.01183e-14	1.48183e-14	7.14318e-15	3.37455e-15	1.56275e-15	7.09748e-16	3.16568e-16	1.39645e-16	6.32968e-17	3.51379e-17	3.51379e-17	
3.24017e-17	3.24017e-17	5.95652e-17	1.34233e-16	3.10381e-16	7.09534e-16	1.5931e-15	3.50873e-15	7.57732e-15	1.60408e-14	3.32791e-14	6.76473e-14	1.34696e-13	2.62652e-13	5.01437e-13	9.37034e-13	1.71351e-12	3.06551e-12	5.36402e-12	9.17784e-12	1.53511e-11	2.50946e-11	4.00819e-11	6.25364e-11	9.52852e-11	1.41748e-10	2.05824e-10	2.9165e-10	4.03188e-10	5.43669e-10	7.14898e-10	9.16525e-10	1.14537e-09	1.39499e-09	1.65555e-09	1.91422e-09	2.15606e-09	2.36538e-09	2.52739e-09	2.62995e-09	2.66506e-09	2.62995e-09	2.52739e-09	2.36538e-09	2.15606e-09	1.91422e-09	1.65555e-09	1.39499e-09	1.14537e-09	9.16525e-10	7.14898e-10	5.43669e-10	4.03188e-10	2.9165e-10	2.05824e-10	1.41748e-10	9.52852e-11	6.25364e-11	4.00819e-11	2.50946e-11	1.53511e-11	9.17784e-12	5.36402e-12	3.06551e-12	1.71351e-12	9.37034e-13	5.01437e-13	2.62652e-13	1.34696e-13	6.76473e-14	3.32791e-14	1.60408e-14	7.57739e-15	3.50891e-15	1.59358e-15	7.10778e-16	3.13542e-16	1.42124e-16	7.89007e-17	7.89007e-17	
7.13669e-17	7.13669e-17	1.3119e-16	2.95632e-16	6.83572e-16	1.56267e-15	3.50873e-15	7.72819e-15	1.66907e-14	3.53363e-14	7.33191e-14	1.49058e-13	2.96844e-13	5.78936e-13	1.10549e-12	2.06629e-12	3.77949e-12	6.76344e-12	1.18382e-11	2.02616e-11	3.39017e-11	5.54394e-11	8.85833e-11	1.38264e-10	2.10756e-10	3.13656e-10	4.5564e-10	6.45915e-10	8.93326e-10	1.2051e-09	1.58531e-09	2.03325e-09	2.5419e-09	3.09697e-09	3.6766e-09	4.25225e-09	4.79062e-09	5.25672e-09	5.61755e-09	5.846e-09	5.92422e-09	5.846e-09	5.61755e-09	5.25672e-09	4.79062e-09	4.25225e-09	3.6766e-09	3.09697e-09	2.5419e-09	2.03325e-09	1.58531e-09	1.2051e-09	8.93326e-10	6.45915e-10	4.5564e-10	3.13656e-10	2.10756e-10	1.38264e-10	8.85833e-11	5.54394e-11	3.39017e-11	2.02616e-11	1.18382e-11	6.76344e-12	3.77949e-12	2.06629e-12	1.10549e-12	5.78936e-13	2.96844e-13	1.49058e-13	7.33191e-14	3.53364e-14	1.66908e-14	7.72859e-15	3.50979e-15	1.56541e-15	6.90536e-16	3.13013e-16	1.73776e-16	1.73776e-16	
1.54115e-16	1.54115e-16	2.83293e-16	6.38383e-16	1.4761e-15	3.37452e-15	7.57732e-15	1.66907e-14	3.60502e-14	7.63318e-14	1.58402e-13	3.22082e-13	6.41535e-13	1.25145e-12	2.39023e-12	4.46879e-12	8.17626e-12	1.46361e-11	2.56264e-11	4.38765e-11	7.34425e-11	1.20149e-10	1.92061e-10	2.99909e-10	4.57362e-10	6.80988e-10	9.89729e-10	1.40372e-09	1.94235e-09	2.6215e-09	3.45021e-09	4.42707e-09	5.53697e-09	6.74874e-09	8.01475e-09	9.27257e-09	1.04494e-08	1.14685e-08	1.22577e-08	1.27574e-08	1.29285e-08	1.27574e-08	1.22577e-08	1.14685e-08	1.04494e-08	9.27257e-09	8.01475e-09	6.74874e-09	5.53697e-09	4.42707e-09	3.45021e-09	2.6215e-09	1.94235e-09	1.40372e-09	9.89729e-10	6.80988e-10	4.57362e-10	2.99909e-10	1.92061e-10	1.20149e-10	7.34425e-11	4.38765e-11	2.56264e-11	1.46361e-11	8.17626e-12	4.46879e-12	2.39023e-12	1.25145e-12	6.41535e-13	3.22082e-13	1.58402e-13	7.63319e-14	3.60506e-14	1.66915e-14	7.57961e-15	3.38043e-15	1.49114e-15	6.75916e-16	3.75254e-16	3.75254e-16	
3.26211e-16	3.26211e-16	5.9963e-16	1.35123e-15	3.12447e-15	7.14317e-15	1.60408e-14	3.53363e-14	7.63318e-14	1.61645e-13	3.35496e-13	6.82299e-13	1.35932e-12	2.65227e-12	5.0671e-12	9.47627e-12	1.73437e-11	3.10572e-11	5.43988e-11	9.31772e-11	1.56031e-10	2.55377e-10	4.08419e-10	6.38076e-10	9.73568e-10	1.45036e-09	2.10904e-09	2.99286e-09	4.14352e-09	5.59532e-09	7.36799e-09	9.45891e-09	1.1836e-08	1.44328e-08	1.71472e-08	1.98454e-08	2.23709e-08	2.45587e-08	2.62532e-08	2.73264e-08	2.76939e-08	2.73264e-08	2.62532e-08	2.45587e-08	2.23709e-08	1.98454e-08	1.71472e-08	1.44328e-08	1.1836e-08	9.45891e-09	7.36799e-09	5.59532e-09	4.14352e-09	2.99286e-09	2.10904e-09	1.45036e-09	9.73568e-10	6.38076e-10	4.08419e-10	2.55377e-10	1.56031e-10	9.31772e-11	5.43988e-11	3.10572e-11	1.73437e-11	9.47627e-12	5.0671e-12	2.65227e-12	1.35932e-12	6.82299e-13	3.35496e-13	1.61645e-13	7.63325e-14	3.53382e-14	1.60456e-14	7.1557e-15	3.1563e-15	1.43068e-15	7.94275e-16	7.94275e-16	
6.76624e-16	6.76624e-16	1.24375e-15	2.80278e-15	6.4812e-15	1.48183e-14	3.32791e-14	7.33191e-14	1.58402e-13	3.35496e-13	6.96454e-13	1.41669e-12	2.82309e-12	5.50985e-12	1.05296e-11	1.96985e-11	3.60657e-11	6.46077e-11	1.13212e-10	1.94003e-10	3.25025e-10	5.32238e-10	8.51649e-10	1.33127e-09	2.0324e-09	3.02951e-09	4.40802e-09	6.25905e-09	8.6707e-09	1.17158e-08	1.54366e-08	1.98285e-08	2.4825e-08	3.02868e-08	3.59994e-08	4.16809e-08	4.70011e-08	5.16118e-08	5.5184e-08	5.74468e-08	5.82218e-08	5.74468e-08	5.5184e-08	5.16118e-08	4.70011e-08	4.16809e-08	3.59994e-08	3.02868e-08	2.4825e-08	1.98285e-08	1.54366e-08	1.17158e-08	8.6707e-09	6.25905e-09	4.40802e-09	3.02951e-09	2.0324e-09	1.33127e-09	8.51649e-10	5.32238e-10	3.25025e-10	1.94003e-10	1.13212e-10	6.46077e-11	3.60657e-11	1.96985e-11	1.05296e-11	5.50985e-12	2.82309e-12	1.41669e-12	6.96455e-13	3.35496e-13	1.58403e-13	7.33229e-14	3.32891e-14	1.48443e-14	6.54723e-15	2.96757e-15	1.64748e-15	1.64748e-15	
1.37495e-15	1.37495e-15	2.52745e-15	5.69582e-15	1.31719e-14	3.01183e-14	6.76473e-14	1.49058e-13	3.22082e-13	6.82299e-13	1.41669e-12	2.88244e-12	5.74553e-12	1.1217e-11	2.14435e-11	4.01306e-11	7.3504e-11	1.31731e-10	2.3094e-10	3.95942e-10	6.63696e-10	1.08743e-09	1.74105e-09	2.72321e-09	4.16006e-09	6.20507e-09	9.03457e-09	1.2837e-08	1.77953e-08	2.4061e-08	3.17234e-08	4.07751e-08	5.10806e-08	6.23542e-08	7.41534e-08	8.58954e-08	9.68966e-08	1.06435e-07	1.13827e-07	1.18511e-07	1.20115e-07	1.18511e-07	1.13827e-07	1.06435e-07	9.68966e-08	8.58954e-08	7.41534e-08	6.23542e-08	5.10806e-08	4.07751e-08	3.17234e-08	2.4061e-08	1.77953e-08	1.2837e-08	9.03457e-09	6.20507e-09	4.16006e-09	2.72321e-09	1.74105e-09	1.08743e-09	6.63696e-10	3.95942e-10	2.3094e-10	1.31731e-10	7.3504e-11	4.01306e-11	2.14435e-11	1.1217e-11	5.74553e-12	2.88244e-12	1.41669e-12	6.823e-13	3.22085e-13	1.49065e-13	6.76677e-14	3.01711e-14	1.33061e-14	6.03068e-15	3.34785e-15	3.34785e-15	
2.73659e-15	2.73659e-15	5.03062e-15	1.13376e-14	2.62212e-14	5.99624e-14	1.34696e-13	2.96844e-13	6.41535e-13	1.35932e-12	2.82309e-12	5.74553e-12	1.1456e-11	2.23731e-11	4.27865e-11	8.01058e-11	1.46788e-10	2.63194e-10	4.61648e-10	7.91918e-10	1.32823e-09	2.17756e-09	3.48868e-09	5.46043e-09	8.34737e-09	1.24598e-08	1.81549e-08	2.58152e-08	3.58132e-08	4.84592e-08	6.39384e-08	8.22406e-08	1.03096e-07	1.25929e-07	1.49845e-07	1.73662e-07	1.95989e-07	2.15357e-07	2.30373e-07	2.3989e-07	2.4315e-07	2.3989e-07	2.30373e-07	2.15357e-07	1.95989e-07	1.73662e-07	1.49845e-07	1.25929e-07	1.03096e-07	8.22406e-08	6.39384e-08	4.84592e-08	3.58132e-08	2.58152e-08	1.81549e-08	1.24598e-08	8.34737e-09	5.46043e-09	3.48868e-09	2.17756e-09	1.32823e-09	7.91918e-10	4.61648e-10	2.63194e-10	1.46788e-10	8.01058e-11	4.27865e-11	2.23731e-11	1.1456e-11	5.74553e-12	2.82309e-12	1.35932e-12	6.4154e-13	2.96859e-13	1.34737e-13	6.00675e-14	2.64882e-14	1.20041e-14	6.6635e-15	6.6635e-15	
5.33344e-15	5.33344e-15	9.80495e-15	2.20995e-14	5.11159e-14	1.16906e-13	2.62652e-13	5.78936e-13	1.25145e-12	2.65227e-12	5.50985e-12	1.1217e-11	2.23731e-11	4.37103e-11	8.3626e-11	1.56637e-10	2.87165e-10	5.15164e-10	9.04117e-10	1.55187e-09	2.60451e-09	4.27288e-09	6.85048e-09	1.07303e-08	1.64161e-08	2.45233e-08	3.57615e-08	5.08933e-08	7.06628e-08	9.56944e-08	1.26365e-07	1.62667e-07	2.04072e-07	2.49447e-07	2.97014e-07	3.4442e-07	3.88892e-07	4.27491e-07	4.57431e-07	4.76412e-07	4.82915e-07	4.76412e-07	4.57431e-07	4.27491e-07	3.88892e-07	3.4442e-07	2.97014e-07	2.49447e-07	2.04072e-07	1.62667e-07	1.26365e-07	9.56944e-08	7.06628e-08	5.08933e-08	3.57615e-08	2.45233e-08	1.64161e-08	1.07303e-08	6.85048e-09	4.27288e-09	2.60451e-09	1.55187e-09	9.04117e-10	5.15164e-10	2.87165e-10	1.56637e-10	8.3626e-11	4.37103e-11	2.23731e-11	1.1217e-11	5.50985e-12	2.65227e-12	1.25146e-12	5.78966e-13	2.62731e-13	1.17111e-13	5.16363e-14	2.33983e-14	1.29874e-14	1.29874e-14	
1.01759e-14	1.01759e-14	1.87087e-14	4.21721e-14	9.75556e-14	2.23151e-13	5.01437e-13	1.10549e-12	2.39023e-12	5.0671e-12	1.05296e-11	2.14435e-11	4.27865e-11	8.3626e-11	1.60065e-10	2.99958e-10	5.50212e-10	9.87629e-10	1.73437e-09	2.97892e-09	5.00305e-09	8.21395e-09	1.31793e-08	2.06604e-08	3.1635e-08	4.73e-08	6.90385e-08	9.83415e-08	1.36669e-07	1.85255e-07	2.44855e-07	3.15476e-07	3.96115e-07	4.84576e-07	5.77403e-07	6.69997e-07	7.56927e-07	8.32427e-07	8.91019e-07	9.28175e-07	9.40909e-07	9.28175e-07	8.91019e-07	8.32427e-07	7.56927e-07	6.69997e-07	5.77403e-07	4.84576e-07	3.96115e-07	3.15476e-07	2.44855e-07	1.85255e-07	1.36669e-07	9.83415e-08	6.90385e-08	4.73e-08	3.1635e-08	2.06604e-08	1.31793e-08	8.21395e-09	5.00305e-09	2.97892e-09	1.73437e-09	9.87629e-10	5.50212e-10	2.99958e-10	1.60065e-10	8.3626e-11	4.27865e-11	2.14435e-11	1.05296e-11	5.06711e-12	2.39025e-12	1.10555e-12	5.01588e-13	2.23541e-13	9.85485e-14	4.46502e-14	2.47808e-14	2.47808e-14	
1.90019e-14	1.90019e-14	3.4939e-14	7.8767e-14	1.82235e-13	4.16919e-13	9.37034e-13	2.06629e-12	4.46879e-12	9.47627e-12	1.96985e-11	4.01306e-11	8.01058e-11	1.56637e-10	2.99958e-10	5.62417e-10	1.03224e-09	1.85403e-09	3.25803e-09	5.59999e-09	9.41231e-09	1.54656e-08	2.48359e-08	3.89688e-08	5.97249e-08	8.93861e-08	1.30598e-07	1.86219e-07	2.59064e-07	3.51523e-07	4.65088e-07	5.99825e-07	7.53868e-07	9.23051e-07	1.10078e-06	1.27824e-06	1.445e-06	1.58993e-06	1.70247e-06	1.77387e-06	1.79834e-06	1.77387e-06	1.70247e-06	1.58993e-06	1.445e-06	1.27824e-06	1.10078e-06	9.23051e-07	7.53868e-07	5.99825e-07	4.65088e-07	3.51523e-07	2.59064e-07	1.86219e-07	1.30598e-07	8.93861e-08	5.97249e-08	3.89688e-08	2.48359e-08	1.54656e-08	9.41231e-09	5.59999e-09	3.25803e-09	1.85403e-09	1.03224e-09	5.62417e-10	2.99958e-10	1.56637e-10	8.01058e-11	4.01306e-11	1.96985e-11	9.47628e-12	4.46883e-12	2.0664e-12	9.37316e-13	4.17648e-13	1.84089e-13	8.33942e-14	4.62781e-14	4.62781e-14	
3.47194e-14	3.47194e-14	6.38461e-14	1.43956e-13	3.3311e-13	7.62235e-13	1.71351e-12	3.77949e-12	8.17626e-12	1.73437e-11	3.60657e-11	7.3504e-11	1.46788e-10	2.87165e-10	5.50212e-10	1.03224e-09	1.89572e-09	3.40727e-09	5.99189e-09	1.03071e-08	1.73384e-08	2.85144e-08	4.58338e-08	7.19865e-08	1.10443e-07	1.65469e-07	2.42025e-07	3.45493e-07	4.81192e-07	6.53678e-07	8.65846e-07	1.11793e-06	1.40653e-06	1.72392e-06	2.05777e-06	2.3915e-06	2.70541e-06	2.97847e-06	3.19064e-06	3.32531e-06	3.37148e-06	3.32531e-06	3.19064e-06	2.97847e-06	2.70541e-06	2.3915e-06	2.05777e-06	1.72392e-06	1.40653e-06	1.11793e-06	8.65846e-07	6.53678e-07	4.81192e-07	3.45493e-07	2.42025e-07	1.65469e-07	1.10443e-07	7.19865e-08	4.58338e-08	2.85144e-08	1.73384e-08	1.03071e-08	5.99189e-09	3.40727e-09	1.89572e-09	1.03224e-09	5.50212e-10	2.87165e-10	1.46788e-10	7.3504e-11	3.60657e-11	1.73437e-11	8.17633e-12	3.77968e-12	1.71403e-12	7.63567e-13	3.36498e-13	1.5241e-13	8.45654e-14	8.45654e-14	
6.20564e-14	6.20564e-14	1.14132e-13	2.57378e-13	5.95674e-13	1.36333e-12	3.06551e-12	6.76344e-12	1.46361e-11	3.10572e-11	6.46077e-11	1.31731e-10	2.63194e-10	5.15164e-10	9.87629e-10	1.85403e-09	3.40727e-09	6.12854e-09	1.0786e-08	1.85695e-08	3.12656e-08	5.14687e-08	8.28149e-08	1.30209e-07	1.99994e-07	2.9999e-07	4.39319e-07	6.27913e-07	8.75648e-07	1.19105e-06	1.57964e-06	2.04207e-06	2.57234e-06	3.1564e-06	3.77161e-06	4.38741e-06	4.9673e-06	5.47224e-06	5.86488e-06	6.11421e-06	6.19972e-06	6.11421e-06	5.86488e-06	5.47224e-06	4.9673e-06	4.38741e-06	3.77161e-06	3.1564e-06	2.57234e-06	2.04207e-06	1.57964e-06	1.19105e-06	8.75648e-07	6.27913e-07	4.39319e-07	2.9999e-07	1.99994e-07	1.30209e-07	8.28149e-08	5.14687e-08	3.12656e-08	1.85695e-08	1.0786e-08	6.12854e-09	3.40727e-09	1.85403e-09	9.87629e-10	5.15164e-10	2.63194e-10	1.31731e-10	6.46077e-11	3.10573e-11	1.46362e-11	6.76379e-12	3.06643e-12	1.36571e-12	6.01727e-13	2.72488e-13	1.51167e-13	1.51167e-13	
1.08476e-13	1.08476e-13	1.99533e-13	4.50048e-13	1.0418e-12	2.38492e-12	5.36402e-12	1.18382e-11	2.56264e-11	5.43988e-11	1.13212e-10	2.3094e-10	4.61648e-10	9.04118e-10	1.73437e-09	3.25803e-09	5.99189e-09	1.0786e-08	1.89991e-08	3.27396e-08	5.51781e-08	9.0928e-08	1.46469e-07	2.30563e-07	3.54569e-07	5.32538e-07	7.80913e-07	1.11769e-06	1.56084e-06	2.12606e-06	2.8237e-06	3.65542e-06	4.61085e-06	5.66502e-06	6.77723e-06	7.89218e-06	8.94353e-06	9.86e-06	1.05733e-05	1.10265e-05	1.1182e-05	1.10265e-05	1.05733e-05	9.86e-06	8.94353e-06	7.89218e-06	6.77723e-06	5.66502e-06	4.61085e-06	3.65542e-06	2.8237e-06	2.12606e-06	1.56084e-06	1.11769e-06	7.80913e-07	5.32538e-07	3.54569e-07	2.30563e-07	1.46469e-07	9.0928e-08	5.51781e-08	3.27396e-08	1.89991e-08	1.0786e-08	5.99189e-09	3.25803e-09	1.73437e-09	9.04118e-10	4.61648e-10	2.3094e-10	1.13212e-10	5.43989e-11	2.56266e-11	1.18388e-11	5.36563e-12	2.38908e-12	1.05238e-12	4.7646e-13	2.64276e-13	2.64276e-13	
1.85395e-13	1.85395e-13	3.41078e-13	7.69456e-13	1.78157e-12	4.07945e-12	9.17784e-12	2.02616e-11	4.38765e-11	9.31772e-11	1.94003e-10	3.95942e-10	7.91918e-10	1.55187e-09	2.97892e-09	5.59999e-09	1.03071e-08	1.85695e-08	3.27396e-08	5.64732e-08	9.5279e-08	1.57188e-07	2.53509e-07	3.99568e-07	6.153e-07	9.25441e-07	1.35906e-06	1.94811e-06	2.72476e-06	3.7173e-06	4.94488e-06	6.4114e-06	8.09947e-06	9.96565e-06	1.19383e-05	1.39192e-05	1.57899e-05	1.74229e-05	1.8695e-05	1.95039e-05	1.97815e-05	1.95039e-05	1.8695e-05	1.74229e-05	1.57899e-05	1.39192e-05	1.19383e-05	9.96565e-06	8.09947e-06	6.4114e-06	4.94488e-06	3.7173e-06	2.72476e-06	1.94811e-06	1.35906e-06	9.25441e-07	6.153e-07	3.99568e-07	2.53509e-07	1.57188e-07	9.5279e-08	5.64732e-08	3.27396e-08	1.85695e-08	1.03071e-08	5.59999e-09	2.97892e-09	1.55187e-09	7.91918e-10	3.95942e-10	1.94003e-10	9.31773e-11	4.38769e-11	2.02626e-11	9.18059e-12	4.08656e-12	1.79965e-12	8.14593e-13	4.51738e-13	4.51738e-13	
3.09724e-13	3.09724e-13	5.69915e-13	1.28598e-12	2.97822e-12	6.82135e-12	1.53511e-11	3.39017e-11	7.34425e-11	1.56031e-10	3.25025e-10	6.63696e-10	1.32823e-09	2.60451e-09	5.00305e-09	9.41231e-09	1.73384e-08	3.12656e-08	5.51781e-08	9.5279e-08	1.60934e-07	2.65828e-07	4.29279e-07	6.77548e-07	1.04489e-06	1.57399e-06	2.31521e-06	3.32423e-06	4.65748e-06	6.36517e-06	8.48209e-06	1.10169e-05	1.39414e-05	1.71817e-05	2.06142e-05	2.40679e-05	2.73356e-05	3.0192e-05	3.24201e-05	3.3838e-05	3.43248e-05	3.3838e-05	3.24201e-05	3.0192e-05	2.73356e-05	2.40679e-05	2.06142e-05	1.71817e-05	1.39414e-05	1.10169e-05	8.48209e-06	6.36517e-06	4.65748e-06	3.32423e-06	2.31521e-06	1.57399e-06	1.04489e-06	6.77548e-07	4.29279e-07	2.65828e-07	1.60934e-07	9.5279e-08	5.51781e-08	3.12656e-08	1.73384e-08	9.41231e-09	5.00305e-09	2.60451e-09	1.32823e-09	6.63696e-10	3.25025e-10	1.56031e-10	7.34432e-11	3.39035e-11	1.53557e-11	6.83323e-12	3.00842e-12	1.36138e-12	7.54803e-13	7.54803e-13	
5.05656e-13	5.05656e-13	9.30627e-13	2.1004e-12	4.86557e-12	1.11473e-11	2.50946e-11	5.54394e-11	1.20149e-10	2.55377e-10	5.32238e-10	1.08743e-09	2.17756e-09	4.27288e-09	8.21395e-09	1.54656e-08	2.85144e-08	5.14687e-08	9.0928e-08	1.57188e-07	2.65828e-07	4.39669e-07	7.11008e-07	1.12389e-06	1.73599e-06	2.61943e-06	3.85977e-06	5.55211e-06	7.79365e-06	1.06719e-05	1.42491e-05	1.85437e-05	2.35115e-05	2.90299e-05	3.48901e-05	4.08002e-05	4.64035e-05	5.13104e-05	5.51433e-05	5.75849e-05	5.84235e-05	5.75849e-05	5.51433e-05	5.13104e-05	4.64035e-05	4.08002e-05	3.48901e-05	2.90299e-05	2.35115e-05	1.85437e-05	1.42491e-05	1.06719e-05	7.79365e-06	5.55211e-06	3.85977e-06	2.61943e-06	1.73599e-06	1.12389e-06	7.11008e-07	4.39669e-07	2.65828e-07	1.57188e-07	9.0928e-08	5.14687e-08	2.85144e-08	1.54656e-08	8.21395e-09	4.27288e-09	2.17756e-09	1.08743e-09	5.32238e-10	2.55377e-10	1.2015e-10	5.54423e-11	2.51021e-11	1.11667e-11	4.91486e-12	2.22349e-12	1.23251e-12	1.23251e-12	
8.06548e-13	8.06548e-13	1.48471e-12	3.35179e-12	7.76649e-12	1.77988e-11	4.00819e-11	8.85833e-11	1.92061e-10	4.08419e-10	8.51649e-10	1.74105e-09	3.48868e-09	6.85048e-09	1.31793e-08	2.48359e-08	4.58338e-08	8.28149e-08	1.46469e-07	2.53509e-07	4.29279e-07	7.11008e-07	1.15154e-06	1.82319e-06	2.821e-06	4.26436e-06	6.29568e-06	9.07433e-06	1.27646e-05	1.75163e-05	2.3439e-05	3.05705e-05	3.88445e-05	4.80627e-05	5.788e-05	6.78076e-05	7.72427e-05	8.55227e-05	9.20011e-05	9.61328e-05	9.75528e-05	9.61328e-05	9.20011e-05	8.55227e-05	7.72427e-05	6.78076e-05	5.788e-05	4.80627e-05	3.88445e-05	3.05705e-05	2.3439e-05	1.75163e-05	1.27646e-05	9.07433e-06	6.29568e-06	4.26436e-06	2.821e-06	1.82319e-06	1.15154e-06	7.11008e-07	4.29279e-07	2.53509e-07	1.46469e-07	8.28149e-08	4.58338e-08	2.48359e-08	1.31793e-08	6.85048e-09	3.48868e-09	1.74105e-09	8.51649e-10	4.0842e-10	1.92062e-10	8.85878e-11	4.00938e-11	1.78297e-11	7.84509e-12	3.54811e-12	1.96627e-12	1.96627e-12	
1.25659e-12	1.25659e-12	2.31367e-12	5.22456e-12	1.21093e-11	2.77602e-11	6.25364e-11	1.38264e-10	2.99909e-10	6.38076e-10	1.33127e-09	2.72321e-09	5.46043e-09	1.07303e-08	2.06604e-08	3.89688e-08	7.19865e-08	1.30209e-07	2.30563e-07	3.99568e-07	6.77548e-07	1.12389e-06	1.82319e-06	2.8916e-06	4.48245e-06	6.78932e-06	1.00444e-05	1.45096e-05	2.04572e-05	2.81396e-05	3.77465e-05	4.93527e-05	6.28642e-05	7.7969e-05	9.41086e-05	0.000110481	0.000126086	0.000139815	0.000150578	0.000157452	0.000159817	0.000157452	0.000150578	0.000139815	0.000126086	0.000110481	9.41086e-05	7.7969e-05	6.28642e-05	4.93527e-05	3.77465e-05	2.81396e-05	2.04572e-05	1.45096e-05	1.00444e-05	6.78932e-06	4.48245e-06	2.8916e-06	1.82319e-06	1.12389e-06	6.77548e-07	3.99568e-07	2.30563e-07	1.30209e-07	7.19865e-08	3.89688e-08	2.06604e-08	1.07303e-08	5.46043e-09	2.72321e-09	1.33127e-09	6.38077e-10	2.99911e-10	1.38271e-10	6.2555e-11	2.78084e-11	1.22318e-11	5.53041e-12	3.06402e-12	3.06402e-12	
1.91178e-12	1.91178e-12	3.52086e-12	7.9527e-12	1.84379e-11	4.22821e-11	9.52852e-11	2.10756e-10	4.57362e-10	9.73568e-10	2.0324e-09	4.16006e-09	8.34737e-09	1.64161e-08	3.1635e-08	5.97249e-08	1.10443e-07	1.99994e-07	3.54569e-07	6.153e-07	1.04489e-06	1.73599e-06	2.821e-06	4.48245e-06	6.96241e-06	1.05682e-05	1.56706e-05	2.26915e-05	3.20741e-05	4.42357e-05	5.94994e-05	7.801e-05	9.96431e-05	0.000123922	0.000149965	0.000176481	0.000201841	0.000224219	0.000241805	0.000253056	0.000256929	0.000253056	0.000241805	0.000224219	0.000201841	0.000176481	0.000149965	0.000123922	9.96431e-05	7.801e-05	5.94994e-05	4.42357e-05	3.20741e-05	2.26915e-05	1.56706e-05	1.05682e-05	6.96241e-06	4.48245e-06	2.821e-06	1.73599e-06	1.04489e-06	6.153e-07	3.54569e-07	1.99994e-07	1.10443e-07	5.97249e-08	3.1635e-08	1.64161e-08	8.34737e-09	4.16006e-09	2.0324e-09	9.73569e-10	4.57366e-10	2.10767e-10	9.53134e-11	4.23553e-11	1.86242e-11	8.41799e-12	4.66258e-12	4.66258e-12	
2.83962e-12	2.83962e-12	5.2309e-12	1.18186e-11	2.7409e-11	6.28758e-11	1.41748e-10	3.13656e-10	6.80988e-10	1.45036e-09	3.02951e-09	6.20507e-09	1.24598e-08	2.45233e-08	4.73e-08	8.93861e-08	1.65469e-07	2.9999e-07	5.32538e-07	9.25441e-07	1.57399e-06	2.61943e-06	4.26436e-06	6.78932e-06	1.05682e-05	1.60782e-05	2.38999e-05	3.46987e-05	4.91825e-05	6.80292e-05	9.17805e-05	0.000120708	0.000154667	0.000192952	0.000234204	0.00027639	0.000316901	0.000352777	0.000381055	0.000399184	0.000405432	0.000399184	0.000381055	0.000352777	0.000316901	0.00027639	0.000234204	0.000192952	0.000154667	0.000120708	9.17805e-05	6.80292e-05	4.91825e-05	3.46987e-05	2.38999e-05	1.60782e-05	1.05682e-05	6.78932e-06	4.26436e-06	2.61943e-06	1.57399e-06	9.25441e-07	5.32538e-07	2.9999e-07	1.65469e-07	8.93861e-08	4.73e-08	2.45233e-08	1.24598e-08	6.20507e-09	3.02951e-09	1.45036e-09	6.80994e-10	3.13672e-10	1.4179e-10	6.29845e-11	2.76856e-11	1.25096e-11	6.92694e-12	6.92694e-12	
4.11679e-12	4.11679e-12	7.58548e-12	1.71434e-11	3.97704e-11	9.12636e-11	2.05824e-10	4.5564e-10	9.89729e-10	2.10904e-09	4.40802e-09	9.03457e-09	1.81549e-08	3.57615e-08	6.90385e-08	1.30598e-07	2.42025e-07	4.39319e-07	7.80913e-07	1.35906e-06	2.31521e-06	3.85977e-06	6.29568e-06	1.00444e-05	1.56706e-05	2.38999e-05	3.56212e-05	5.18636e-05	7.37363e-05	0.00010232	0.000138509	0.000182801	0.000235062	0.00029429	0.000358447	0.000424399	0.000488042	0.000544653	0.000589438	0.000618225	0.000628159	0.000618225	0.000589438	0.000544653	0.000488042	0.000424399	0.000358447	0.00029429	0.000235062	0.000182801	0.000138509	0.00010232	7.37363e-05	5.18636e-05	3.56212e-05	2.38999e-05	1.56706e-05	1.00444e-05	6.29568e-06	3.85977e-06	2.31521e-06	1.35906e-06	7.80913e-07	4.39319e-07	2.42025e-07	1.30598e-07	6.90385e-08	3.57615e-08	1.81549e-08	9.03457e-09	4.40802e-09	2.10905e-09	9.89738e-10	4.55663e-10	2.05885e-10	9.14212e-11	4.01712e-11	1.81452e-11	1.00447e-11	1.00447e-11	
5.82418e-12	5.82418e-12	1.07342e-11	2.42667e-11	5.63128e-11	1.29269e-10	2.9165e-10	6.45915e-10	1.40372e-09	2.99286e-09	6.25905e-09	1.2837e-08	2.58152e-08	5.08933e-08	9.83415e-08	1.86219e-07	3.45493e-07	6.27913e-07	1.11769e-06	1.94811e-06	3.32423e-06	5.55211e-06	9.07433e-06	1.45096e-05	2.26915e-05	3.46987e-05	5.18636e-05	7.57453e-05	0.000108047	0.000150462	0.000204439	0.000270869	0.00034971	0.00043961	0.000537598	0.000638952	0.000737343	0.000825337	0.000895266	0.000940367	0.00095596	0.000940367	0.000895266	0.000825337	0.000737343	0.000638952	0.000537598	0.00043961	0.00034971	0.000270869	0.000204439	0.000150462	0.000108047	7.57453e-05	5.18636e-05	3.46987e-05	2.26915e-05	1.45096e-05	9.07433e-06	5.55211e-06	3.32423e-06	1.94811e-06	1.11769e-06	6.27913e-07	3.45493e-07	1.86219e-07	9.83415e-08	5.08933e-08	2.58152e-08	1.2837e-08	6.25905e-09	2.99287e-09	1.40374e-09	6.45948e-10	2.91736e-10	1.29492e-10	5.68797e-11	2.56838e-11	1.42137e-11	1.42137e-11	
8.0388e-12	8.0388e-12	1.48196e-11	3.35123e-11	7.77922e-11	1.78638e-10	4.03188e-10	8.93326e-10	1.94235e-09	4.14352e-09	8.6707e-09	1.77953e-08	3.58132e-08	7.06628e-08	1.36669e-07	2.59064e-07	4.81192e-07	8.75648e-07	1.56084e-06	2.72476e-06	4.65748e-06	7.79365e-06	1.27646e-05	2.04572e-05	3.20741e-05	4.91826e-05	7.37363e-05	0.000108047	0.000154677	0.000216231	0.000295019	0.00039259	0.000509169	0.000643046	0.000790044	0.000943225	0.00109301	0.00122787	0.00133567	0.0014055	0.0014297	0.0014055	0.00133567	0.00122787	0.00109301	0.000943225	0.000790044	0.000643046	0.000509169	0.00039259	0.000295019	0.000216231	0.000154677	0.000108047	7.37363e-05	4.91826e-05	3.20741e-05	2.04572e-05	1.27646e-05	7.79365e-06	4.65748e-06	2.72476e-06	1.56084e-06	8.75648e-07	4.81192e-07	2.59064e-07	1.36669e-07	7.06628e-08	3.58132e-08	1.77953e-08	8.67071e-09	4.14352e-09	1.94237e-09	8.93372e-10	4.03307e-10	1.78945e-10	7.85744e-11	3.54681e-11	1.96228e-11	1.96228e-11	
1.08227e-11	1.08227e-11	1.99567e-11	4.51423e-11	1.04821e-10	2.40788e-10	5.43669e-10	1.2051e-09	2.6215e-09	5.59532e-09	1.17158e-08	2.4061e-08	4.84592e-08	9.56944e-08	1.85255e-07	3.51523e-07	6.53678e-07	1.19105e-06	2.12606e-06	3.7173e-06	6.36517e-06	1.06719e-05	1.75163e-05	2.81396e-05	4.42357e-05	6.80292e-05	0.00010232	0.000150462	0.000216231	0.000303555	0.000416046	0.000556342	0.000725259	0.000920843	0.00113747	0.00136524	0.00158995	0.00179399	0.00195831	0.00206538	0.00210262	0.00206538	0.00195831	0.00179399	0.00158995	0.00136524	0.00113747	0.000920843	0.000725259	0.000556342	0.000416046	0.000303555	0.000216231	0.000150462	0.00010232	6.80292e-05	4.42357e-05	2.81396e-05	1.75163e-05	1.06719e-05	6.36517e-06	3.7173e-06	2.12606e-06	1.19105e-06	6.53678e-07	3.51523e-07	1.85255e-07	9.56944e-08	4.84592e-08	2.4061e-08	1.17158e-08	5.59532e-09	2.62152e-09	1.20516e-09	5.43828e-10	2.41201e-10	1.05874e-10	4.77752e-11	2.64242e-11	2.64242e-11	
1.42095e-11	1.42095e-11	2.62083e-11	5.93003e-11	1.37738e-10	3.16506e-10	7.14898e-10	1.58531e-09	3.45021e-09	7.36799e-09	1.54366e-08	3.17234e-08	6.39384e-08	1.26365e-07	2.44855e-07	4.65088e-07	8.65846e-07	1.57964e-06	2.8237e-06	4.94488e-06	8.48209e-06	1.42491e-05	2.3439e-05	3.77465e-05	5.94994e-05	9.17805e-05	0.000138509	0.000204439	0.000295019	0.000416046	0.000573064	0.000770448	0.00101019	0.00129044	0.00160406	0.00193738	0.00226988	0.00257505	0.00282323	0.00298627	0.00304328	0.00298627	0.00282323	0.00257505	0.00226988	0.00193738	0.00160406	0.00129044	0.00101019	0.000770448	0.000573064	0.000416046	0.000295019	0.000204439	0.000138509	9.17805e-05	5.94994e-05	3.77465e-05	2.3439e-05	1.42491e-05	8.48209e-06	4.94488e-06	2.8237e-06	1.57964e-06	8.65846e-07	4.65088e-07	2.44855e-07	1.26365e-07	6.39384e-08	3.17234e-08	1.54366e-08	7.368e-09	3.45023e-09	1.58539e-09	7.15108e-10	3.17049e-10	1.3912e-10	6.27569e-11	3.47009e-11	3.47009e-11	
1.81903e-11	1.81903e-11	3.35585e-11	7.59517e-11	1.76465e-10	4.05627e-10	9.16525e-10	2.03325e-09	4.42707e-09	9.45891e-09	1.98285e-08	4.07751e-08	8.22406e-08	1.62667e-07	3.15476e-07	5.99825e-07	1.11793e-06	2.04207e-06	3.65542e-06	6.4114e-06	1.10169e-05	1.85437e-05	3.05705e-05	4.93527e-05	7.801e-05	0.000120709	0.000182801	0.000270869	0.00039259	0.000556342	0.000770448	0.00104198	0.00137506	0.00176877	0.00221473	0.00269497	0.0031806	0.00363247	0.00400478	0.00425217	0.00433947	0.00425217	0.00400478	0.00363247	0.0031806	0.00269497	0.00221473	0.00176877	0.00137506	0.00104198	0.000770448	0.000556342	0.00039259	0.000270869	0.000182801	0.000120709	7.801e-05	4.93527e-05	3.05705e-05	1.85437e-05	1.10169e-05	6.4114e-06	3.65542e-06	2.04207e-06	1.11793e-06	5.99825e-07	3.15476e-07	1.62667e-07	8.22406e-08	4.07751e-08	1.98285e-08	9.45892e-09	4.42711e-09	2.03335e-09	9.16794e-10	4.06321e-10	1.78234e-10	8.03764e-11	4.44315e-11	4.44315e-11	
2.27006e-11	2.27006e-11	4.18887e-11	9.48296e-11	2.20386e-10	5.06737e-10	1.14537e-09	2.5419e-09	5.53697e-09	1.1836e-08	2.4825e-08	5.10806e-08	1.03096e-07	2.04072e-07	3.96115e-07	7.53868e-07	1.40653e-06	2.57234e-06	4.61085e-06	8.09947e-06	1.39414e-05	2.35115e-05	3.88445e-05	6.28642e-05	9.96431e-05	0.000154667	0.000235062	0.00034971	0.000509169	0.000725259	0.00101019	0.00137506	0.00182768	0.00236952	0.00299214	0.00367331	0.00437392	0.00503734	0.00559339	0.00596893	0.0061036	0.00596893	0.00559339	0.00503734	0.00437392	0.00367331	0.00299214	0.00236952	0.00182768	0.00137506	0.00101019	0.000725259	0.000509169	0.00034971	0.000235062	0.000154667	9.96431e-05	6.28642e-05	3.88445e-05	2.35115e-05	1.39414e-05	8.09947e-06	4.61085e-06	2.57234e-06	1.40653e-06	7.53868e-07	3.96115e-07	2.04072e-07	1.03096e-07	5.10806e-08	2.4825e-08	1.1836e-08	5.53701e-09	2.54203e-09	1.14571e-09	5.07604e-10	2.22592e-10	1.00351e-10	5.54592e-11	5.54592e-11	
2.76121e-11	2.76121e-11	5.09623e-11	1.15398e-10	2.68256e-10	6.16979e-10	1.39499e-09	3.09697e-09	6.74874e-09	1.44328e-08	3.02868e-08	6.23542e-08	1.25929e-07	2.49447e-07	4.84576e-07	9.23051e-07	1.72392e-06	3.1564e-06	5.66502e-06	9.96565e-06	1.71817e-05	2.90299e-05	4.80627e-05	7.7969e-05	0.000123922	0.000192952	0.00029429	0.00043961	0.000643046	0.000920843	0.00129044	0.00176877	0.00236952	0.00309919	0.00395181	0.00490255	0.00590118	0.00686771	0.00769527	0.00826597	0.00847593	0.00826597	0.00769527	0.00686771	0.00590118	0.00490255	0.00395181	0.00309919	0.00236952	0.00176877	0.00129044	0.000920843	0.000643046	0.00043961	0.00029429	0.000192952	0.000123922	7.7969e-05	4.80627e-05	2.90299e-05	1.71817e-05	9.96565e-06	5.66502e-06	3.1564e-06	1.72392e-06	9.23051e-07	4.84576e-07	2.49447e-07	1.25929e-07	6.23542e-08	3.02868e-08	1.44328e-08	6.7488e-09	3.09712e-09	1.3954e-09	6.18032e-10	2.70939e-10	1.22114e-10	6.74707e-11	6.74707e-11	
3.27312e-11	3.27312e-11	6.04215e-11	1.36847e-10	3.18189e-10	7.32009e-10	1.65555e-09	3.6766e-09	8.01475e-09	1.71473e-08	3.59994e-08	7.41534e-08	1.49845e-07	2.97014e-07	5.77403e-07	1.10078e-06	2.05777e-06	3.77161e-06	6.77723e-06	1.19383e-05	2.06142e-05	3.48901e-05	5.788e-05	9.41086e-05	0.000149965	0.000234204	0.000358447	0.000537598	0.000790044	0.00113747	0.00160406	0.00221473	0.00299214	0.00395182	0.00509507	0.00639903	0.00780363	0.00919794	0.010418	0.0112754	0.0116001	0.0112754	0.010418	0.00919794	0.00780363	0.00639903	0.00509507	0.00395182	0.00299214	0.00221473	0.00160406	0.00113747	0.000790044	0.000537598	0.000358447	0.000234204	0.000149965	9.41086e-05	5.788e-05	3.48901e-05	2.06142e-05	1.19383e-05	6.77723e-06	3.77161e-06	2.05777e-06	1.10078e-06	5.77403e-07	2.97014e-07	1.49845e-07	7.41534e-08	3.59994e-08	1.71473e-08	8.01482e-09	3.67679e-09	1.65603e-09	7.33258e-10	3.2137e-10	1.44807e-10	7.99923e-11	7.99923e-11	
3.78062e-11	3.78062e-11	6.98015e-11	1.58122e-10	3.6773e-10	8.46169e-10	1.91422e-09	4.25225e-09	9.27257e-09	1.98454e-08	4.16809e-08	8.58954e-08	1.73662e-07	3.4442e-07	6.69997e-07	1.27824e-06	2.3915e-06	4.38741e-06	7.89218e-06	1.39192e-05	2.4068e-05	4.08002e-05	6.78076e-05	0.000110481	0.000176481	0.00027639	0.000424399	0.000638953	0.000943226	0.00136524	0.00193739	0.00269497	0.00367331	0.00490256	0.00639904	0.00815039	0.0100898	0.0120598	0.0138001	0.0150217	0.0154882	0.0150217	0.0138001	0.0120598	0.0100898	0.00815039	0.00639904	0.00490256	0.00367331	0.00269497	0.00193739	0.00136524	0.000943226	0.000638953	0.000424399	0.00027639	0.000176481	0.000110481	6.78076e-05	4.08002e-05	2.4068e-05	1.39192e-05	7.89218e-06	4.38741e-06	2.3915e-06	1.27824e-06	6.69997e-07	3.4442e-07	1.73662e-07	8.58954e-08	4.16809e-08	1.98455e-08	9.27265e-09	4.25246e-09	1.91478e-09	8.4761e-10	3.71403e-10	1.67316e-10	9.24087e-11	9.24087e-11	
4.25455e-11	4.25455e-11	7.85627e-11	1.77997e-10	4.14023e-10	9.52871e-10	2.15606e-09	4.79062e-09	1.04494e-08	2.23709e-08	4.70011e-08	9.68966e-08	1.95989e-07	3.88892e-07	7.56927e-07	1.445e-06	2.70541e-06	4.96731e-06	8.94353e-06	1.579e-05	2.73356e-05	4.64035e-05	7.72427e-05	0.000126086	0.000201841	0.000316901	0.000488043	0.000737344	0.00109301	0.00158995	0.00226988	0.0031806	0.00437393	0.00590119	0.00780364	0.0100899	0.0126823	0.0153333	0.0176267	0.0191779	0.0197497	0.0191779	0.0176268	0.0153333	0.0126823	0.0100899	0.00780364	0.00590119	0.00437393	0.0031806	0.00226988	0.00158995	0.00109301	0.000737344	0.000488043	0.000316901	0.000201841	0.000126086	7.72427e-05	4.64035e-05	2.73356e-05	1.579e-05	8.94353e-06	4.96731e-06	2.70541e-06	1.445e-06	7.56927e-07	3.88892e-07	1.95989e-07	9.68966e-08	4.70011e-08	2.23709e-08	1.04495e-08	4.79086e-09	2.15669e-09	9.54493e-10	4.18155e-10	1.88343e-10	1.04006e-10	1.04006e-10	
4.66436e-11	4.66436e-11	8.61395e-11	1.95189e-10	4.54072e-10	1.0452e-09	2.36538e-09	5.25672e-09	1.14685e-08	2.45587e-08	5.16118e-08	1.06435e-07	2.15357e-07	4.27491e-07	8.32427e-07	1.58993e-06	2.97847e-06	5.47224e-06	9.86e-06	1.74229e-05	3.0192e-05	5.13104e-05	8.55227e-05	0.000139815	0.000224219	0.000352777	0.000544654	0.000825338	0.00122787	0.00179399	0.00257505	0.00363248	0.00503736	0.00686773	0.00919798	0.0120598	0.0153334	0.0186078	0.0213026	0.0230331	0.0236381	0.0230331	0.0213026	0.0186078	0.0153334	0.0120598	0.00919798	0.00686773	0.00503735	0.00363248	0.00257505	0.00179399	0.00122787	0.000825338	0.000544654	0.000352777	0.000224219	0.000139815	8.55227e-05	5.13104e-05	3.0192e-05	1.74229e-05	9.86e-06	5.47224e-06	2.97847e-06	1.58993e-06	8.32427e-07	4.27491e-07	2.15357e-07	1.06435e-07	5.16118e-08	2.45587e-08	1.14686e-08	5.25698e-09	2.36607e-09	1.04698e-09	4.58603e-10	2.06531e-10	1.14035e-10	1.14035e-10	
4.9813e-11	4.9813e-11	9.20003e-11	2.08489e-10	4.8506e-10	1.11665e-09	2.52739e-09	5.61755e-09	1.22577e-08	2.62532e-08	5.5184e-08	1.13827e-07	2.30373e-07	4.57431e-07	8.91019e-07	1.70247e-06	3.19064e-06	5.86488e-06	1.05733e-05	1.8695e-05	3.24201e-05	5.51433e-05	9.20011e-05	0.000150578	0.000241805	0.000381055	0.000589438	0.000895267	0.00133567	0.00195832	0.00282324	0.00400479	0.00559342	0.00769531	0.010418	0.0138002	0.0176269	0.0213027	0.0241904	0.025991	0.0266035	0.025991	0.0241904	0.0213027	0.0176269	0.0138002	0.010418	0.0076953	0.00559341	0.00400479	0.00282324	0.00195832	0.00133567	0.000895267	0.000589438	0.000381055	0.000241805	0.000150578	9.20011e-05	5.51433e-05	3.24201e-05	1.8695e-05	1.05733e-05	5.86488e-06	3.19064e-06	1.70247e-06	8.91019e-07	4.57431e-07	2.30373e-07	1.13827e-07	5.5184e-08	2.62533e-08	1.22578e-08	5.61783e-09	2.52812e-09	1.11855e-09	4.89898e-10	2.20601e-10	1.21792e-10	1.21792e-10	
5.18184e-11	5.18184e-11	9.57086e-11	2.16905e-10	5.04671e-10	1.16188e-09	2.62995e-09	5.846e-09	1.27574e-08	2.73264e-08	5.74468e-08	1.18511e-07	2.3989e-07	4.76412e-07	9.28175e-07	1.77387e-06	3.32531e-06	6.11421e-06	1.10265e-05	1.95039e-05	3.3838e-05	5.75849e-05	9.61328e-05	0.000157452	0.000253056	0.000399184	0.000618225	0.000940368	0.0014055	0.00206539	0.00298628	0.00425219	0.00596896	0.00826603	0.0112755	0.0150219	0.0191781	0.0230334	0.0259912	0.0278135	0.0284276	0.0278135	0.0259912	0.0230334	0.0191781	0.0150219	0.0112755	0.00826602	0.00596896	0.00425218	0.00298628	0.00206539	0.0014055	0.000940368	0.000618225	0.000399184	0.000253056	0.000157452	9.61328e-05	5.75849e-05	3.3838e-05	1.95039e-05	1.10265e-05	6.11421e-06	3.32531e-06	1.77387e-06	9.28175e-07	4.76412e-07	2.3989e-07	1.18511e-07	5.74468e-08	2.73264e-08	1.27575e-08	5.84628e-09	2.63071e-09	1.16385e-09	5.09703e-10	2.29505e-10	1.26701e-10	1.26701e-10	
5.25048e-11	5.25048e-11	9.69781e-11	2.19786e-10	5.11385e-10	1.17736e-09	2.66506e-09	5.92422e-09	1.29285e-08	2.76939e-08	5.82218e-08	1.20115e-07	2.4315e-07	4.82915e-07	9.40909e-07	1.79834e-06	3.37148e-06	6.19972e-06	1.1182e-05	1.97815e-05	3.43248e-05	5.84235e-05	9.75528e-05	0.000159817	0.000256929	0.000405432	0.00062816	0.000955962	0.0014297	0.00210263	0.00304329	0.00433949	0.00610363	0.00847599	0.0116003	0.0154884	0.01975	0.0236385	0.0266039	0.0284279	0.0290416	0.0284279	0.0266039	0.0236385	0.01975	0.0154884	0.0116002	0.00847598	0.00610363	0.00433949	0.00304329	0.00210263	0.0014297	0.000955961	0.00062816	0.000405432	0.000256929	0.000159817	9.75528e-05	5.84235e-05	3.43248e-05	1.97815e-05	1.1182e-05	6.19972e-06	3.37148e-06	1.79834e-06	9.40909e-07	4.82915e-07	2.4315e-07	1.20115e-07	5.82218e-08	2.7694e-08	1.29286e-08	5.92451e-09	2.66583e-09	1.17936e-09	5.16483e-10	2.32553e-10	1.28381e-10	1.28381e-10	
5.18184e-11	5.18184e-11	9.57087e-11	2.16905e-10	5.04671e-10	1.16188e-09	2.62995e-09	5.846e-09	1.27574e-08	2.73264e-08	5.74468e-08	1.18511e-07	2.3989e-07	4.76412e-07	9.28175e-07	1.77387e-06	3.32531e-06	6.11421e-06	1.10265e-05	1.95039e-05	3.3838e-05	5.75849e-05	9.61328e-05	0.000157452	0.000253056	0.000399184	0.000618225	0.000940368	0.0014055	0.00206539	0.00298628	0.00425218	0.00596896	0.00826602	0.0112755	0.015022	0.0191783	0.0230337	0.0259915	0.0278139	0.0284281	0.0278139	0.0259915	0.0230337	0.0191783	0.0150219	0.0112755	0.00826601	0.00596895	0.00425218	0.00298627	0.00206539	0.0014055	0.000940368	0.000618225	0.000399184	0.000253056	0.000157452	9.61328e-05	5.75849e-05	3.3838e-05	1.95039e-05	1.10265e-05	6.11421e-06	3.32531e-06	1.77387e-06	9.28175e-07	4.76412e-07	2.3989e-07	1.18511e-07	5.74468e-08	2.73264e-08	1.27575e-08	5.84628e-09	2.63071e-09	1.16385e-09	5.09703e-10	2.29505e-10	1.26701e-10	1.26701e-10	
