5.16019e-100	5.16019e-100	3.00206e-98	1.72616e-96	9.64361e-95	5.23043e-93	2.75171e-91	1.40294e-89	6.92509e-88	3.3061e-86	1.52488e-84	6.7869e-83	2.91127e-81	1.20194e-79	4.76916e-78	1.81587e-76	6.62337e-75	2.31009e-73	7.68902e-72	2.43704e-70	7.33787e-69	2.09344e-67	5.64258e-66	1.43231e-64	3.41183e-63	7.59626e-62	1.57372e-60	3.01834e-59	5.3287e-58	8.60254e-57	1.26039e-55	1.6614e-54	1.95059e-53	2.01621e-52	1.81027e-51	1.39001e-50	8.95952e-50	4.73185e-49	1.97054e-48	5.98609e-48	1.09225e-47	5.98609e-48	1.97054e-48	4.73185e-49	8.95952e-50	1.39001e-50	1.81027e-51	2.01621e-52	1.95059e-53	1.6614e-54	1.26039e-55	8.60254e-57	5.3287e-58	3.01834e-59	1.57372e-60	7.59626e-62	3.41183e-63	1.43231e-64	5.64258e-66	2.09344e-67	7.33787e-69	2.43704e-70	7.68902e-72	2.31009e-73	6.62337e-75	1.81587e-76	4.76916e-78	1.20194e-79	2.91127e-81	6.7869e-83	1.52488e-84	3.3061e-86	6.9251e-88	1.40294e-89	2.75171e-91	5.23044e-93	9.64364e-95	1.72618e-96	3.05282e-98	3.05282e-98	
5.16019e-100	5.16019e-100	3.00206e-98	1.72616e-96	9.64361e-95	5.23043e-93	2.75171e-91	1.40294e-89	6.92509e-88	3.3061e-86	1.52488e-84	6.7869e-83	2.91127e-81	1.20194e-79	4.76916e-78	1.81587e-76	6.62337e-75	2.31009e-73	7.68902e-72	2.43704e-70	7.33787e-69	2.09344e-67	5.64258e-66	1.43231e-64	3.41183e-63	7.59626e-62	1.57372e-60	3.01834e-59	5.3287e-58	8.60254e-57	1.26039e-55	1.6614e-54	1.95059e-53	2.01621e-52	1.81027e-51	1.39001e-50	8.95952e-50	4.73185e-49	1.97054e-48	5.98609e-48	1.09225e-47	5.98609e-48	1.97054e-48	4.73185e-49	8.95952e-50	1.39001e-50	1.81027e-51	2.01621e-52	1.95059e-53	1.6614e-54	1.26039e-55	8.60254e-57	5.3287e-58	3.01834e-59	1.57372e-60	7.59626e-62	3.41183e-63	1.43231e-64	5.64258e-66	2.09344e-67	7.33787e-69	2.43704e-70	7.68902e-72	2.31009e-73	6.62337e-75	1.81587e-76	4.76916e-78	1.20194e-79	2.91127e-81	6.7869e-83	1.52488e-84	3.3061e-86	6.9251e-88	1.40294e-89	2.75171e-91	5.23044e-93	9.64364e-95	1.72618e-96	3.05282e-98	3.05282e-98	
3.00206e-98	3.00206e-98	1.74514e-96	1.00266e-94	5.5972e-93	3.03335e-91	1.59455e-89	8.12306e-88	4.00634e-86	1.91107e-84	8.80697e-83	3.91642e-81	1.6785e-79	6.92364e-78	2.74474e-76	1.04411e-74	3.80477e-73	1.32575e-71	4.40832e-70	1.3958e-68	4.19833e-67	1.19646e-65	3.22128e-64	8.16732e-63	1.94312e-61	4.3207e-60	8.939e-59	1.71197e-57	3.01763e-56	4.86322e-55	7.11175e-54	9.35447e-53	1.09561e-51	1.1293e-50	1.01064e-49	7.73067e-49	4.96135e-48	2.60809e-47	1.08134e-46	3.27421e-46	5.96653e-46	3.27421e-46	1.08134e-46	2.60809e-47	4.96135e-48	7.73067e-49	1.01064e-49	1.1293e-50	1.09561e-51	9.35447e-53	7.11175e-54	4.86322e-55	3.01763e-56	1.71197e-57	8.939e-59	4.3207e-60	1.94312e-61	8.16732e-63	3.22128e-64	1.19646e-65	4.19833e-67	1.3958e-68	4.40832e-70	1.32575e-71	3.80478e-73	1.04411e-74	2.74474e-76	6.92364e-78	1.6785e-79	3.91643e-81	8.80698e-83	1.91107e-84	4.00635e-86	8.12307e-88	1.59455e-89	3.03336e-91	5.59721e-93	1.00267e-94	1.77467e-96	1.77467e-96	
1.72616e-96	1.72616e-96	1.00266e-94	5.75629e-93	3.21083e-91	1.73871e-89	9.13257e-88	4.64861e-86	2.29084e-84	1.09185e-82	5.02743e-81	2.23376e-79	9.5651e-78	3.94202e-76	1.56133e-74	5.93386e-73	2.1603e-71	7.52015e-70	2.4981e-68	7.9017e-67	2.37422e-65	6.75882e-64	1.81767e-62	4.60319e-61	1.09383e-59	2.42908e-58	5.01862e-57	9.59748e-56	1.68904e-54	2.71739e-53	3.96621e-52	5.20581e-51	6.08229e-50	6.25163e-49	5.57635e-48	4.24909e-47	2.71497e-46	1.42044e-45	5.8627e-45	1.76924e-44	3.21978e-44	1.76924e-44	5.8627e-45	1.42044e-45	2.71497e-46	4.24909e-47	5.57635e-48	6.25163e-49	6.08229e-50	5.20581e-51	3.96621e-52	2.71739e-53	1.68904e-54	9.59748e-56	5.01862e-57	2.42908e-58	1.09383e-59	4.60319e-61	1.81767e-62	6.75882e-64	2.37422e-65	7.9017e-67	2.49811e-68	7.52015e-70	2.1603e-71	5.93386e-73	1.56133e-74	3.94202e-76	9.56511e-78	2.23376e-79	5.02743e-81	1.09185e-82	2.29085e-84	4.64862e-86	9.1326e-88	1.73871e-89	3.21085e-91	5.75634e-93	1.01964e-94	1.01964e-94	
9.64361e-95	9.64361e-95	5.5972e-93	3.21083e-91	1.78957e-89	9.683e-88	5.08189e-86	2.58464e-84	1.27266e-82	6.06054e-81	2.7882e-79	1.23777e-77	5.29552e-76	2.18046e-74	8.62831e-73	3.27614e-71	1.19158e-69	4.14394e-68	1.37519e-66	4.34535e-65	1.30426e-63	3.70883e-62	9.96291e-61	2.52008e-59	5.98084e-58	1.32644e-56	2.73668e-55	5.22577e-54	9.18195e-53	1.47463e-51	2.14813e-50	2.81336e-49	3.27885e-48	3.36041e-47	2.98731e-46	2.26728e-45	1.4421e-44	7.50769e-44	3.08412e-43	9.27465e-43	1.68553e-42	9.27465e-43	3.08412e-43	7.50769e-44	1.4421e-44	2.26728e-45	2.98731e-46	3.36041e-47	3.27885e-48	2.81336e-49	2.14813e-50	1.47463e-51	9.18195e-53	5.22577e-54	2.73668e-55	1.32644e-56	5.98084e-58	2.52008e-59	9.96291e-61	3.70883e-62	1.30426e-63	4.34535e-65	1.37519e-66	4.14394e-68	1.19158e-69	3.27615e-71	8.62831e-73	2.18046e-74	5.29552e-76	1.23777e-77	2.78821e-79	6.06056e-81	1.27266e-82	2.58464e-84	5.08191e-86	9.68304e-88	1.78958e-89	3.21087e-91	5.69208e-93	5.69208e-93	
5.23043e-93	5.23043e-93	3.03335e-91	1.73871e-89	9.683e-88	5.23502e-86	2.74523e-84	1.39506e-82	6.86338e-81	3.26564e-79	1.50109e-77	6.65791e-76	2.8459e-74	1.17075e-72	4.62847e-71	1.75575e-69	6.37977e-68	2.21648e-66	7.34801e-65	2.31941e-63	6.95418e-62	1.9753e-60	5.30004e-59	1.339e-57	3.17379e-56	7.02946e-55	1.44825e-53	2.76128e-52	4.84375e-51	7.76516e-50	1.12893e-48	1.47523e-47	1.71494e-46	1.75241e-45	1.55244e-44	1.17346e-43	7.42866e-43	3.8476e-42	1.57279e-41	4.71237e-41	8.55164e-41	4.71237e-41	1.57279e-41	3.8476e-42	7.42866e-43	1.17346e-43	1.55244e-44	1.75241e-45	1.71494e-46	1.47523e-47	1.12893e-48	7.76516e-50	4.84375e-51	2.76128e-52	1.44825e-53	7.02946e-55	3.17379e-56	1.339e-57	5.30004e-59	1.9753e-60	6.95418e-62	2.31941e-63	7.34801e-65	2.21648e-66	6.37977e-68	1.75576e-69	4.62848e-71	1.17075e-72	2.8459e-74	6.65792e-76	1.50109e-77	3.26565e-79	6.8634e-81	1.39506e-82	2.74524e-84	5.23505e-86	9.68306e-88	1.73873e-89	3.08481e-91	3.08481e-91	
2.75171e-91	2.75171e-91	1.59455e-89	9.13257e-88	5.08189e-86	2.74523e-84	1.43839e-82	7.30342e-81	3.59007e-79	1.7067e-77	7.83815e-76	3.47343e-74	1.48336e-72	6.09661e-71	2.40799e-69	9.12561e-68	3.31265e-66	1.14973e-64	3.80761e-63	1.20059e-61	3.59574e-60	1.02019e-58	2.73409e-57	6.89888e-56	1.63311e-54	3.61215e-53	7.43118e-52	1.41466e-50	2.4774e-49	3.96431e-48	5.75177e-47	7.499e-46	8.69476e-45	8.85782e-44	7.81913e-43	5.8855e-42	3.70772e-41	1.91013e-40	7.76783e-40	2.31841e-39	4.2009e-39	2.31841e-39	7.76783e-40	1.91013e-40	3.70772e-41	5.8855e-42	7.81913e-43	8.85782e-44	8.69476e-45	7.499e-46	5.75177e-47	3.96431e-48	2.4774e-49	1.41466e-50	7.43118e-52	3.61215e-53	1.63311e-54	6.89888e-56	2.73409e-57	1.02019e-58	3.59574e-60	1.2006e-61	3.80761e-63	1.14973e-64	3.31265e-66	9.12562e-68	2.40799e-69	6.09662e-71	1.48336e-72	3.47344e-74	7.83817e-76	1.70671e-77	3.59008e-79	7.30346e-81	1.4384e-82	2.74524e-84	5.08193e-86	9.13269e-88	1.62163e-89	1.62163e-89	
1.40294e-89	1.40294e-89	8.12306e-88	4.64861e-86	2.58464e-84	1.39506e-82	7.30342e-81	3.70515e-79	1.81973e-77	8.64334e-76	3.96598e-74	1.75591e-72	7.49186e-71	3.07627e-69	1.21388e-67	4.59576e-66	1.66662e-64	5.77843e-63	1.91165e-61	6.02118e-60	1.8013e-58	5.10476e-57	1.36642e-55	3.44352e-54	8.14075e-53	1.79809e-51	3.69369e-50	7.02046e-49	1.22734e-47	1.96031e-46	2.83828e-45	3.69183e-44	4.26907e-43	4.33563e-42	3.81321e-41	2.85779e-40	1.79126e-39	9.17682e-39	3.71172e-38	1.10331e-37	1.996e-37	1.10331e-37	3.71172e-38	9.17682e-39	1.79126e-39	2.85779e-40	3.81321e-41	4.33563e-42	4.26907e-43	3.69183e-44	2.83828e-45	1.96031e-46	1.22734e-47	7.02046e-49	3.69369e-50	1.79809e-51	8.14075e-53	3.44352e-54	1.36642e-55	5.10476e-57	1.8013e-58	6.02118e-60	1.91165e-61	5.77844e-63	1.66662e-64	4.59577e-66	1.21388e-67	3.07628e-69	7.49188e-71	1.75592e-72	3.96599e-74	8.64337e-76	1.81974e-77	3.70517e-79	7.30347e-81	1.39507e-82	2.58466e-84	4.64868e-86	8.26113e-88	8.26113e-88	
6.92509e-88	6.92509e-88	4.00634e-86	2.29084e-84	1.27266e-82	6.86338e-81	3.59007e-79	1.81973e-77	8.92951e-76	4.23756e-74	1.94264e-72	8.59302e-71	3.66291e-69	1.50261e-67	5.92344e-66	2.24039e-64	8.11634e-63	2.81113e-61	9.28994e-60	2.92284e-58	8.73399e-57	2.47222e-55	6.60938e-54	1.66349e-52	3.92733e-51	8.66214e-50	1.77671e-48	3.37146e-47	5.88379e-46	9.37955e-45	1.35516e-43	1.75847e-42	2.02784e-41	2.05288e-40	1.79872e-39	1.34201e-38	8.3677e-38	4.262e-37	1.71405e-36	5.07324e-36	9.16266e-36	5.07324e-36	1.71405e-36	4.262e-37	8.3677e-38	1.34201e-38	1.79872e-39	2.05288e-40	2.02784e-41	1.75847e-42	1.35516e-43	9.37955e-45	5.88379e-46	3.37146e-47	1.77671e-48	8.66214e-50	3.92733e-51	1.66349e-52	6.60938e-54	2.47223e-55	8.734e-57	2.92284e-58	9.28994e-60	2.81113e-61	8.11635e-63	2.2404e-64	5.92345e-66	1.50262e-67	3.66292e-69	8.59305e-71	1.94265e-72	4.23759e-74	8.92957e-76	1.81974e-77	3.5901e-79	6.86346e-81	1.27267e-82	2.29089e-84	4.07451e-86	4.07451e-86	
3.3061e-86	3.3061e-86	1.91107e-84	1.09185e-82	6.06054e-81	3.26564e-79	1.7067e-77	8.64334e-76	4.23756e-74	2.00915e-72	9.20217e-71	4.06665e-69	1.73183e-67	7.09747e-66	2.79512e-64	1.05611e-62	3.82204e-61	1.32237e-59	4.36525e-58	1.37186e-56	4.0946e-55	1.15761e-53	3.09092e-52	7.76921e-51	1.8317e-49	4.03412e-48	8.26167e-47	1.56512e-45	2.7265e-44	4.33787e-43	6.25368e-42	8.09493e-41	9.3087e-40	9.39272e-39	8.19788e-38	6.0881e-37	3.77542e-36	1.91131e-35	7.64087e-35	2.25131e-34	4.05888e-34	2.25131e-34	7.64087e-35	1.91131e-35	3.77542e-36	6.0881e-37	8.19788e-38	9.39272e-39	9.3087e-40	8.09493e-41	6.25368e-42	4.33787e-43	2.7265e-44	1.56512e-45	8.26167e-47	4.03412e-48	1.8317e-49	7.76921e-51	3.09092e-52	1.15761e-53	4.0946e-55	1.37186e-56	4.36525e-58	1.32237e-59	3.82205e-61	1.05612e-62	2.79512e-64	7.09749e-66	1.73184e-67	4.06668e-69	9.20223e-71	2.00917e-72	4.2376e-74	8.64343e-76	1.70672e-77	3.26569e-79	6.06064e-81	1.09187e-82	1.94362e-84	1.94362e-84	
1.52488e-84	1.52488e-84	8.80697e-83	5.02743e-81	2.7882e-79	1.50109e-77	7.83815e-76	3.96598e-74	1.94264e-72	9.20217e-71	4.21078e-69	1.85907e-67	7.9094e-66	3.23827e-64	1.274e-62	4.80875e-61	1.73843e-59	6.00817e-58	1.98113e-56	6.2189e-55	1.85394e-53	5.2349e-52	1.39597e-50	3.50413e-49	8.24978e-48	1.81422e-46	3.70952e-45	7.0155e-44	1.21988e-42	1.93691e-41	2.78609e-40	3.59729e-39	4.12471e-38	4.14788e-37	3.60573e-36	2.66497e-35	1.64329e-34	8.26641e-34	3.2839e-33	9.62938e-33	1.73285e-32	9.62938e-33	3.2839e-33	8.26641e-34	1.64329e-34	2.66497e-35	3.60573e-36	4.14788e-37	4.12471e-38	3.59729e-39	2.78609e-40	1.93691e-41	1.21988e-42	7.0155e-44	3.70952e-45	1.81422e-46	8.24978e-48	3.50413e-49	1.39597e-50	5.2349e-52	1.85394e-53	6.2189e-55	1.98113e-56	6.00818e-58	1.73843e-59	4.80877e-61	1.27401e-62	3.23828e-64	7.90945e-66	1.85909e-67	4.21082e-69	9.20226e-71	1.94267e-72	3.96603e-74	7.83828e-76	1.50111e-77	2.78826e-79	5.02757e-81	8.95716e-83	8.95716e-83	
6.7869e-83	6.7869e-83	3.91642e-81	2.23376e-79	1.23777e-77	6.65791e-76	3.47343e-74	1.75591e-72	8.59302e-71	4.06665e-69	1.85907e-67	8.19994e-66	3.48521e-64	1.42548e-62	5.60235e-61	2.11239e-59	7.62833e-58	2.63349e-56	8.67373e-55	2.71953e-53	8.09742e-52	2.28354e-50	6.08138e-49	1.52443e-47	3.58377e-46	7.86902e-45	1.60636e-43	3.03265e-42	5.26328e-41	8.33967e-40	1.19684e-38	1.5413e-37	1.76201e-36	1.76574e-35	1.5286e-34	1.12418e-33	6.8912e-33	3.44351e-32	1.35889e-31	3.96443e-31	7.12007e-31	3.96443e-31	1.35889e-31	3.44351e-32	6.8912e-33	1.12418e-33	1.5286e-34	1.76574e-35	1.76201e-36	1.5413e-37	1.19684e-38	8.33967e-40	5.26328e-41	3.03265e-42	1.60636e-43	7.86902e-45	3.58377e-46	1.52443e-47	6.08138e-49	2.28354e-50	8.09743e-52	2.71953e-53	8.67375e-55	2.6335e-56	7.62836e-58	2.1124e-59	5.60238e-61	1.42549e-62	3.48523e-64	8.20002e-66	1.8591e-67	4.06671e-69	8.59315e-71	1.75594e-72	3.4735e-74	6.65807e-76	1.2378e-77	2.23384e-79	3.9833e-81	3.9833e-81	
2.91127e-81	2.91127e-81	1.6785e-79	9.5651e-78	5.29552e-76	2.8459e-74	1.48336e-72	7.49186e-71	3.66291e-69	1.73183e-67	7.9094e-66	3.48521e-64	1.47982e-62	6.04636e-61	2.37382e-59	8.94094e-58	3.22521e-56	1.11216e-54	3.65875e-53	1.14577e-51	3.40726e-50	9.59628e-49	2.55216e-47	6.38849e-46	1.49963e-44	3.28762e-43	6.69998e-42	1.26262e-40	2.18706e-39	3.458e-38	4.95085e-37	6.3587e-36	7.24694e-35	7.23619e-34	6.23758e-33	4.56371e-32	2.7804e-31	1.37967e-30	5.40628e-30	1.56872e-29	2.81148e-29	1.56872e-29	5.40628e-30	1.37967e-30	2.7804e-31	4.56371e-32	6.23758e-33	7.23619e-34	7.24694e-35	6.3587e-36	4.95085e-37	3.458e-38	2.18706e-39	1.26262e-40	6.69998e-42	3.28762e-43	1.49963e-44	6.3885e-46	2.55216e-47	9.59629e-49	3.40727e-50	1.14577e-51	3.65876e-53	1.11216e-54	3.22523e-56	8.94099e-58	2.37384e-59	6.04642e-61	1.47984e-62	3.48525e-64	7.90952e-66	1.73186e-67	3.66299e-69	7.49204e-71	1.4834e-72	2.84598e-74	5.2957e-76	9.56551e-78	1.7072e-79	1.7072e-79	
1.20194e-79	1.20194e-79	6.92364e-78	3.94202e-76	2.18046e-74	1.17075e-72	6.09661e-71	3.07627e-69	1.50261e-67	7.09747e-66	3.23827e-64	1.42548e-62	6.04636e-61	2.46787e-59	9.67852e-58	3.64138e-56	1.31205e-54	4.51911e-53	1.4849e-51	4.64432e-50	1.37935e-48	3.87965e-47	1.03037e-45	2.57544e-44	6.03631e-43	1.32119e-41	2.68786e-40	5.05592e-39	8.74007e-38	1.37887e-36	1.96931e-35	2.52234e-34	2.86556e-33	2.85069e-32	2.44641e-31	1.78034e-30	1.07771e-29	5.30854e-29	2.06471e-28	5.9566e-28	1.06516e-27	5.9566e-28	2.06471e-28	5.30854e-29	1.07771e-29	1.78034e-30	2.44641e-31	2.85069e-32	2.86556e-33	2.52234e-34	1.96931e-35	1.37887e-36	8.74007e-38	5.05592e-39	2.68786e-40	1.32119e-41	6.03631e-43	2.57544e-44	1.03037e-45	3.87965e-47	1.37935e-48	4.64434e-50	1.48491e-51	4.51914e-53	1.31206e-54	3.64141e-56	9.67862e-58	2.4679e-59	6.04645e-61	1.4255e-62	3.23834e-64	7.09764e-66	1.50265e-67	3.07637e-69	6.09683e-71	1.17079e-72	2.18055e-74	3.94223e-76	7.04222e-78	7.04222e-78	
4.76916e-78	4.76916e-78	2.74474e-76	1.56133e-74	8.62831e-73	4.62847e-71	2.40799e-69	1.21388e-67	5.92344e-66	2.79512e-64	1.274e-62	5.60235e-61	2.37382e-59	9.67852e-58	3.79155e-56	1.4249e-54	5.12818e-53	1.7642e-51	5.78973e-50	1.80855e-48	5.36425e-47	1.50671e-45	3.99586e-44	9.97278e-43	2.33373e-41	5.09938e-40	1.03559e-38	1.94423e-37	3.35399e-36	5.27936e-35	7.52098e-34	9.60555e-33	1.08768e-31	1.07788e-30	9.20765e-30	6.66351e-29	4.0067e-28	1.95836e-27	7.55675e-27	2.16667e-26	3.86517e-26	2.16667e-26	7.55675e-27	1.95836e-27	4.0067e-28	6.66351e-29	9.20765e-30	1.07788e-30	1.08768e-31	9.60555e-33	7.52098e-34	5.27936e-35	3.35399e-36	1.94423e-37	1.03559e-38	5.09938e-40	2.33373e-41	9.97279e-43	3.99587e-44	1.50672e-45	5.36426e-47	1.80856e-48	5.78976e-50	1.76422e-51	5.12823e-53	1.42491e-54	3.79161e-56	9.67869e-58	2.37387e-59	5.60249e-61	1.27404e-62	2.79521e-64	5.92365e-66	1.21393e-67	2.4081e-69	4.62872e-71	8.62881e-73	1.56144e-74	2.79184e-76	2.79184e-76	
1.81587e-76	1.81587e-76	1.04411e-74	5.93386e-73	3.27614e-71	1.75575e-69	9.12561e-68	4.59576e-66	2.24039e-64	1.05611e-62	4.80875e-61	2.11239e-59	8.94094e-58	3.64138e-56	1.4249e-54	5.34868e-53	1.92269e-51	6.60635e-50	2.16532e-48	6.75499e-47	2.00084e-45	5.61205e-44	1.48614e-42	3.70334e-41	8.65206e-40	1.88728e-38	3.82565e-37	7.16817e-36	1.23393e-34	1.93769e-33	2.75322e-32	3.50593e-31	3.95645e-30	3.90514e-29	3.32e-28	2.38874e-27	1.42625e-26	6.91433e-26	2.64563e-25	7.53551e-25	1.34082e-24	7.53551e-25	2.64563e-25	6.91433e-26	1.42625e-26	2.38874e-27	3.32e-28	3.90514e-29	3.95645e-30	3.50593e-31	2.75322e-32	1.93769e-33	1.23393e-34	7.16817e-36	3.82565e-37	1.88728e-38	8.65207e-40	3.70335e-41	1.48614e-42	5.61207e-44	2.00085e-45	6.75503e-47	2.16533e-48	6.60642e-50	1.92271e-51	5.34877e-53	1.42492e-54	3.64146e-56	8.94119e-58	2.11246e-59	4.80893e-61	1.05616e-62	2.2405e-64	4.59602e-66	9.12618e-68	1.75588e-69	3.27639e-71	5.93438e-73	1.06206e-74	1.06206e-74	
6.62337e-75	6.62337e-75	3.80477e-73	2.1603e-71	1.19158e-69	6.37977e-68	3.31265e-66	1.66662e-64	8.11634e-63	3.82204e-61	1.73843e-59	7.62833e-58	3.22521e-56	1.31205e-54	5.12818e-53	1.92269e-51	6.90303e-50	2.36888e-48	7.7542e-47	2.41576e-45	7.14552e-44	2.00128e-42	5.29157e-41	1.31651e-39	3.07056e-38	6.68586e-37	1.35269e-35	2.52935e-34	4.34434e-33	6.80547e-32	9.64347e-31	1.22423e-29	1.37667e-28	1.35318e-27	1.1447e-26	8.18635e-26	4.85188e-25	2.33188e-24	8.84254e-24	2.50073e-23	4.43728e-23	2.50073e-23	8.84254e-24	2.33188e-24	4.85188e-25	8.18635e-26	1.1447e-26	1.35318e-27	1.37667e-28	1.22423e-29	9.64347e-31	6.80548e-32	4.34434e-33	2.52936e-34	1.35269e-35	6.68587e-37	3.07056e-38	1.31651e-39	5.29159e-41	2.00129e-42	7.14557e-44	2.41578e-45	7.75429e-47	2.36892e-48	6.90316e-50	1.92273e-51	5.12832e-53	1.31209e-54	3.22534e-56	7.62867e-58	1.73852e-59	3.82227e-61	8.11688e-63	1.66674e-64	3.31292e-66	6.38035e-68	1.1917e-69	2.16054e-71	3.87037e-73	3.87037e-73	
2.31009e-73	2.31009e-73	1.32575e-71	7.52015e-70	4.14394e-68	2.21648e-66	1.14973e-64	5.77843e-63	2.81113e-61	1.32237e-59	6.00817e-58	2.63349e-56	1.11216e-54	4.51911e-53	1.7642e-51	6.60635e-50	2.36888e-48	8.11862e-47	2.65394e-45	8.25663e-44	2.43867e-42	6.81982e-41	1.80038e-39	4.4718e-38	1.04116e-36	2.26282e-35	4.5691e-34	8.52545e-33	1.46092e-31	2.28274e-30	3.22555e-29	4.08173e-28	4.57312e-27	4.47569e-26	3.76652e-25	2.67658e-24	1.57408e-23	7.49618e-23	2.81531e-22	7.90095e-22	1.39772e-21	7.90095e-22	2.81531e-22	7.49618e-23	1.57408e-23	2.67658e-24	3.76652e-25	4.47569e-26	4.57312e-27	4.08173e-28	3.22555e-29	2.28274e-30	1.46092e-31	8.52546e-33	4.56911e-34	2.26283e-35	1.04116e-36	4.47182e-38	1.80039e-39	6.81987e-41	2.4387e-42	8.25674e-44	2.65399e-45	8.11879e-47	2.36895e-48	6.60656e-50	1.76427e-51	4.51932e-53	1.11222e-54	2.63366e-56	6.0086e-58	1.32247e-59	2.81138e-61	5.77901e-63	1.14986e-64	2.21674e-66	4.14449e-68	7.52127e-70	1.34867e-71	1.34867e-71	
7.68902e-72	7.68902e-72	4.40832e-70	2.4981e-68	1.37519e-66	7.34801e-65	3.80761e-63	1.91165e-61	9.28994e-60	4.36525e-58	1.98113e-56	8.67373e-55	3.65875e-53	1.4849e-51	5.78973e-50	2.16532e-48	7.7542e-47	2.65394e-45	8.66355e-44	2.69141e-42	7.93743e-41	2.21625e-39	5.84115e-38	1.44834e-36	3.36601e-35	7.30149e-34	1.47128e-32	2.73917e-31	4.68252e-30	7.29726e-29	1.02808e-27	1.29664e-26	1.44716e-25	1.40994e-24	1.1801e-23	8.33043e-23	4.8591e-22	2.2916e-21	8.51797e-21	2.37068e-20	4.18016e-20	2.37068e-20	8.51797e-21	2.2916e-21	4.8591e-22	8.33043e-23	1.1801e-23	1.40994e-24	1.44716e-25	1.29664e-26	1.02808e-27	7.29727e-29	4.68252e-30	2.73917e-31	1.47128e-32	7.30151e-34	3.36602e-35	1.44835e-36	5.8412e-38	2.21628e-39	7.93755e-41	2.69147e-42	8.66377e-44	2.65402e-45	7.7545e-47	2.16542e-48	5.79004e-50	1.485e-51	3.65902e-53	8.67447e-55	1.98132e-56	4.36572e-58	9.29106e-60	1.91191e-61	3.80817e-63	7.34919e-65	1.37543e-66	2.49859e-68	4.48484e-70	4.48484e-70	
2.43704e-70	2.43704e-70	1.3958e-68	7.9017e-67	4.34535e-65	2.31941e-63	1.20059e-61	6.02118e-60	2.92284e-58	1.37186e-56	6.2189e-55	2.71953e-53	1.14577e-51	4.64432e-50	1.80855e-48	6.75499e-47	2.41576e-45	8.25663e-44	2.69141e-42	8.34862e-41	2.45831e-39	6.85284e-38	1.80306e-36	4.46275e-35	1.0352e-33	2.24103e-32	4.50607e-31	8.36977e-30	1.42718e-28	2.21798e-27	3.11518e-26	3.91525e-25	4.35223e-24	4.22026e-23	3.51221e-22	2.46199e-21	1.42369e-20	6.64493e-20	2.44259e-19	6.73686e-19	1.18364e-18	6.73686e-19	2.44259e-19	6.64493e-20	1.42369e-20	2.46199e-21	3.51221e-22	4.22026e-23	4.35223e-24	3.91525e-25	3.11518e-26	2.21798e-27	1.42718e-28	8.36978e-30	4.50608e-31	2.24104e-32	1.03521e-33	4.46279e-35	1.80308e-36	6.85295e-38	2.45837e-39	8.34886e-41	2.69151e-42	8.257e-44	2.4159e-45	6.75543e-47	1.80869e-48	4.64474e-50	1.14589e-51	2.71985e-53	6.21973e-55	1.37207e-56	2.92332e-58	6.02228e-60	1.20083e-61	2.31991e-63	4.34637e-65	7.90373e-67	1.42015e-68	1.42015e-68	
7.33787e-69	7.33787e-69	4.19833e-67	2.37422e-65	1.30426e-63	6.95418e-62	3.59574e-60	1.8013e-58	8.73399e-57	4.0946e-55	1.85394e-53	8.09742e-52	3.40726e-50	1.37935e-48	5.36425e-47	2.00084e-45	7.14552e-44	2.43867e-42	7.93743e-41	2.45831e-39	7.22695e-38	2.01118e-36	5.28225e-35	1.30497e-33	3.02108e-32	6.52635e-31	1.30931e-29	2.42606e-28	4.12592e-27	6.39345e-26	8.95066e-25	1.12083e-23	1.24067e-22	1.19708e-21	9.90283e-21	6.89056e-20	3.9482e-19	1.82245e-18	6.61899e-18	1.80761e-17	3.1634e-17	1.80761e-17	6.61899e-18	1.82245e-18	3.9482e-19	6.89056e-20	9.90283e-21	1.19708e-21	1.24067e-22	1.12083e-23	8.95066e-25	6.39346e-26	4.12593e-27	2.42607e-28	1.30931e-29	6.52639e-31	3.02111e-32	1.30499e-33	5.28235e-35	2.01124e-36	7.2272e-38	2.45842e-39	7.93786e-41	2.43884e-42	7.1461e-44	2.00103e-45	5.36484e-47	1.37953e-48	3.40776e-50	8.09876e-52	1.85429e-53	4.09544e-55	8.73596e-57	1.80175e-58	3.5967e-60	6.9562e-62	1.30467e-63	2.37502e-65	4.27202e-67	4.27202e-67	
2.09344e-67	2.09344e-67	1.19646e-65	6.75882e-64	3.70883e-62	1.9753e-60	1.02019e-58	5.10476e-57	2.47222e-55	1.15761e-53	5.2349e-52	2.28354e-50	9.59628e-49	3.87965e-47	1.50671e-45	5.61205e-44	2.00128e-42	6.81982e-41	2.21625e-39	6.85284e-38	2.01118e-36	5.587e-35	1.46466e-33	3.61133e-32	8.34311e-31	1.79836e-29	3.59932e-28	6.65229e-27	1.12819e-25	1.74288e-24	2.43167e-23	3.03328e-22	3.34268e-21	3.20834e-20	2.63733e-19	1.82081e-18	1.03317e-17	4.71259e-17	1.68938e-16	4.56383e-16	7.95212e-16	4.56383e-16	1.68938e-16	4.71259e-17	1.03317e-17	1.82081e-18	2.63733e-19	3.20834e-20	3.34268e-21	3.03328e-22	2.43167e-23	1.74288e-24	1.12819e-25	6.65231e-27	3.59934e-28	1.79838e-29	8.34324e-31	3.61141e-32	1.46471e-33	5.58723e-35	2.01129e-36	6.85329e-38	2.21643e-39	6.82049e-41	2.00152e-42	5.61282e-44	1.50696e-45	3.88036e-47	9.59827e-49	2.28407e-50	5.23625e-52	1.15794e-53	2.47299e-55	5.10648e-57	1.02056e-58	1.97608e-60	3.71039e-62	6.76188e-64	1.21762e-65	1.21762e-65	
5.64258e-66	5.64258e-66	3.22128e-64	1.81767e-62	9.96291e-61	5.30004e-59	2.73409e-57	1.36642e-55	6.60938e-54	3.09092e-52	1.39597e-50	6.08138e-49	2.55216e-47	1.03037e-45	3.99586e-44	1.48614e-42	5.29157e-41	1.80038e-39	5.84115e-38	1.80306e-36	5.28225e-35	1.46466e-33	3.8322e-32	9.42935e-31	2.17367e-29	4.67446e-28	9.33234e-27	1.72017e-25	2.90874e-24	4.47903e-23	6.22665e-22	7.73547e-21	8.48441e-20	8.09829e-19	6.61241e-18	4.52741e-17	2.54232e-16	1.14488e-15	4.04623e-15	1.08008e-14	1.87282e-14	1.08008e-14	4.04623e-15	1.14488e-15	2.54232e-16	4.52741e-17	6.61241e-18	8.09829e-19	8.48442e-20	7.73548e-21	6.22666e-22	4.47904e-23	2.90875e-24	1.72018e-25	9.33245e-27	4.67454e-28	2.17373e-29	9.42968e-31	3.83238e-32	1.46476e-33	5.28268e-35	1.80324e-36	5.84187e-38	1.80064e-39	5.29249e-41	1.48644e-42	3.99678e-44	1.03064e-45	2.55291e-47	6.08336e-49	1.39647e-50	3.09213e-52	6.6122e-54	1.36705e-55	2.73545e-57	5.30285e-59	9.96855e-61	1.81877e-62	3.27884e-64	3.27884e-64	
1.43231e-64	1.43231e-64	8.16732e-63	4.60319e-61	2.52008e-59	1.339e-57	6.89888e-56	3.44352e-54	1.66349e-52	7.76921e-51	3.50413e-49	1.52443e-47	6.38849e-46	2.57544e-44	9.97278e-43	3.70334e-41	1.31651e-39	4.4718e-38	1.44834e-36	4.46275e-35	1.30497e-33	3.61133e-32	9.42935e-31	2.3151e-29	5.3245e-28	1.14221e-26	2.27435e-25	4.18019e-24	7.04653e-23	1.08134e-21	1.4975e-20	1.8523e-19	2.02147e-18	1.91809e-17	1.55499e-16	1.05527e-15	5.85995e-15	2.60261e-14	9.05606e-14	2.3855e-13	4.11383e-13	2.3855e-13	9.05606e-14	2.60261e-14	5.85995e-15	1.05527e-15	1.55499e-16	1.91809e-17	2.02147e-18	1.8523e-19	1.4975e-20	1.08134e-21	7.04658e-23	4.18023e-24	2.27439e-25	1.14224e-26	5.32472e-28	2.31523e-29	9.43007e-31	3.61169e-32	1.30513e-33	4.46345e-35	1.44861e-36	4.47279e-38	1.31685e-39	3.70444e-41	9.97613e-43	2.57641e-44	6.39117e-46	1.52513e-47	3.50589e-49	7.77346e-51	1.66448e-52	3.4457e-54	6.90356e-56	1.33997e-57	2.52201e-59	4.60694e-61	8.31522e-63	8.31522e-63	
3.41183e-63	3.41183e-63	1.94312e-61	1.09383e-59	5.98084e-58	3.17379e-56	1.63311e-54	8.14075e-53	3.92733e-51	1.8317e-49	8.24978e-48	3.58377e-46	1.49963e-44	6.03631e-43	2.33373e-41	8.65206e-40	3.07056e-38	1.04116e-36	3.36601e-35	1.0352e-33	3.02108e-32	8.34311e-31	2.17367e-29	5.3245e-28	1.22158e-26	2.61368e-25	5.1897e-24	9.50948e-23	1.59769e-21	2.44278e-20	3.36906e-19	4.14796e-18	4.50257e-17	4.24532e-16	3.41539e-15	2.29586e-14	1.25964e-13	5.51095e-13	1.88501e-12	4.89235e-12	8.38486e-12	4.89235e-12	1.88501e-12	5.51095e-13	1.25964e-13	2.29586e-14	3.41539e-15	4.24532e-16	4.50257e-17	4.14797e-18	3.36908e-19	2.4428e-20	1.59771e-21	9.50967e-23	5.18986e-24	2.61381e-25	1.22167e-26	5.325e-28	2.17394e-29	8.34443e-31	3.02168e-32	1.03545e-33	3.36697e-35	1.04151e-36	3.07174e-38	8.65585e-40	2.33488e-41	6.0396e-43	1.50053e-44	3.58612e-46	8.25565e-48	1.8331e-49	3.93056e-51	8.1479e-53	1.63463e-54	3.17692e-56	5.98706e-58	1.09503e-59	1.97893e-61	1.97893e-61	
7.59626e-62	7.59626e-62	4.3207e-60	2.42908e-58	1.32644e-56	7.02946e-55	3.61215e-53	1.79809e-51	8.66214e-50	4.03412e-48	1.81422e-46	7.86902e-45	3.28762e-43	1.32119e-41	5.09938e-40	1.88728e-38	6.68586e-37	2.26282e-35	7.30149e-34	2.24103e-32	6.52635e-31	1.79836e-29	4.67446e-28	1.14221e-26	2.61368e-25	5.57657e-24	1.10395e-22	2.01625e-21	3.37544e-20	5.14058e-19	7.05866e-18	8.64721e-17	9.33237e-16	8.73936e-15	6.97303e-14	4.6394e-13	2.51244e-12	1.08127e-11	3.62894e-11	9.26276e-11	1.57631e-10	9.26276e-11	3.62894e-11	1.08127e-11	2.51244e-12	4.6394e-13	6.97303e-14	8.73937e-15	9.33239e-16	8.64724e-17	7.0587e-18	5.14064e-19	3.37551e-20	2.01632e-21	1.10401e-22	5.57702e-24	2.61399e-25	1.14239e-26	4.6754e-28	1.79882e-29	6.52839e-31	2.24187e-32	7.3047e-34	2.26397e-35	6.68972e-37	1.8885e-38	5.10305e-40	1.32223e-41	3.29046e-43	7.87641e-45	1.81605e-46	4.03848e-48	8.67211e-50	1.80028e-51	3.6168e-53	7.03899e-55	1.32832e-56	2.4327e-58	4.40219e-60	4.40219e-60	
1.57372e-60	1.57372e-60	8.939e-59	5.01862e-57	2.73668e-55	1.44825e-53	7.43118e-52	3.69369e-50	1.77671e-48	8.26167e-47	3.70952e-45	1.60636e-43	6.69998e-42	2.68786e-40	1.03559e-38	3.82565e-37	1.35269e-35	4.5691e-34	1.47128e-32	4.50607e-31	1.30931e-29	3.59932e-28	9.33234e-27	2.27435e-25	5.1897e-24	1.10395e-22	2.17831e-21	3.96449e-20	6.61149e-19	1.00261e-17	1.37015e-16	1.66944e-15	1.79046e-14	1.66432e-13	1.31608e-12	8.65897e-12	4.62287e-11	1.95385e-10	6.42004e-10	1.60799e-09	2.7141e-09	1.60799e-09	6.42004e-10	1.95385e-10	4.62287e-11	8.65897e-12	1.31608e-12	1.66432e-13	1.79047e-14	1.66945e-15	1.37017e-16	1.00263e-17	6.61174e-19	3.96474e-20	2.17852e-21	1.1041e-22	5.19072e-24	2.27495e-25	9.33546e-27	3.60081e-28	1.30996e-29	4.50873e-31	1.47229e-32	4.57266e-34	1.35387e-35	3.82936e-37	1.03669e-38	2.69098e-40	6.70839e-42	1.60852e-43	3.71486e-45	8.2743e-47	1.77959e-48	3.69998e-50	7.44445e-52	1.45095e-53	2.74201e-55	5.02881e-57	9.11284e-59	9.11284e-59	
3.01834e-59	3.01834e-59	1.71197e-57	9.59748e-56	5.22577e-54	2.76128e-52	1.41466e-50	7.02046e-49	3.37146e-47	1.56512e-45	7.0155e-44	3.03265e-42	1.26262e-40	5.05592e-39	1.94423e-37	7.16817e-36	2.52935e-34	8.52545e-33	2.73917e-31	8.36977e-30	2.42606e-28	6.65229e-27	1.72017e-25	4.18019e-24	9.50948e-23	2.01625e-21	3.96449e-20	7.18777e-19	1.19367e-17	1.80177e-16	2.4495e-15	2.96693e-14	3.16029e-13	2.91392e-12	2.28166e-11	1.48288e-10	7.79357e-10	3.22842e-09	1.03583e-08	2.53878e-08	4.24417e-08	2.53878e-08	1.03583e-08	3.22842e-09	7.79357e-10	1.48288e-10	2.28167e-11	2.91393e-12	3.1603e-13	2.96697e-14	2.44956e-15	1.80184e-16	1.19375e-17	7.18857e-19	3.96517e-20	2.01675e-21	9.51268e-23	4.18202e-24	1.72112e-25	6.65678e-27	2.42801e-28	8.37758e-30	2.74208e-31	8.53565e-33	2.53271e-34	7.1786e-36	1.94731e-37	5.06455e-39	1.26493e-40	3.03855e-42	7.02996e-44	1.56852e-45	3.37916e-47	7.03722e-49	1.41818e-50	2.76843e-52	5.2398e-54	9.6242e-56	1.74664e-57	1.74664e-57	
5.3287e-58	5.3287e-58	3.01763e-56	1.68904e-54	9.18195e-53	4.84375e-51	2.4774e-49	1.22734e-47	5.88379e-46	2.7265e-44	1.21988e-42	5.26328e-41	2.18706e-39	8.74007e-38	3.35399e-36	1.23393e-34	4.34434e-33	1.46092e-31	4.68252e-30	1.42718e-28	4.12592e-27	1.12819e-25	2.90874e-24	7.04653e-23	1.59769e-21	3.37544e-20	6.61149e-19	1.19367e-17	1.97322e-16	2.96329e-15	4.00556e-14	4.82012e-13	5.09552e-12	4.65635e-11	3.60651e-10	2.31221e-09	1.19418e-08	4.83656e-08	1.51031e-07	3.60998e-07	5.96624e-07	3.60998e-07	1.51031e-07	4.83656e-08	1.19418e-08	2.31222e-09	3.60652e-10	4.65637e-11	5.09557e-12	4.82022e-13	4.00572e-14	2.96351e-15	1.97347e-16	1.19391e-17	6.61348e-19	3.37689e-20	1.59861e-21	7.05177e-23	2.91142e-24	1.12944e-25	4.13127e-27	1.4293e-28	4.69034e-30	1.46362e-31	4.35315e-33	1.23664e-34	3.36192e-36	8.76212e-38	2.19291e-39	5.27815e-41	1.2235e-42	2.73497e-44	5.90284e-46	1.23147e-47	2.48604e-49	4.86122e-51	9.21611e-53	1.69552e-54	3.0821e-56	3.0821e-56	
8.60254e-57	8.60254e-57	4.86322e-55	2.71739e-53	1.47463e-51	7.76516e-50	3.96431e-48	1.96031e-46	9.37955e-45	4.33787e-43	1.93691e-41	8.33967e-40	3.458e-38	1.37887e-36	5.27936e-35	1.93769e-33	6.80547e-32	2.28274e-30	7.29727e-29	2.21798e-27	6.39345e-26	1.74288e-24	4.47903e-23	1.08134e-21	2.44278e-20	5.14058e-19	1.00261e-17	1.80177e-16	2.96329e-15	4.42495e-14	5.9433e-13	7.10001e-12	7.44243e-11	6.73301e-10	5.15158e-09	3.25258e-08	1.64703e-07	6.50203e-07	1.968e-06	4.56733e-06	7.44432e-06	4.56733e-06	1.968e-06	6.50203e-07	1.64703e-07	3.25258e-08	5.1516e-09	6.73307e-10	7.44256e-11	7.10028e-12	5.94372e-13	4.42553e-14	2.96395e-15	1.80241e-16	1.00313e-17	5.14439e-19	2.44519e-20	1.08269e-21	4.48589e-23	1.74604e-24	6.40686e-26	2.22323e-27	7.31646e-29	2.28931e-30	6.82665e-32	1.94415e-33	5.29807e-35	1.38403e-36	3.47161e-38	8.37401e-40	1.94522e-41	4.3572e-43	9.42284e-45	1.96965e-46	3.98378e-48	7.80436e-50	1.48227e-51	2.73183e-53	4.97467e-55	4.97467e-55	
1.26039e-55	1.26039e-55	7.11175e-54	3.96621e-52	2.14813e-50	1.12893e-48	5.75177e-47	2.83828e-45	1.35516e-43	6.25368e-42	2.78609e-40	1.19684e-38	4.95085e-37	1.96931e-35	7.52098e-34	2.75322e-32	9.64347e-31	3.22555e-29	1.02808e-27	3.11518e-26	8.95066e-25	2.43167e-23	6.22665e-22	1.4975e-20	3.36906e-19	7.05866e-18	1.37015e-16	2.4495e-15	4.00556e-14	5.9433e-13	7.92543e-12	9.39031e-11	9.74923e-10	8.71979e-09	6.57933e-08	4.08184e-07	2.02064e-06	7.74427e-06	2.25991e-05	5.06325e-05	8.11141e-05	5.06325e-05	2.25991e-05	7.74427e-06	2.02065e-06	4.08185e-07	6.57937e-08	8.71992e-09	9.74954e-10	9.39092e-11	7.92643e-12	5.94465e-13	4.00711e-14	2.451e-15	1.3714e-16	7.06762e-18	3.37468e-19	1.50063e-20	6.2424e-22	2.43889e-23	8.98102e-25	3.12698e-26	1.03235e-27	3.24003e-29	9.68969e-31	2.76719e-32	7.56112e-34	1.98031e-35	4.97963e-37	1.20405e-38	2.80346e-40	6.29388e-42	1.36412e-43	2.85754e-45	5.79175e-47	1.13695e-48	2.16372e-50	3.99558e-52	7.29019e-54	7.29019e-54	
1.6614e-54	1.6614e-54	9.35447e-53	5.20581e-51	2.81336e-49	1.47523e-47	7.499e-46	3.69183e-44	1.75847e-42	8.09493e-41	3.59729e-39	1.5413e-37	6.3587e-36	2.52234e-34	9.60555e-33	3.50593e-31	1.22423e-29	4.08174e-28	1.29664e-26	3.91525e-25	1.12083e-23	3.03328e-22	7.73547e-21	1.8523e-19	4.14797e-18	8.64722e-17	1.66944e-15	2.96694e-14	4.82013e-13	7.10002e-12	9.39031e-11	1.10213e-09	1.13168e-08	9.98898e-08	7.41575e-07	4.50746e-06	2.17271e-05	8.04039e-05	0.000224595	0.000482006	0.0007553	0.000482006	0.000224595	8.0404e-05	2.17271e-05	4.50748e-06	7.41582e-07	9.98923e-08	1.13174e-08	1.10225e-09	9.3923e-11	7.10273e-12	4.82325e-13	2.96999e-14	1.67199e-15	8.66556e-17	4.15942e-18	1.85865e-19	7.76742e-21	3.04789e-22	1.12695e-23	3.93892e-25	1.30514e-26	4.11034e-28	1.23329e-29	3.53311e-31	9.68304e-33	2.54341e-34	6.41352e-36	1.55497e-37	3.63003e-39	8.17036e-41	1.77521e-42	3.72769e-44	7.57319e-46	1.49008e-47	2.84212e-49	5.25986e-51	9.61795e-53	9.61795e-53	
1.95059e-53	1.95059e-53	1.09561e-51	6.08229e-50	3.27885e-48	1.71494e-46	8.69476e-45	4.26908e-43	2.02784e-41	9.3087e-40	4.12471e-38	1.76201e-36	7.24694e-35	2.86556e-33	1.08768e-31	3.95645e-30	1.37667e-28	4.57312e-27	1.44716e-25	4.35223e-24	1.24067e-22	3.34268e-21	8.48442e-20	2.02147e-18	4.50257e-17	9.33239e-16	1.79046e-14	3.16029e-13	5.09553e-12	7.44244e-11	9.74924e-10	1.13168e-08	1.14703e-07	9.96753e-07	7.25828e-06	4.30451e-05	0.000200899	0.000712295	0.00188521	0.00383255	0.00583119	0.00383255	0.00188521	0.000712296	0.000200899	4.30453e-05	7.2584e-06	9.96791e-07	1.14713e-07	1.13188e-08	9.75253e-10	7.44701e-11	5.10087e-12	3.16556e-13	1.7949e-14	9.36446e-16	4.5226e-17	2.0326e-18	8.54065e-20	3.36851e-21	1.25151e-22	4.39406e-24	1.46213e-25	4.62318e-27	1.39242e-28	4.00339e-30	1.10098e-31	2.90152e-33	7.33996e-35	1.78509e-36	4.17975e-38	9.43501e-40	2.05578e-41	4.32873e-43	8.81784e-45	1.73951e-46	3.32635e-48	6.17135e-50	1.13127e-51	1.13127e-51	
2.01621e-52	2.01621e-52	1.1293e-50	6.25163e-49	3.36041e-47	1.75241e-45	8.85782e-44	4.33563e-42	2.05288e-40	9.39272e-39	4.14788e-37	1.76574e-35	7.23619e-34	2.85069e-32	1.07788e-30	3.90514e-29	1.35318e-27	4.47569e-26	1.40994e-24	4.22026e-23	1.19708e-21	3.20835e-20	8.0983e-19	1.91809e-17	4.24533e-16	8.73938e-15	1.66432e-13	2.91393e-12	4.65637e-11	6.73304e-10	8.71982e-09	9.98901e-08	9.96755e-07	8.49906e-06	6.04405e-05	0.000347633	0.00155764	0.00522837	0.0129088	0.0244442	0.0356852	0.0244442	0.0129088	0.00522838	0.00155765	0.000347636	6.04419e-05	8.49953e-06	9.96878e-07	9.99158e-08	8.72422e-09	6.73928e-10	4.6638e-11	2.9214e-12	1.67071e-13	8.78606e-15	4.27465e-16	1.93452e-17	8.18239e-19	3.24745e-20	1.21362e-21	4.28431e-23	1.43285e-24	4.55209e-26	1.37712e-27	3.97611e-29	1.09788e-30	2.90452e-32	7.37487e-34	1.80002e-35	4.22933e-37	9.57907e-39	2.09399e-40	4.42319e-42	9.03812e-44	1.78833e-45	3.42975e-47	6.38144e-49	1.17311e-50	1.17311e-50	
1.81027e-51	1.81027e-51	1.01064e-49	5.57635e-48	2.98731e-46	1.55244e-44	7.81913e-43	3.81321e-41	1.79872e-39	8.19788e-38	3.60573e-36	1.5286e-34	6.23759e-33	2.44641e-31	9.20765e-30	3.32e-28	1.14471e-26	3.76652e-25	1.18011e-23	3.51222e-22	9.90285e-21	2.63734e-19	6.61243e-18	1.55499e-16	3.41541e-15	6.97306e-14	1.31609e-12	2.28168e-11	3.60654e-10	5.15162e-09	6.57937e-08	7.41579e-07	7.25832e-06	6.04407e-05	0.00041707	0.00230524	0.00978202	0.030476	0.0684466	0.117578	0.161508	0.117578	0.0684466	0.0304761	0.00978206	0.00230526	0.000417083	6.04451e-05	7.25951e-06	7.41838e-07	6.58393e-08	5.15829e-09	3.6147e-10	2.2901e-11	1.32346e-12	7.02797e-14	3.45029e-15	1.57488e-16	6.71686e-18	2.68701e-19	1.01163e-20	3.59562e-22	1.21005e-23	3.86639e-25	1.17594e-26	3.41232e-28	9.46703e-30	2.51597e-31	6.41625e-33	1.57264e-34	3.71014e-36	8.43627e-38	1.85122e-39	3.92487e-41	8.04875e-43	1.59814e-44	3.07545e-46	5.7412e-48	1.05888e-49	1.05888e-49	
1.39001e-50	1.39001e-50	7.73067e-49	4.2491e-47	2.26728e-45	1.17346e-43	5.88551e-42	2.85779e-40	1.34201e-38	6.08811e-37	2.66497e-35	1.12418e-33	4.56371e-32	1.78035e-30	6.66352e-29	2.38875e-27	8.18636e-26	2.67658e-24	8.33045e-23	2.46199e-21	6.89059e-20	1.82082e-18	4.52744e-17	1.05528e-15	2.29588e-14	4.63945e-13	8.65908e-12	1.4829e-10	2.31225e-09	3.25263e-08	4.0819e-07	4.50753e-06	4.30456e-05	0.000347636	0.00230525	0.0120669	0.0473948	0.132512	0.26008	0.390399	0.490879	0.390399	0.26008	0.132512	0.047395	0.012067	0.00230533	0.000347665	4.30539e-05	4.50942e-06	4.08539e-07	3.25794e-08	2.31901e-09	1.49015e-10	8.72474e-12	4.68976e-13	2.32841e-14	1.0744e-15	4.63224e-17	1.87252e-18	7.11837e-20	2.55235e-21	8.65747e-23	2.78601e-24	8.52883e-26	2.48989e-27	6.94729e-29	1.85633e-30	4.75858e-32	1.17215e-33	2.77858e-35	6.34731e-37	1.39906e-38	2.97906e-40	6.13479e-42	1.22306e-43	2.36292e-45	4.42797e-47	8.19765e-49	8.19765e-49	
8.95953e-50	8.95953e-50	4.96135e-48	2.71497e-46	1.4421e-44	7.42866e-43	3.70773e-41	1.79126e-39	8.36771e-38	3.77542e-36	1.64329e-34	6.89121e-33	2.7804e-31	1.07772e-29	4.00671e-28	1.42626e-26	4.85189e-25	1.57408e-23	4.85913e-22	1.4237e-20	3.94823e-19	1.03318e-17	2.54235e-16	5.86004e-15	1.25966e-13	2.5125e-12	4.623e-11	7.7938e-10	1.19421e-08	1.64708e-07	2.02071e-06	2.17277e-05	0.000200903	0.00155767	0.00978217	0.0473951	0.166091	0.396094	0.647715	0.82582	0.933971	0.82582	0.647715	0.396095	0.166092	0.0473957	0.00978247	0.0015578	0.000200942	2.1737e-05	2.02253e-06	1.65004e-07	1.1982e-08	7.83894e-10	4.66593e-11	2.54664e-12	1.28218e-13	5.9992e-15	2.62437e-16	1.07597e-17	4.14373e-19	1.50293e-20	5.14938e-22	1.67184e-23	5.15881e-25	1.51704e-26	4.26158e-28	1.14599e-29	2.95555e-31	7.32256e-33	1.74548e-34	4.00867e-36	8.88134e-38	1.90051e-39	3.93245e-41	7.87613e-43	1.52843e-44	2.87653e-46	5.348e-48	5.348e-48	
4.73185e-49	4.73185e-49	2.60809e-47	1.42044e-45	7.50769e-44	3.8476e-42	1.91013e-40	9.17683e-39	4.262e-37	1.91131e-35	8.26642e-34	3.44352e-32	1.37967e-30	5.30856e-29	1.95836e-27	6.91436e-26	2.33189e-24	7.49624e-23	2.29163e-21	6.64501e-20	1.82248e-18	4.71269e-17	1.14491e-15	2.60269e-14	5.51118e-13	1.08132e-11	1.95396e-10	3.22862e-09	4.83688e-08	6.50245e-07	7.74472e-06	8.04082e-05	0.000712328	0.00522858	0.0304769	0.132514	0.396098	0.770238	1.03841	1.15683	1.20454	1.15683	1.03841	0.770238	0.396099	0.132515	0.0304775	0.00522886	0.000712428	8.04352e-05	7.75058e-06	6.51285e-07	4.8522e-08	3.24737e-09	1.97286e-10	1.09675e-11	5.6121e-13	2.67158e-14	1.19172e-15	4.98088e-17	1.95171e-18	7.18472e-20	2.49275e-21	8.18042e-23	2.54804e-24	7.55632e-26	2.13915e-27	5.7941e-29	1.50451e-30	3.75165e-32	8.99792e-34	2.07861e-35	4.63111e-37	9.96339e-39	2.0722e-40	4.17084e-42	8.13229e-44	1.53749e-45	2.87122e-47	2.87122e-47	
1.97054e-48	1.97054e-48	1.08134e-46	5.86271e-45	3.08413e-43	1.57279e-41	7.76784e-40	3.71172e-38	1.71406e-36	7.64089e-35	3.2839e-33	1.35889e-31	5.4063e-30	2.06472e-28	7.5568e-27	2.64566e-25	8.84264e-24	2.81536e-22	8.51813e-21	2.44265e-19	6.6192e-18	1.68945e-16	4.04645e-15	9.05669e-14	1.88518e-12	3.62932e-11	6.42081e-10	1.03596e-08	1.51051e-07	1.96825e-06	2.26016e-05	0.000224617	0.00188536	0.0129097	0.0684504	0.26009	0.647733	1.03842	1.22097	1.28009	1.29638	1.28009	1.22097	1.03843	0.647734	0.260091	0.0684506	0.0129099	0.00188544	0.000224645	2.26094e-05	1.96996e-06	1.51349e-07	1.03999e-08	6.46061e-10	3.65516e-11	1.89486e-12	9.18899e-14	4.20431e-15	1.80269e-16	7.22246e-18	2.70762e-19	9.53332e-21	3.16653e-22	9.96439e-24	2.98154e-25	8.50887e-27	2.32185e-28	6.07074e-30	1.52364e-31	3.67666e-33	8.54266e-35	1.91373e-36	4.13864e-38	8.65017e-40	1.74926e-41	3.42598e-43	6.50484e-45	1.21981e-46	1.21981e-46	
5.98609e-48	5.98609e-48	3.27422e-46	1.76924e-44	9.27467e-43	4.71238e-41	2.31841e-39	1.10332e-37	5.07325e-36	2.25132e-34	9.62943e-33	3.96446e-31	1.56873e-29	5.95665e-28	2.1667e-26	7.53563e-25	2.50078e-23	7.90117e-22	2.37077e-20	6.73718e-19	1.80772e-17	4.56421e-16	1.0802e-14	2.38583e-13	4.8932e-12	9.26469e-11	1.60837e-09	2.53942e-08	3.61087e-07	4.56835e-06	5.06419e-05	0.000482077	0.00383301	0.0244469	0.117589	0.390428	0.82587	1.15688	1.28013	1.31228	1.31855	1.31228	1.28013	1.15689	0.825871	0.390427	0.117587	0.0244456	0.00383259	0.000481961	5.06194e-05	4.56511e-06	3.6069e-07	2.53326e-08	1.59522e-09	9.03334e-11	4.6421e-12	2.27838e-13	1.07626e-14	4.77241e-16	1.96596e-17	7.52858e-19	2.69377e-20	9.05985e-22	2.87981e-23	8.69035e-25	2.49853e-26	6.86322e-28	1.80534e-29	4.5563e-31	1.10515e-32	2.58011e-34	5.80583e-36	1.26082e-37	2.64557e-39	5.36961e-41	1.0553e-42	2.01021e-44	3.78142e-46	3.78142e-46	
1.09225e-47	1.09225e-47	5.96654e-46	3.21978e-44	1.68553e-42	8.55167e-41	4.20091e-39	1.99601e-37	9.1627e-36	4.05891e-34	1.73286e-32	7.12015e-31	2.81152e-29	1.06518e-27	3.86525e-26	1.34085e-24	4.43744e-23	1.39779e-21	4.18043e-20	1.18374e-18	3.16377e-17	7.95336e-16	1.8732e-14	4.11491e-13	8.38759e-12	1.57692e-10	2.71526e-09	4.24602e-08	5.9686e-07	7.44661e-06	8.113e-05	0.000755372	0.00583144	0.035687	0.161517	0.490914	0.934058	1.20467	1.29652	1.31866	1.32241	1.31866	1.29652	1.20468	0.934058	0.490908	0.161509	0.0356819	0.00582951	0.000754782	8.09955e-05	7.42211e-06	5.92808e-07	4.1758e-08	2.5913e-09	1.40136e-10	6.75294e-12	3.28487e-13	1.61681e-14	7.51857e-16	3.21551e-17	1.26472e-18	4.6118e-20	1.57266e-21	5.05176e-23	1.53723e-24	4.4501e-26	1.22952e-27	3.25045e-29	8.23953e-31	2.00628e-32	4.70006e-34	1.06088e-35	2.31021e-37	4.85956e-39	9.88548e-41	1.94679e-42	3.7153e-44	7.00102e-46	7.00102e-46	
5.98611e-48	5.98611e-48	3.27422e-46	1.76925e-44	9.2747e-43	4.7124e-41	2.31843e-39	1.10332e-37	5.0733e-36	2.25135e-34	9.62957e-33	3.96453e-31	1.56877e-29	5.95683e-28	2.16678e-26	7.53601e-25	2.50095e-23	7.90187e-22	2.37105e-20	6.73823e-19	1.8081e-17	4.56546e-16	1.08058e-14	2.38693e-13	4.89598e-12	9.27087e-11	1.60955e-09	2.54126e-08	3.61313e-07	4.5703e-06	5.06511e-05	0.000482061	0.0038325	0.0244444	0.117583	0.390435	0.825954	1.15707	1.28039	1.31258	1.31887	1.31258	1.28039	1.15708	0.82595	0.390428	0.117576	0.0244403	0.003831	0.000481578	5.0537e-05	4.54841e-06	3.57168e-07	2.45465e-08	1.44186e-09	6.988e-11	2.9521e-12	1.36243e-13	6.93668e-15	3.40168e-16	1.51828e-17	6.15371e-19	2.29209e-20	7.93972e-22	2.58152e-23	7.93225e-25	2.3148e-26	6.43896e-28	1.71209e-29	4.36151e-31	1.06655e-32	2.50785e-34	5.67878e-36	1.24008e-37	2.61481e-39	5.33021e-41	1.05159e-42	2.00998e-44	3.79265e-46	3.79265e-46	
