5.53691e-93	5.53691e-93	2.54763e-91	1.16356e-89	5.16411e-88	2.22536e-86	9.30322e-85	3.76963e-83	1.47904e-81	5.61346e-80	2.05862e-78	7.28641e-77	2.48599e-75	8.16493e-74	2.57781e-72	7.81125e-71	2.26797e-69	6.29819e-68	1.66955e-66	4.2156e-65	1.01152e-63	2.30056e-62	4.94541e-61	1.00166e-59	1.90492e-58	3.38833e-57	5.61253e-56	8.61531e-55	1.21876e-53	1.57897e-52	1.86005e-51	1.97612e-50	1.87569e-49	1.57352e-48	1.15215e-47	7.25545e-47	3.8586e-46	1.69037e-45	5.86046e-45	1.49003e-44	2.35028e-44	1.49003e-44	5.86046e-45	1.69037e-45	3.8586e-46	7.25545e-47	1.15215e-47	1.57352e-48	1.87569e-49	1.97612e-50	1.86005e-51	1.57897e-52	1.21876e-53	8.61531e-55	5.61253e-56	3.38833e-57	1.90492e-58	1.00166e-59	4.94541e-61	2.30056e-62	1.01152e-63	4.2156e-65	1.66955e-66	6.29819e-68	2.26797e-69	7.81126e-71	2.57781e-72	8.16494e-74	2.48599e-75	7.28642e-77	2.05863e-78	5.61347e-80	1.47904e-81	3.76965e-83	9.30327e-85	2.22538e-86	5.16414e-88	1.16358e-89	2.60188e-91	2.60188e-91	
5.53691e-93	5.53691e-93	2.54763e-91	1.16356e-89	5.16411e-88	2.22536e-86	9.30322e-85	3.76963e-83	1.47904e-81	5.61346e-80	2.05862e-78	7.28641e-77	2.48599e-75	8.16493e-74	2.57781e-72	7.81125e-71	2.26797e-69	6.29819e-68	1.66955e-66	4.2156e-65	1.01152e-63	2.30056e-62	4.94541e-61	1.00166e-59	1.90492e-58	3.38833e-57	5.61253e-56	8.61531e-55	1.21876e-53	1.57897e-52	1.86005e-51	1.97612e-50	1.87569e-49	1.57352e-48	1.15215e-47	7.25545e-47	3.8586e-46	1.69037e-45	5.86046e-45	1.49003e-44	2.35028e-44	1.49003e-44	5.86046e-45	1.69037e-45	3.8586e-46	7.25545e-47	1.15215e-47	1.57352e-48	1.87569e-49	1.97612e-50	1.86005e-51	1.57897e-52	1.21876e-53	8.61531e-55	5.61253e-56	3.38833e-57	1.90492e-58	1.00166e-59	4.94541e-61	2.30056e-62	1.01152e-63	4.2156e-65	1.66955e-66	6.29819e-68	2.26797e-69	7.81126e-71	2.57781e-72	8.16494e-74	2.48599e-75	7.28642e-77	2.05863e-78	5.61347e-80	1.47904e-81	3.76965e-83	9.30327e-85	2.22538e-86	5.16414e-88	1.16358e-89	2.60188e-91	2.60188e-91	
2.54763e-91	2.54763e-91	1.1714e-89	5.34636e-88	2.37116e-86	1.02108e-84	4.26561e-83	1.72716e-81	6.7716e-80	2.56813e-78	9.41091e-77	3.32836e-75	1.13468e-73	3.7237e-72	1.17466e-70	3.55644e-69	1.03171e-67	2.8625e-66	7.58105e-65	1.91239e-63	4.58421e-62	1.04154e-60	2.23656e-59	4.52491e-58	8.59511e-57	1.52691e-55	2.52582e-54	3.87155e-53	5.46824e-52	7.07211e-51	8.31501e-50	8.81476e-49	8.34619e-48	6.98188e-47	5.09569e-46	3.19715e-45	1.69345e-44	7.38785e-44	2.55168e-43	6.46995e-43	1.0194e-42	6.46995e-43	2.55168e-43	7.38785e-44	1.69345e-44	3.19715e-45	5.09569e-46	6.98188e-47	8.34619e-48	8.81476e-49	8.31501e-50	7.07211e-51	5.46824e-52	3.87155e-53	2.52582e-54	1.52691e-55	8.59511e-57	4.52491e-58	2.23656e-59	1.04154e-60	4.58422e-62	1.91239e-63	7.58105e-65	2.8625e-66	1.03171e-67	3.55645e-69	1.17466e-70	3.7237e-72	1.13468e-73	3.32837e-75	9.41094e-77	2.56814e-78	6.77163e-80	1.72716e-81	4.26564e-83	1.02109e-84	2.37118e-86	5.34646e-88	1.19636e-89	1.19636e-89	
1.16356e-89	1.16356e-89	5.34636e-88	2.43845e-86	1.08073e-84	4.65062e-83	1.94144e-81	7.85525e-80	3.07752e-78	1.16628e-76	4.2706e-75	1.50922e-73	5.14104e-72	1.68579e-70	5.31355e-69	1.60739e-67	4.65892e-66	1.29148e-64	3.41722e-63	8.61208e-62	2.06239e-60	4.68099e-59	1.0041e-57	2.02917e-56	3.84987e-55	6.83066e-54	1.12841e-52	1.72711e-51	2.43555e-50	3.14445e-49	3.68995e-48	3.90323e-47	3.68662e-46	3.07526e-45	2.23715e-44	1.39844e-43	7.37688e-43	3.20462e-42	1.10256e-41	2.78778e-41	4.38741e-41	2.78778e-41	1.10256e-41	3.20462e-42	7.37688e-43	1.39844e-43	2.23715e-44	3.07526e-45	3.68662e-46	3.90323e-47	3.68995e-48	3.14445e-49	2.43555e-50	1.72711e-51	1.12841e-52	6.83066e-54	3.84987e-55	2.02917e-56	1.0041e-57	4.68099e-59	2.06239e-60	8.61208e-62	3.41723e-63	1.29148e-64	4.65892e-66	1.60739e-67	5.31356e-69	1.68579e-70	5.14105e-72	1.50922e-73	4.27061e-75	1.16628e-76	3.07754e-78	7.8553e-80	1.94145e-81	4.65066e-83	1.08074e-84	2.4385e-86	5.46037e-88	5.46037e-88	
5.16411e-88	5.16411e-88	2.37116e-86	1.08073e-84	4.78647e-83	2.05826e-81	8.58617e-80	3.47151e-78	1.35905e-76	5.14647e-75	1.88305e-73	6.64942e-72	2.26326e-70	7.41537e-69	2.33534e-67	7.05853e-66	2.04407e-64	5.66116e-63	1.49653e-61	3.76791e-60	9.0142e-59	2.04382e-57	4.37933e-56	8.84002e-55	1.67516e-53	2.96835e-52	4.89693e-51	7.484e-50	1.05369e-48	1.35797e-47	1.5904e-46	1.6786e-45	1.58143e-44	1.31535e-43	9.53669e-43	5.93857e-42	3.11936e-41	1.34913e-40	4.62297e-40	1.16547e-39	1.83203e-39	1.16547e-39	4.62297e-40	1.34913e-40	3.11936e-41	5.93857e-42	9.53669e-43	1.31535e-43	1.58143e-44	1.6786e-45	1.5904e-46	1.35797e-47	1.05369e-48	7.484e-50	4.89693e-51	2.96835e-52	1.67516e-53	8.84002e-55	4.37933e-56	2.04382e-57	9.0142e-59	3.76791e-60	1.49653e-61	5.66117e-63	2.04407e-64	7.05855e-66	2.33535e-67	7.41539e-69	2.26327e-70	6.64945e-72	1.88306e-73	5.1465e-75	1.35906e-76	3.47154e-78	8.58626e-80	2.05828e-81	4.78653e-83	1.08076e-84	2.42177e-86	2.42177e-86	
2.22536e-86	2.22536e-86	1.02108e-84	4.65062e-83	2.05826e-81	8.84448e-80	3.68684e-78	1.48953e-76	5.82695e-75	2.20486e-73	8.06106e-72	2.84426e-70	9.67313e-69	3.16667e-67	9.96441e-66	3.0091e-64	8.7062e-63	2.40901e-61	6.36216e-60	1.60026e-58	3.8245e-57	8.6622e-56	1.854e-54	3.73808e-53	7.07483e-52	1.25201e-50	2.06256e-49	3.14746e-48	4.42407e-47	5.69131e-46	6.65202e-45	7.00494e-44	6.58236e-43	5.4585e-42	3.94395e-41	2.44623e-40	1.27928e-39	5.50751e-39	1.87925e-38	4.72305e-38	7.41507e-38	4.72305e-38	1.87925e-38	5.50751e-39	1.27928e-39	2.44623e-40	3.94395e-41	5.4585e-42	6.58236e-43	7.00494e-44	6.65202e-45	5.69131e-46	4.42407e-47	3.14746e-48	2.06256e-49	1.25201e-50	7.07483e-52	3.73808e-53	1.854e-54	8.6622e-56	3.8245e-57	1.60027e-58	6.36216e-60	2.40901e-61	8.70622e-63	3.00911e-64	9.96444e-66	3.16668e-67	9.67317e-69	2.84427e-70	8.06111e-72	2.20487e-73	5.827e-75	1.48955e-76	3.68688e-78	8.84461e-80	2.05829e-81	4.65075e-83	1.04289e-84	1.04289e-84	
9.30322e-85	9.30322e-85	4.26561e-83	1.94144e-81	8.58617e-80	3.68684e-78	1.53572e-76	6.19986e-75	2.42348e-73	9.16306e-72	3.3474e-70	1.18014e-68	4.01024e-67	1.31171e-65	4.12393e-64	1.24426e-62	3.59672e-61	9.94276e-60	2.62332e-58	6.59179e-57	1.57374e-55	3.56054e-54	7.61211e-53	1.53294e-51	2.89764e-50	5.12099e-49	8.42426e-48	1.28355e-46	1.80112e-45	2.31274e-44	2.69756e-43	2.83406e-42	2.65601e-41	2.19577e-40	1.58089e-39	9.76538e-39	5.0836e-38	2.17809e-37	7.39903e-37	1.85355e-36	2.90622e-36	1.85355e-36	7.39903e-37	2.17809e-37	5.0836e-38	9.76538e-39	1.58089e-39	2.19577e-40	2.65601e-41	2.83406e-42	2.69756e-43	2.31274e-44	1.80112e-45	1.28355e-46	8.42426e-48	5.12099e-49	2.89765e-50	1.53294e-51	7.61211e-53	3.56054e-54	1.57374e-55	6.5918e-57	2.62333e-58	9.94278e-60	3.59673e-61	1.24426e-62	4.12395e-64	1.31172e-65	4.01026e-67	1.18014e-68	3.34743e-70	9.16315e-72	2.42351e-73	6.19995e-75	1.53575e-76	3.6869e-78	8.58635e-80	1.9415e-81	4.35682e-83	4.35682e-83	
3.76963e-83	3.76963e-83	1.72716e-81	7.85525e-80	3.47151e-78	1.48953e-76	6.19986e-75	2.50102e-73	9.76871e-72	3.69057e-70	1.34713e-68	4.74543e-67	1.61119e-65	5.26554e-64	1.65398e-62	4.98583e-61	1.43989e-59	3.97661e-58	1.04816e-56	2.63108e-55	6.27483e-54	1.41808e-52	3.02822e-51	6.09085e-50	1.14984e-48	2.02933e-47	3.33344e-46	5.07091e-45	7.10339e-44	9.10383e-43	1.05961e-41	1.11057e-40	1.03795e-39	8.55389e-39	6.13598e-38	3.77428e-37	1.95547e-36	8.33637e-36	2.81871e-35	7.03711e-35	1.10185e-34	7.03711e-35	2.81871e-35	8.33637e-36	1.95547e-36	3.77428e-37	6.13598e-38	8.55389e-39	1.03795e-39	1.11057e-40	1.05961e-41	9.10383e-43	7.10339e-44	5.07091e-45	3.33344e-46	2.02933e-47	1.14984e-48	6.09085e-50	3.02822e-51	1.41808e-52	6.27484e-54	2.63108e-55	1.04816e-56	3.97662e-58	1.43989e-59	4.98585e-61	1.65399e-62	5.26557e-64	1.61121e-65	4.74547e-67	1.34714e-68	3.69062e-70	9.76886e-72	2.50107e-73	6.19999e-75	1.48957e-76	3.4716e-78	7.85555e-80	1.76412e-81	1.76412e-81	
1.47904e-81	1.47904e-81	6.7716e-80	3.07752e-78	1.35905e-76	5.82695e-75	2.42348e-73	9.76871e-72	3.81252e-70	1.43919e-68	5.24899e-67	1.84747e-65	6.26725e-64	2.0464e-62	6.42226e-61	1.93416e-59	5.58048e-58	1.53968e-56	4.05421e-55	1.01662e-53	2.42188e-52	5.46713e-51	1.16608e-49	2.34249e-48	4.41635e-47	7.78337e-46	1.2766e-44	1.93885e-43	2.71116e-42	3.46789e-41	4.02757e-40	4.2109e-39	3.92451e-38	3.22373e-37	2.30374e-36	1.41085e-35	7.27355e-35	3.08457e-34	1.03786e-33	2.58175e-33	4.03657e-33	2.58175e-33	1.03786e-33	3.08457e-34	7.27355e-35	1.41085e-35	2.30374e-36	3.22373e-37	3.92451e-38	4.2109e-39	4.02757e-40	3.46789e-41	2.71116e-42	1.93885e-43	1.2766e-44	7.78337e-46	4.41635e-47	2.34249e-48	1.16608e-49	5.46713e-51	2.42188e-52	1.01662e-53	4.05422e-55	1.53968e-56	5.5805e-58	1.93417e-59	6.42231e-61	2.04642e-62	6.26732e-64	1.84749e-65	5.24907e-67	1.43921e-68	3.8126e-70	9.76893e-72	2.42354e-73	5.82712e-75	1.3591e-76	3.07767e-78	6.91671e-80	6.91671e-80	
5.61346e-80	5.61346e-80	2.56813e-78	1.16628e-76	5.14647e-75	2.20486e-73	9.16306e-72	3.69057e-70	1.43919e-68	5.42832e-67	1.97815e-65	6.95647e-64	2.35781e-62	7.69188e-61	2.41174e-59	7.25647e-58	2.09162e-56	5.7651e-55	1.51647e-53	3.79855e-52	9.03919e-51	2.03813e-49	4.34183e-48	8.71094e-47	1.64008e-45	2.88631e-44	4.72672e-43	7.16678e-42	1.00034e-40	1.27699e-39	1.47977e-38	1.54322e-37	1.43411e-36	1.17408e-35	8.35744e-35	5.09499e-34	2.61319e-33	1.10213e-32	3.68919e-32	9.1422e-32	1.4272e-31	9.1422e-32	3.68919e-32	1.10213e-32	2.61319e-33	5.09499e-34	8.35744e-35	1.17408e-35	1.43411e-36	1.54322e-37	1.47977e-38	1.27699e-39	1.00034e-40	7.16678e-42	4.72672e-43	2.88631e-44	1.64008e-45	8.71094e-47	4.34183e-48	2.03813e-49	9.03921e-51	3.79856e-52	1.51647e-53	5.76512e-55	2.09163e-56	7.25653e-58	2.41177e-59	7.69197e-61	2.35784e-62	6.95658e-64	1.97819e-65	5.42844e-67	1.43922e-68	3.69067e-70	9.16336e-72	2.20494e-73	5.14669e-75	1.16634e-76	2.62323e-78	2.62323e-78	
2.05862e-78	2.05862e-78	9.41091e-77	4.2706e-75	1.88305e-73	8.06106e-72	3.3474e-70	1.34713e-68	5.24899e-67	1.97815e-65	7.20247e-64	2.53065e-62	8.56964e-61	2.79311e-59	8.74942e-58	2.62999e-56	7.57322e-55	2.08526e-53	5.4793e-52	1.37099e-50	3.25873e-49	7.33894e-48	1.56146e-46	3.12863e-45	5.88233e-44	1.03368e-42	1.69011e-41	2.5582e-40	3.56406e-39	4.54037e-38	5.24927e-37	5.46012e-36	5.05895e-35	4.12736e-34	2.92611e-33	1.77545e-32	9.05735e-32	3.79802e-31	1.26441e-30	3.1207e-30	4.86385e-30	3.1207e-30	1.26441e-30	3.79802e-31	9.05735e-32	1.77545e-32	2.92611e-33	4.12736e-34	5.05895e-35	5.46012e-36	5.24927e-37	4.54037e-38	3.56406e-39	2.5582e-40	1.69011e-41	1.03368e-42	5.88233e-44	3.12863e-45	1.56147e-46	7.33896e-48	3.25874e-49	1.37099e-50	5.47933e-52	2.08527e-53	7.57328e-55	2.63002e-56	8.74953e-58	2.79316e-59	8.5698e-61	2.5307e-62	7.20265e-64	1.97821e-65	5.24916e-67	1.34718e-68	3.34754e-70	8.06144e-72	1.88315e-73	4.27089e-75	9.6131e-77	9.6131e-77	
7.28641e-77	7.28641e-77	3.32836e-75	1.50922e-73	6.64942e-72	2.84426e-70	1.18014e-68	4.74543e-67	1.84747e-65	6.95647e-64	2.53065e-62	8.88369e-61	3.00557e-59	9.78694e-58	3.06281e-56	9.19743e-55	2.64576e-53	7.27734e-52	1.91015e-50	4.77404e-49	1.13342e-47	2.54944e-46	5.41735e-45	1.08398e-43	2.03515e-42	3.57086e-41	5.82898e-40	8.80739e-39	1.22468e-37	1.55685e-36	1.79566e-35	1.86279e-34	1.72062e-33	1.39876e-32	9.87502e-32	5.96246e-31	3.02466e-30	1.26067e-29	4.17279e-29	1.02548e-28	1.59553e-28	1.02548e-28	4.17279e-29	1.26067e-29	3.02466e-30	5.96246e-31	9.87502e-32	1.39876e-32	1.72062e-33	1.86279e-34	1.79566e-35	1.55685e-36	1.22468e-37	8.80739e-39	5.82899e-40	3.57086e-41	2.03515e-42	1.08398e-43	5.41736e-45	2.54945e-46	1.13343e-47	4.77406e-49	1.91016e-50	7.27741e-52	2.64579e-53	9.19756e-55	3.06286e-56	9.78714e-58	3.00565e-59	8.88394e-61	2.53073e-62	6.95673e-64	1.84755e-65	4.74566e-67	1.1802e-68	2.84443e-70	6.64987e-72	1.50935e-73	3.39999e-75	3.39999e-75	
2.48599e-75	2.48599e-75	1.13468e-73	5.14104e-72	2.26326e-70	9.67313e-69	4.01024e-67	1.61119e-65	6.26725e-64	2.35781e-62	8.56964e-61	3.00557e-59	1.01591e-57	3.3049e-56	1.03325e-54	3.09963e-53	8.90718e-52	2.44734e-50	6.4166e-49	1.60185e-47	3.79843e-46	8.53317e-45	1.81083e-43	3.61835e-42	6.78338e-41	1.18834e-39	1.93656e-38	2.92076e-37	4.0533e-36	5.14141e-35	5.91559e-34	6.11975e-33	5.63473e-32	4.56376e-31	3.20796e-30	1.92707e-29	9.7184e-29	4.02484e-28	1.3241e-27	3.2392e-27	5.03059e-27	3.2392e-27	1.3241e-27	4.02484e-28	9.7184e-29	1.92707e-29	3.20796e-30	4.56376e-31	5.63473e-32	6.11975e-33	5.91559e-34	5.14141e-35	4.0533e-36	2.92076e-37	1.93656e-38	1.18834e-39	6.78339e-41	3.61835e-42	1.81084e-43	8.5332e-45	3.79845e-46	1.60186e-47	6.41666e-49	2.44737e-50	8.90732e-52	3.09969e-53	1.03327e-54	3.30499e-56	1.01594e-57	3.00569e-59	8.57001e-61	2.35792e-62	6.2676e-64	1.6113e-65	4.01052e-67	9.67388e-69	2.26346e-70	5.14158e-72	1.15914e-73	1.15914e-73	
8.16493e-74	8.16493e-74	3.7237e-72	1.68579e-70	7.41537e-69	3.16667e-67	1.31171e-65	5.26554e-64	2.0464e-62	7.69188e-61	2.79311e-59	9.78694e-58	3.3049e-56	1.07407e-54	3.3546e-53	1.0053e-51	2.88576e-50	7.92015e-49	2.07417e-47	5.17182e-46	1.22486e-44	2.74809e-43	5.82384e-42	1.16203e-40	2.17518e-39	3.80441e-38	6.18905e-37	9.31695e-36	1.29032e-34	1.633e-33	1.87415e-32	1.93329e-31	1.77421e-30	1.43149e-29	1.00168e-28	5.98528e-28	2.9999e-27	1.23407e-26	4.03363e-26	9.81963e-26	1.52203e-25	9.81963e-26	4.03363e-26	1.23407e-26	2.9999e-27	5.98528e-28	1.00168e-28	1.43149e-29	1.77421e-30	1.93329e-31	1.87415e-32	1.633e-33	1.29032e-34	9.31695e-36	6.18905e-37	3.80441e-38	2.17518e-39	1.16204e-40	5.82386e-42	2.74811e-43	1.22487e-44	5.17188e-46	2.0742e-47	7.92028e-49	2.88582e-50	1.00532e-51	3.3547e-53	1.07411e-54	3.30504e-56	9.78742e-58	2.79327e-59	7.69238e-61	2.04655e-62	5.26597e-64	1.31183e-65	3.16699e-67	7.41619e-69	1.68601e-70	3.80415e-72	3.80415e-72	
2.57781e-72	2.57781e-72	1.17466e-70	5.31355e-69	2.33534e-67	9.96441e-66	4.12393e-64	1.65398e-62	6.42226e-61	2.41174e-59	8.74942e-58	3.06281e-56	1.03325e-54	3.3546e-53	1.04664e-51	3.13318e-50	8.98404e-49	2.46292e-47	6.44241e-46	1.60441e-44	3.79492e-43	8.50287e-42	1.79942e-40	3.58509e-39	6.70031e-38	1.16993e-36	1.89985e-35	2.85446e-34	3.94481e-33	4.9808e-32	5.70138e-31	5.86384e-30	5.363e-29	4.30982e-28	3.00164e-27	1.78359e-26	8.882e-26	3.62791e-25	1.17765e-24	2.852e-24	4.41128e-24	2.852e-24	1.17765e-24	3.62791e-25	8.882e-26	1.78359e-26	3.00164e-27	4.30982e-28	5.363e-29	5.86384e-30	5.70138e-31	4.9808e-32	3.94481e-33	2.85447e-34	1.89985e-35	1.16994e-36	6.70033e-38	3.5851e-39	1.79944e-40	8.50294e-42	3.79496e-43	1.60443e-44	6.44253e-46	2.46298e-47	8.98429e-49	3.13329e-50	1.04668e-51	3.35476e-53	1.0333e-54	3.06301e-56	8.75008e-58	2.41195e-59	6.42288e-61	1.65416e-62	4.12442e-64	9.96571e-66	2.33568e-67	5.31443e-69	1.20011e-70	1.20011e-70	
7.81125e-71	7.81125e-71	3.55644e-69	1.60739e-67	7.05853e-66	3.0091e-64	1.24426e-62	4.98583e-61	1.93416e-59	7.25647e-58	2.62999e-56	9.19743e-55	3.09963e-53	1.0053e-51	3.13318e-50	9.3691e-49	2.68343e-47	7.3478e-46	1.91967e-44	4.77465e-43	1.12786e-41	2.52359e-40	5.33281e-39	1.06086e-37	1.97946e-36	3.45033e-35	5.59256e-34	8.38575e-33	1.15635e-31	1.45648e-30	1.66267e-29	1.70479e-28	1.55365e-27	1.24338e-26	8.61735e-26	5.09077e-25	2.51794e-24	1.02076e-23	3.28917e-23	7.92117e-23	1.22242e-22	7.92117e-23	3.28917e-23	1.02076e-23	2.51794e-24	5.09077e-25	8.61735e-26	1.24338e-26	1.55365e-27	1.70479e-28	1.66267e-29	1.45648e-30	1.15635e-31	8.38576e-33	5.59257e-34	3.45034e-35	1.97947e-36	1.06086e-37	5.33286e-39	2.52362e-40	1.12788e-41	4.77475e-43	1.91972e-44	7.34804e-46	2.68353e-47	9.36955e-49	3.13336e-50	1.00537e-51	3.09987e-53	9.19824e-55	2.63026e-56	7.2573e-58	1.93441e-59	4.98653e-61	1.24445e-62	3.00961e-64	7.05985e-66	1.60773e-67	3.63371e-69	3.63371e-69	
2.26797e-69	2.26797e-69	1.03171e-67	4.65892e-66	2.04407e-64	8.7062e-63	3.59672e-61	1.43989e-59	5.58048e-58	2.09162e-56	7.57322e-55	2.64576e-53	8.90718e-52	2.88576e-50	8.98404e-49	2.68343e-47	7.67665e-46	2.09948e-44	5.47814e-43	1.36075e-41	3.20996e-40	7.17199e-39	1.5133e-37	3.00563e-36	5.59877e-35	9.7415e-34	1.57593e-32	2.35808e-31	3.24423e-30	4.07598e-29	4.63986e-28	4.74216e-27	4.30582e-26	3.43106e-25	2.36577e-24	1.3891e-23	6.82154e-23	2.74342e-22	8.77075e-22	2.09954e-21	3.23216e-21	2.09954e-21	8.77075e-22	2.74342e-22	6.82154e-23	1.3891e-23	2.36577e-24	3.43106e-25	4.30582e-26	4.74216e-27	4.63986e-28	4.07598e-29	3.24423e-30	2.35809e-31	1.57593e-32	9.74154e-34	5.59881e-35	3.00565e-36	1.51332e-37	7.17212e-39	3.21003e-40	1.36079e-41	5.47834e-43	2.09958e-44	7.67707e-46	2.6836e-47	8.98474e-49	2.88602e-50	8.90811e-52	2.64607e-53	7.57423e-55	2.09193e-56	5.58141e-58	1.44015e-59	3.59745e-61	8.70813e-63	2.04456e-64	4.66018e-66	1.05421e-67	1.05421e-67	
6.29819e-68	6.29819e-68	2.8625e-66	1.29148e-64	5.66116e-63	2.40901e-61	9.94276e-60	3.97661e-58	1.53968e-56	5.7651e-55	2.08526e-53	7.27734e-52	2.44734e-50	7.92015e-49	2.46292e-47	7.3478e-46	2.09948e-44	5.73463e-43	1.49438e-41	3.70693e-40	8.7321e-39	1.94811e-37	4.10411e-36	8.1379e-35	1.51324e-33	2.62802e-32	4.24293e-31	6.33494e-30	8.69481e-29	1.08952e-27	1.2366e-26	1.25964e-25	1.13934e-24	9.03783e-24	6.19838e-23	3.61621e-22	1.76246e-21	7.02812e-21	2.228e-20	5.2988e-20	8.13571e-20	5.2988e-20	2.228e-20	7.02812e-21	1.76246e-21	3.61621e-22	6.19838e-23	9.03783e-24	1.13934e-24	1.25964e-25	1.2366e-26	1.08952e-27	8.69482e-29	6.33495e-30	4.24295e-31	2.62804e-32	1.51326e-33	8.13801e-35	4.10418e-36	1.94816e-37	8.73239e-39	3.70709e-40	1.49445e-41	5.735e-43	2.09964e-44	7.34848e-46	2.46318e-47	7.92113e-49	2.44769e-50	7.27851e-52	2.08563e-53	5.76625e-55	1.54002e-56	3.97758e-58	9.94541e-60	2.4097e-61	5.66294e-63	1.29193e-64	2.92522e-66	2.92522e-66	
1.66955e-66	1.66955e-66	7.58105e-65	3.41722e-63	1.49653e-61	6.36216e-60	2.62332e-58	1.04816e-56	4.05421e-55	1.51647e-53	5.4793e-52	1.91015e-50	6.4166e-49	2.07417e-47	6.44241e-46	1.91967e-44	5.47814e-43	1.49438e-41	3.88888e-40	9.63311e-39	2.26584e-37	5.04721e-36	1.06157e-34	2.10134e-33	3.90031e-32	6.76038e-31	1.08917e-29	1.6225e-28	2.22136e-27	2.77588e-26	3.14091e-25	3.18827e-24	2.87215e-23	2.26758e-22	1.54643e-21	8.96139e-21	4.33272e-20	1.71217e-19	5.37871e-19	1.27021e-18	1.94465e-18	1.27021e-18	5.37871e-19	1.71217e-19	4.33272e-20	8.96139e-21	1.54643e-21	2.26758e-22	2.87215e-23	3.18827e-24	3.14092e-25	2.77589e-26	2.22137e-27	1.6225e-28	1.08918e-29	6.76045e-31	3.90037e-32	2.10138e-33	1.0616e-34	5.0474e-36	2.26595e-37	9.63369e-39	3.88917e-40	1.49451e-41	5.47874e-43	1.91992e-44	6.44337e-46	2.07453e-47	6.41784e-49	1.91056e-50	5.48064e-52	1.51687e-53	4.05541e-55	1.0485e-56	2.62425e-58	6.36458e-60	1.49714e-61	3.41876e-63	7.74814e-65	7.74814e-65	
4.2156e-65	4.2156e-65	1.91239e-63	8.61208e-62	3.76791e-60	1.60026e-58	6.59179e-57	2.63108e-55	1.01662e-53	3.79855e-52	1.37099e-50	4.77404e-49	1.60185e-47	5.17182e-46	1.60441e-44	4.77465e-43	1.36075e-41	3.70693e-40	9.63311e-39	2.38269e-37	5.5958e-36	1.24447e-34	2.61302e-33	5.16307e-32	9.56492e-31	1.6545e-29	2.65972e-28	3.95264e-27	5.39748e-26	6.72541e-25	7.58525e-24	7.6714e-23	6.88157e-22	5.40609e-21	3.66503e-20	2.10876e-19	1.01092e-18	3.95635e-18	1.23074e-17	2.88425e-17	4.40175e-17	2.88425e-17	1.23074e-17	3.95635e-18	1.01092e-18	2.10876e-19	3.66504e-20	5.40609e-21	6.88158e-22	7.67141e-23	7.58526e-24	6.72543e-25	5.3975e-26	3.95267e-27	2.65974e-28	1.65452e-29	9.56513e-31	5.16324e-32	2.61313e-33	1.24454e-34	5.5962e-36	2.3829e-37	9.63414e-39	3.70742e-40	1.36096e-41	4.77551e-43	1.60474e-44	5.17304e-46	1.60227e-47	4.77545e-49	1.37144e-50	3.79993e-52	1.01702e-53	2.63221e-55	6.59486e-57	1.60107e-58	3.76993e-60	8.61709e-62	1.95485e-63	1.95485e-63	
1.01152e-63	1.01152e-63	4.58421e-62	2.06239e-60	9.0142e-59	3.8245e-57	1.57374e-55	6.27483e-54	2.42188e-52	9.03919e-51	3.25873e-49	1.13342e-47	3.79843e-46	1.22486e-44	3.79492e-43	1.12786e-41	3.20996e-40	8.7321e-39	2.26584e-37	5.5958e-36	1.31207e-34	2.91302e-33	6.10562e-32	1.20414e-30	2.22627e-29	3.84265e-28	6.16308e-27	9.13612e-26	1.24415e-24	1.54555e-23	1.73723e-22	1.75018e-21	1.563e-20	1.22146e-19	8.22914e-19	4.69919e-18	2.23245e-17	8.64649e-17	2.66133e-16	6.18475e-16	9.406e-16	6.18475e-16	2.66133e-16	8.64649e-17	2.23245e-17	4.69919e-18	8.22914e-19	1.22146e-19	1.563e-20	1.75019e-21	1.73723e-22	1.54555e-23	1.24416e-24	9.13622e-26	6.16318e-27	3.84275e-28	2.22635e-29	1.2042e-30	6.10601e-32	2.91326e-33	1.31221e-34	5.59652e-36	2.26619e-37	8.73373e-39	3.21066e-40	1.12815e-41	3.79601e-43	1.22526e-44	3.79981e-46	1.13388e-47	3.26019e-49	9.0436e-51	2.42316e-52	6.27843e-54	1.57471e-55	3.82703e-57	9.02055e-59	2.06395e-60	4.68695e-62	4.68695e-62	
2.30056e-62	2.30056e-62	1.04154e-60	4.68099e-59	2.04382e-57	8.6622e-56	3.56054e-54	1.41808e-52	5.46713e-51	2.03813e-49	7.33894e-48	2.54944e-46	8.53317e-45	2.74809e-43	8.50287e-42	2.52359e-40	7.17199e-39	1.94811e-37	5.04721e-36	1.24447e-34	2.91302e-33	6.45594e-32	1.35062e-30	2.65838e-29	4.90459e-28	8.44645e-27	1.3514e-25	1.99801e-24	2.71302e-23	3.35946e-22	3.76256e-21	3.77517e-20	3.35555e-19	2.6078e-18	1.7453e-17	9.88669e-17	4.65164e-16	1.78155e-15	5.42046e-15	1.24813e-14	1.89092e-14	1.24813e-14	5.42046e-15	1.78155e-15	4.65164e-16	9.88669e-17	1.7453e-17	2.6078e-18	3.35555e-19	3.77518e-20	3.76258e-21	3.35948e-22	2.71305e-23	1.99805e-24	1.35143e-25	8.44677e-27	4.90485e-28	2.65858e-29	1.35075e-30	6.45674e-32	2.91348e-33	1.2447e-34	5.04836e-36	1.94863e-37	7.17422e-39	2.52449e-40	8.5063e-42	2.74934e-43	8.53746e-45	2.55086e-46	7.3434e-48	2.03948e-49	5.47103e-51	1.41917e-52	3.56346e-54	8.66978e-56	2.04572e-57	4.68563e-59	1.06517e-60	1.06517e-60	
4.94541e-61	4.94541e-61	2.23656e-59	1.0041e-57	4.37933e-56	1.854e-54	7.61211e-53	3.02822e-51	1.16608e-49	4.34183e-48	1.56146e-46	5.41735e-45	1.81083e-43	5.82384e-42	1.79942e-40	5.33281e-39	1.5133e-37	4.10411e-36	1.06157e-34	2.61302e-33	6.10562e-32	1.35062e-30	2.81998e-29	5.53888e-28	1.01962e-26	1.75175e-25	2.79551e-24	4.12155e-23	5.57932e-22	6.88528e-21	7.68211e-20	7.67452e-19	6.78738e-18	5.24388e-17	3.48483e-16	1.95723e-15	9.11354e-15	3.44838e-14	1.03602e-13	2.36143e-13	3.56229e-13	2.36143e-13	1.03602e-13	3.44838e-14	9.11354e-15	1.95723e-15	3.48483e-16	5.24389e-17	6.78739e-18	7.67455e-19	7.68216e-20	6.88536e-21	5.57942e-22	4.12167e-23	2.79563e-24	1.75185e-25	1.01971e-26	5.53951e-28	2.8204e-29	1.35087e-30	6.10704e-32	2.61375e-33	1.06193e-34	4.1057e-36	1.51397e-37	5.33551e-39	1.80045e-40	5.82753e-42	1.8121e-43	5.42149e-45	1.56276e-46	4.34573e-48	1.16721e-49	3.03134e-51	7.62046e-53	1.85616e-54	4.3847e-56	1.00541e-57	2.28807e-59	2.28807e-59	
1.00166e-59	1.00166e-59	4.52491e-58	2.02917e-56	8.84002e-55	3.73808e-53	1.53294e-51	6.09085e-50	2.34249e-48	8.71094e-47	3.12863e-45	1.08398e-43	3.61835e-42	1.16203e-40	3.58509e-39	1.06086e-37	3.00563e-36	8.1379e-35	2.10134e-33	5.16308e-32	1.20414e-30	2.65838e-29	5.53888e-28	1.08551e-26	1.99352e-25	3.41625e-24	5.43688e-23	7.992e-22	1.07834e-20	1.32594e-19	1.47339e-18	1.46515e-17	1.28887e-16	9.89525e-16	6.52644e-15	3.63199e-14	1.67236e-13	6.24507e-13	1.85037e-12	4.1703e-12	6.26085e-12	4.1703e-12	1.85037e-12	6.24507e-13	1.67236e-13	3.632e-14	6.52645e-15	9.89527e-16	1.28888e-16	1.46516e-17	1.47341e-18	1.32596e-19	1.07837e-20	7.99237e-22	5.43726e-23	3.41659e-24	1.99379e-25	1.0857e-26	5.54015e-28	2.65915e-29	1.20456e-30	5.16523e-32	2.10237e-33	8.1425e-35	3.00756e-36	1.06163e-37	3.58798e-39	1.16307e-40	3.62187e-42	1.08513e-43	3.13219e-45	8.7216e-47	2.34555e-48	6.0993e-50	1.53519e-51	3.74387e-53	8.8544e-55	2.03265e-56	4.63121e-58	4.63121e-58	
1.90492e-58	1.90492e-58	8.59511e-57	3.84987e-55	1.67516e-53	7.07483e-52	2.89765e-50	1.14984e-48	4.41635e-47	1.64008e-45	5.88233e-44	2.03515e-42	6.78338e-41	2.17518e-39	6.70031e-38	1.97946e-36	5.59877e-35	1.51324e-33	3.90031e-32	9.56492e-31	2.22627e-29	4.90459e-28	1.01962e-26	1.99352e-25	3.65182e-24	6.24112e-23	9.90352e-22	1.45115e-20	1.95116e-19	2.38987e-18	2.6441e-17	2.6163e-16	2.28836e-15	1.74503e-14	1.14163e-13	6.29058e-13	2.86158e-12	1.05333e-11	3.07345e-11	6.83997e-11	1.02132e-10	6.83997e-11	3.07345e-11	1.05333e-11	2.86158e-12	6.29059e-13	1.14163e-13	1.74504e-14	2.28837e-15	2.61632e-16	2.64414e-17	2.38995e-18	1.95126e-19	1.45126e-20	9.90465e-22	6.24212e-23	3.65261e-24	1.99408e-25	1.01998e-26	4.90675e-28	2.22745e-29	9.5709e-31	3.90314e-32	1.5145e-33	5.60399e-35	1.98152e-36	6.70799e-38	2.1779e-39	6.7926e-41	2.03813e-42	5.89156e-44	1.64282e-45	4.42419e-47	1.152e-48	2.90337e-50	7.08948e-52	1.67878e-53	3.8586e-55	8.80222e-57	8.80222e-57	
3.38833e-57	3.38833e-57	1.52691e-55	6.83066e-54	2.96835e-52	1.25201e-50	5.12099e-49	2.02933e-47	7.78337e-46	2.88631e-44	1.03368e-42	3.57086e-41	1.18834e-39	3.80441e-38	1.16993e-36	3.45033e-35	9.7415e-34	2.62802e-32	6.76038e-31	1.6545e-29	3.84265e-28	8.44645e-27	1.75175e-25	3.41626e-24	6.24112e-23	1.06353e-21	1.68233e-20	2.45665e-19	3.2907e-18	4.01378e-17	4.41993e-16	4.35011e-15	3.78134e-14	2.86253e-13	1.85632e-12	1.01192e-11	4.54271e-11	1.64588e-10	4.72119e-10	1.03588e-09	1.53716e-09	1.03588e-09	4.72119e-10	1.64588e-10	4.54271e-11	1.01192e-11	1.85633e-12	2.86254e-13	3.78137e-14	4.35019e-15	4.42007e-16	4.01399e-17	3.29098e-18	2.45696e-19	1.68264e-20	1.06381e-21	6.2433e-23	3.41779e-24	1.75273e-25	8.4522e-27	3.84576e-28	1.65606e-29	6.76767e-31	2.63122e-32	9.75471e-34	3.45549e-35	1.17185e-36	3.81115e-38	1.19061e-39	3.57814e-41	1.03592e-42	2.89294e-44	7.80222e-46	2.03449e-47	5.13463e-49	1.25548e-50	2.97693e-52	6.85121e-54	1.56493e-55	1.56493e-55	
5.61253e-56	5.61253e-56	2.52582e-54	1.12841e-52	4.89693e-51	2.06256e-49	8.42426e-48	3.33344e-46	1.2766e-44	4.72672e-43	1.69011e-41	5.82898e-40	1.93656e-38	6.18905e-37	1.89985e-35	5.59256e-34	1.57593e-32	4.24293e-31	1.08917e-29	2.65972e-28	6.16308e-27	1.3514e-25	2.79551e-24	5.43688e-23	9.90353e-22	1.68233e-20	2.65211e-19	3.85843e-18	5.14732e-17	6.24993e-16	6.84731e-15	6.70003e-14	5.78484e-13	4.34446e-12	2.79043e-11	1.50332e-10	6.6513e-10	2.36796e-09	6.66376e-09	1.43869e-08	2.11967e-08	1.43869e-08	6.66376e-09	2.36796e-09	6.6513e-10	1.50333e-10	2.79044e-11	4.3445e-12	5.78494e-13	6.70023e-14	6.84768e-15	6.2505e-16	5.14806e-17	3.85926e-18	2.65293e-19	1.68305e-20	9.9091e-22	5.44077e-23	2.79797e-24	1.35283e-25	6.17072e-27	2.66351e-28	1.09092e-29	4.25056e-31	1.57905e-32	5.60465e-34	1.90429e-35	6.20461e-37	1.94176e-38	5.84559e-40	1.69519e-41	4.74168e-43	1.28083e-44	3.34497e-46	8.45461e-48	2.07027e-49	4.91589e-51	1.13293e-52	2.5914e-54	2.5914e-54	
8.61531e-55	8.61531e-55	3.87155e-53	1.72711e-51	7.484e-50	3.14746e-48	1.28355e-46	5.07091e-45	1.93885e-43	7.16678e-42	2.5582e-40	8.80739e-39	2.92076e-37	9.31695e-36	2.85446e-34	8.38575e-33	2.35808e-31	6.33494e-30	1.6225e-28	3.95264e-27	9.13612e-26	1.99802e-24	4.12155e-23	7.992e-22	1.45115e-20	2.45665e-19	3.85843e-18	5.59073e-17	7.42507e-16	8.97094e-15	9.77359e-14	9.50249e-13	8.14393e-12	6.0628e-11	3.85317e-10	2.04905e-09	8.92074e-09	3.11425e-08	8.57622e-08	1.8176e-07	2.65563e-07	1.8176e-07	8.57622e-08	3.11425e-08	8.92075e-09	2.04906e-09	3.85319e-10	6.06289e-11	8.14416e-12	9.50299e-13	9.77448e-14	8.9723e-15	7.42685e-16	5.59274e-17	3.8604e-18	2.45836e-19	1.45246e-20	8.00109e-22	4.12725e-23	2.00129e-24	9.15348e-26	3.96118e-27	1.62641e-28	6.35181e-30	2.36493e-31	8.41207e-33	2.86407e-34	9.35031e-36	2.93183e-37	8.84254e-39	2.56891e-40	7.19811e-42	1.94767e-43	5.09486e-45	1.28983e-46	3.16334e-48	7.52292e-50	1.73636e-51	3.97761e-53	3.97761e-53	
1.21876e-53	1.21876e-53	5.46824e-52	2.43555e-50	1.05369e-48	4.42407e-47	1.80112e-45	7.10339e-44	2.71116e-42	1.00034e-40	3.56406e-39	1.22468e-37	4.0533e-36	1.29032e-34	3.94481e-33	1.15635e-31	3.24423e-30	8.69481e-29	2.22137e-27	5.39748e-26	1.24415e-24	2.71302e-23	5.57932e-22	1.07834e-20	1.95116e-19	3.2907e-18	5.14732e-17	7.42507e-16	9.81285e-15	1.1791e-13	1.27668e-12	1.23252e-11	1.04766e-10	7.72374e-10	4.85129e-09	2.54264e-08	1.0871e-07	3.71184e-07	9.97172e-07	2.06837e-06	2.99218e-06	2.06837e-06	9.97172e-07	3.71184e-07	1.0871e-07	2.54266e-08	4.85135e-09	7.72393e-10	1.04771e-10	1.23263e-11	1.27687e-12	1.1794e-13	9.81675e-15	7.42946e-16	5.15163e-17	3.29442e-18	1.954e-19	1.08029e-20	5.59143e-22	2.71992e-23	1.24778e-24	5.41517e-26	2.22942e-27	8.72921e-29	3.25808e-30	1.16163e-31	3.96393e-33	1.29691e-34	4.07506e-36	1.23155e-37	3.58487e-39	1.0064e-40	2.72815e-42	7.14932e-44	1.81311e-45	4.45432e-47	1.06107e-48	2.45306e-50	5.62854e-52	5.62854e-52	
1.57897e-52	1.57897e-52	7.07211e-51	3.14445e-49	1.35797e-47	5.69131e-46	2.31274e-44	9.10383e-43	3.46789e-41	1.27699e-39	4.54037e-38	1.55685e-36	5.14141e-35	1.633e-33	4.9808e-32	1.45648e-30	4.07598e-29	1.08952e-27	2.77588e-26	6.72541e-25	1.54555e-23	3.35946e-22	6.88529e-21	1.32594e-19	2.38988e-18	4.01378e-17	6.24994e-16	8.97094e-15	1.1791e-13	1.40815e-12	1.51418e-11	1.45026e-10	1.22141e-09	8.90649e-09	5.52025e-08	2.84602e-07	1.19197e-06	3.96761e-06	1.03566e-05	2.09438e-05	2.99369e-05	2.09438e-05	1.03566e-05	3.96762e-06	1.19197e-06	2.84604e-07	5.52036e-08	8.90685e-09	1.2215e-09	1.45047e-10	1.51455e-11	1.40873e-12	1.17986e-13	8.97953e-15	6.25837e-16	4.02104e-17	2.39538e-18	1.32969e-19	6.90855e-21	3.37266e-22	1.55245e-23	6.75885e-25	2.791e-26	1.09593e-27	4.10159e-29	1.46618e-30	5.01566e-32	1.64496e-33	5.18059e-35	1.56915e-36	4.57745e-38	1.28774e-39	3.49791e-41	9.18466e-43	2.33377e-44	5.7442e-46	1.37085e-47	3.17488e-49	7.29779e-51	7.29779e-51	
1.86005e-51	1.86005e-51	8.31501e-50	3.68995e-48	1.5904e-46	6.65202e-45	2.69756e-43	1.05961e-41	4.02757e-40	1.47977e-38	5.24927e-37	1.79566e-35	5.9156e-34	1.87415e-32	5.70138e-31	1.66267e-29	4.63986e-28	1.2366e-26	3.14092e-25	7.58526e-24	1.73723e-22	3.76257e-21	7.68213e-20	1.47339e-18	2.6441e-17	4.41994e-16	6.84733e-15	9.77361e-14	1.27668e-12	1.51418e-11	1.61549e-10	1.53344e-09	1.27794e-08	9.20258e-08	5.61729e-07	2.84154e-06	1.16194e-05	3.7542e-05	9.4716e-05	0.000185789	0.000261657	0.000185789	9.47161e-05	3.75421e-05	1.16195e-05	2.84158e-06	5.61746e-07	9.20315e-08	1.2781e-08	1.53378e-09	1.61612e-10	1.51516e-11	1.27798e-12	9.78839e-14	6.86189e-15	4.43248e-16	2.6536e-17	1.47985e-18	7.72208e-20	3.7852e-21	1.74903e-22	7.64225e-24	3.16655e-25	1.24741e-26	4.68279e-28	1.67881e-29	5.75908e-31	1.89382e-32	5.97971e-34	1.81569e-35	5.30938e-37	1.49712e-38	4.07585e-40	1.07257e-41	2.73116e-43	6.73631e-45	1.61088e-46	3.7382e-48	8.60965e-50	8.60965e-50	
1.97612e-50	1.97612e-50	8.81477e-49	3.90324e-47	1.6786e-45	7.00494e-44	2.83406e-42	1.11057e-40	4.2109e-39	1.54322e-37	5.46012e-36	1.86279e-34	6.11976e-33	1.93329e-31	5.86384e-30	1.70479e-28	4.74216e-27	1.25965e-25	3.18827e-24	7.67141e-23	1.75019e-21	3.77518e-20	7.67454e-19	1.46515e-17	2.6163e-16	4.35013e-15	6.70006e-14	9.50253e-13	1.23252e-11	1.45027e-10	1.53344e-09	1.44053e-08	1.18597e-07	8.4164e-07	5.04621e-06	2.49603e-05	9.91985e-05	0.000309256	0.000748684	0.00141437	0.00195464	0.00141438	0.000748685	0.000309257	9.91993e-05	2.49608e-05	5.04644e-06	8.41718e-07	1.18619e-07	1.44102e-08	1.53435e-09	1.4517e-10	1.23444e-11	9.52453e-13	6.72189e-14	4.36901e-15	2.63063e-16	1.47489e-17	7.73503e-19	3.80955e-20	1.76813e-21	7.75804e-23	3.22715e-24	1.27597e-25	4.80671e-27	1.72893e-28	5.9497e-30	1.9624e-31	6.21421e-33	1.89217e-34	5.54795e-36	1.56848e-37	4.28095e-39	1.12932e-40	2.88255e-42	7.1263e-44	1.70802e-45	3.97242e-47	9.16935e-49	9.16935e-49	
1.87569e-49	1.87569e-49	8.34619e-48	3.68662e-46	1.58143e-44	6.58236e-43	2.65601e-41	1.03795e-39	3.92452e-38	1.43411e-36	5.05896e-35	1.72062e-33	5.63474e-32	1.77421e-30	5.36301e-29	1.55366e-27	4.30583e-26	1.13934e-24	2.87216e-23	6.88159e-22	1.563e-20	3.35556e-19	6.78742e-18	1.28888e-16	2.28837e-15	3.78137e-14	5.78489e-13	8.144e-12	1.04767e-10	1.22142e-09	1.27795e-08	1.18598e-07	9.62443e-07	6.71234e-06	3.9388e-05	0.000189584	0.000727491	0.00216937	0.00498662	0.00897897	0.0121013	0.00897898	0.00498663	0.00216938	0.0007275	0.00018959	3.93904e-05	6.71321e-06	9.62692e-07	1.18655e-07	1.27905e-08	1.22317e-09	1.05004e-10	8.17171e-12	5.81273e-13	3.80566e-14	2.30688e-15	1.30155e-16	6.86677e-18	3.40105e-19	1.58692e-20	6.99742e-22	2.92418e-23	1.16116e-24	4.39184e-26	1.58571e-27	5.47652e-29	1.81255e-30	5.75863e-32	1.75902e-33	5.17336e-35	1.46692e-36	4.01527e-38	1.06219e-39	2.71856e-41	6.73863e-43	1.61925e-44	3.77542e-46	8.73641e-48	8.73641e-48	
1.57352e-48	1.57352e-48	6.98189e-47	3.07526e-45	1.31535e-43	5.4585e-42	2.19577e-40	8.55389e-39	3.22373e-37	1.17408e-35	4.12737e-34	1.39876e-32	4.56377e-31	1.43149e-29	4.30983e-28	1.24338e-26	3.43107e-25	9.03786e-24	2.26759e-22	5.40612e-21	1.22146e-19	2.60782e-18	5.24393e-17	9.89536e-16	1.74506e-14	2.86257e-13	4.34453e-12	6.06291e-11	7.72388e-10	8.90665e-09	9.20273e-08	8.41652e-07	6.71239e-06	4.58303e-05	0.000261854	0.00121773	0.00446664	0.0125683	0.0269868	0.0455812	0.0593276	0.0455812	0.0269869	0.0125684	0.00446671	0.00121777	0.000261875	4.58381e-05	6.71468e-06	8.42192e-07	9.21332e-08	8.92405e-09	7.74809e-10	6.0917e-11	4.37401e-12	2.88867e-13	1.76513e-14	1.00343e-15	5.33249e-17	2.65943e-18	1.24895e-19	5.54034e-21	2.32814e-22	9.2921e-24	3.53121e-25	1.28063e-26	4.44136e-28	1.47579e-29	4.70652e-31	1.44289e-32	4.25853e-34	1.21162e-35	3.32737e-37	8.83019e-39	2.26699e-40	5.63621e-42	1.35831e-43	3.17604e-45	7.37026e-47	7.37026e-47	
1.15215e-47	1.15215e-47	5.09569e-46	2.23715e-44	9.5367e-43	3.94395e-41	1.58089e-39	6.13599e-38	2.30375e-36	8.35745e-35	2.92611e-33	9.87504e-32	3.20797e-30	1.00169e-28	3.00165e-27	8.61739e-26	2.36578e-24	6.19842e-23	1.54645e-21	3.66507e-20	8.22924e-19	1.74532e-17	3.48489e-16	6.52657e-15	1.14166e-13	1.85637e-12	2.79052e-11	3.85329e-10	4.85146e-09	5.52044e-08	5.61747e-07	5.04636e-06	3.93889e-05	0.000261858	0.00144582	0.0064252	0.0221669	0.0575651	0.112521	0.174009	0.215531	0.174009	0.112522	0.0575655	0.0221673	0.00642546	0.00144595	0.00026191	3.94049e-05	5.05031e-06	5.62548e-07	5.53404e-08	4.871e-09	3.87724e-10	2.81569e-11	1.87915e-12	1.15942e-13	6.65202e-15	3.56715e-16	1.79456e-17	8.49675e-19	3.79752e-20	1.60668e-21	6.45239e-23	2.46596e-24	8.98988e-26	3.13305e-27	1.04587e-28	3.35012e-30	1.03138e-31	3.05635e-33	8.7298e-35	2.40644e-36	6.40955e-38	1.65136e-39	4.11972e-41	9.96149e-43	2.33676e-44	5.44008e-46	5.44008e-46	
7.25546e-47	7.25546e-47	3.19716e-45	1.39844e-43	5.93858e-42	2.44623e-40	9.76539e-39	3.77429e-37	1.41085e-35	5.095e-34	1.77546e-32	5.96248e-31	1.92708e-29	5.98531e-28	1.78361e-26	5.09081e-25	1.38911e-23	3.61626e-22	8.96152e-21	2.10879e-19	4.69929e-18	9.88695e-17	1.95729e-15	3.63213e-14	6.29087e-13	1.01197e-11	1.50341e-10	2.04918e-09	2.54281e-08	2.8462e-07	2.84172e-06	2.49617e-05	0.000189593	0.00121777	0.00642534	0.0268243	0.0848125	0.196338	0.337019	0.463556	0.537582	0.463557	0.33702	0.196339	0.0848138	0.0268253	0.00642594	0.00121802	0.000189675	2.49828e-05	2.84621e-06	2.85418e-07	2.5548e-08	2.0645e-09	1.52012e-10	1.02754e-11	6.41455e-13	3.7222e-14	2.01912e-15	1.02724e-16	4.91503e-18	2.21773e-19	9.46296e-21	3.82916e-22	1.47339e-23	5.40473e-25	1.8944e-26	6.35786e-28	2.04691e-29	6.33229e-31	1.88521e-32	5.40875e-34	1.49738e-35	4.00485e-37	1.03595e-38	2.59446e-40	6.29698e-42	1.48252e-43	3.46378e-45	3.46378e-45	
3.8586e-46	3.8586e-46	1.69346e-44	7.3769e-43	3.11937e-41	1.27929e-39	5.08361e-38	1.95547e-36	7.27358e-35	2.6132e-33	9.0574e-32	3.02468e-30	9.71848e-29	2.99993e-27	8.8821e-26	2.51798e-24	6.82166e-23	1.76249e-21	4.33284e-20	1.01096e-18	2.23254e-17	4.65187e-16	9.1141e-15	1.67248e-13	2.86183e-12	4.54316e-11	6.65203e-10	8.92178e-09	1.08723e-07	1.19211e-06	1.16207e-05	9.92084e-05	0.000727555	0.00446696	0.0221681	0.0848148	0.236986	0.469175	0.686966	0.831539	0.900594	0.83154	0.686968	0.469178	0.236989	0.0848174	0.0221697	0.00446773	0.000727824	9.92839e-05	1.16379e-05	1.19539e-06	1.09249e-07	8.99305e-09	6.73359e-10	4.62165e-11	2.92501e-12	1.72082e-13	9.47327e-15	4.8907e-16	2.37218e-17	1.08343e-18	4.67208e-20	1.908e-21	7.40121e-23	2.73464e-24	9.64862e-26	3.25811e-27	1.05501e-28	3.28165e-30	9.82094e-32	2.83176e-33	7.87719e-35	2.11651e-36	5.49914e-38	1.38309e-39	3.37068e-41	7.96717e-43	1.86874e-44	1.86874e-44	
1.69037e-45	1.69037e-45	7.38787e-44	3.20463e-42	1.34913e-40	5.50753e-39	2.1781e-37	8.33641e-36	3.08459e-34	1.10214e-32	3.79805e-31	1.26068e-29	4.02489e-28	1.23409e-26	3.62798e-25	1.02078e-23	2.74351e-22	7.02839e-21	1.71225e-19	3.95659e-18	8.64714e-17	1.78172e-15	3.44878e-14	6.24594e-13	1.0535e-11	1.64619e-10	2.36845e-09	3.11492e-08	3.71264e-07	3.96844e-06	3.75492e-05	0.000309308	0.00216969	0.0125699	0.0575707	0.196351	0.469191	0.779919	0.986971	1.0849	1.12019	1.0849	0.986974	0.779923	0.469194	0.196354	0.0575727	0.012571	0.00217016	0.000309458	3.75879e-05	3.97669e-06	3.72728e-07	3.13638e-08	2.39405e-09	1.67064e-10	1.07225e-11	6.40664e-13	3.59315e-14	1.89068e-15	9.33257e-17	4.32758e-18	1.89029e-19	7.80375e-21	3.05537e-22	1.13816e-23	4.04533e-25	1.37524e-26	4.48117e-28	1.40214e-29	4.21968e-31	1.22319e-32	3.41986e-34	9.23339e-36	2.41016e-37	6.08875e-39	1.49019e-40	3.53669e-42	8.3287e-44	8.3287e-44	
5.86048e-45	5.86048e-45	2.55169e-43	1.10257e-41	4.62299e-40	1.87926e-38	7.39908e-37	2.81873e-35	1.03787e-33	3.68923e-32	1.26443e-30	4.17287e-29	1.32413e-27	4.03374e-26	1.17769e-24	3.28931e-23	8.77122e-22	2.22816e-20	5.37918e-19	1.23088e-17	2.6617e-16	5.4214e-15	1.03624e-13	1.85086e-12	3.07439e-11	4.72283e-10	6.66629e-09	8.5796e-08	9.97556e-07	1.03603e-05	9.4746e-05	0.000748887	0.00498778	0.0269922	0.11254	0.33706	0.687023	0.987016	1.13504	1.18909	1.20387	1.18909	1.13505	0.987023	0.687026	0.337059	0.112538	0.0269915	0.00498763	0.000748884	9.47584e-05	1.03659e-05	9.98957e-07	8.60175e-08	6.68474e-09	4.72008e-10	3.05056e-11	1.84777e-12	1.06014e-13	5.7174e-15	2.88549e-16	1.36301e-17	6.04374e-19	2.52579e-20	9.99043e-22	3.7542e-23	1.34466e-24	4.60323e-26	1.50959e-27	4.75167e-29	1.43802e-30	4.19048e-32	1.17744e-33	3.19402e-35	8.37456e-37	2.12464e-38	5.22091e-40	1.24385e-41	2.94013e-43	2.94013e-43	
1.49004e-44	1.49004e-44	6.46998e-43	2.7878e-41	1.16548e-39	4.72309e-38	1.85357e-36	7.0372e-35	2.58179e-33	9.14237e-32	3.12077e-30	1.02551e-28	3.23932e-27	9.82008e-26	2.85217e-24	7.92175e-23	2.09973e-21	5.29943e-20	1.27041e-18	2.88481e-17	6.18627e-16	1.24852e-14	2.36234e-13	4.17225e-12	6.84372e-11	1.03652e-09	1.43965e-08	1.81883e-07	2.06968e-06	2.09554e-05	0.000185874	0.00141489	0.00898166	0.0455935	0.17405	0.463647	0.831674	1.08503	1.18919	1.22082	1.22761	1.22083	1.18919	1.08504	0.831677	0.46364	0.174038	0.0455855	0.00897837	0.00141386	0.00018563	2.09098e-05	2.06186e-06	1.80399e-07	1.40925e-08	9.85053e-10	6.24672e-11	3.79573e-12	2.2385e-13	1.24792e-14	6.48399e-16	3.13409e-17	1.4146e-18	5.99446e-20	2.39761e-21	9.09354e-23	3.28308e-24	1.1318e-25	3.73508e-27	1.18244e-28	3.59735e-30	1.05341e-31	2.97327e-33	8.09948e-35	2.13198e-36	5.4287e-38	1.33859e-39	3.19938e-41	7.58588e-43	7.58588e-43	
2.35029e-44	2.35029e-44	1.0194e-42	4.38745e-41	1.83205e-39	7.41517e-38	2.90627e-36	1.10187e-34	4.03667e-33	1.42724e-31	4.86404e-30	1.59561e-28	5.0309e-27	1.52215e-25	4.41171e-24	1.22257e-22	3.23267e-21	8.13735e-20	1.94516e-18	4.40322e-17	9.41002e-16	1.89194e-14	3.56468e-13	6.26594e-12	1.02228e-10	1.53879e-09	2.12201e-08	2.65847e-07	2.99498e-06	2.99585e-05	0.000261781	0.00195516	0.0121032	0.0593369	0.215569	0.537692	0.90081	1.12048	1.20415	1.22781	1.23239	1.22781	1.20416	1.12049	0.900812	0.537674	0.21554	0.0593164	0.0120941	0.00195203	0.00026096	2.97807e-05	2.95873e-06	2.58159e-07	1.96688e-08	1.2968e-09	7.64695e-11	4.5456e-12	2.76953e-13	1.61864e-14	8.76325e-16	4.37029e-17	2.01897e-18	8.7076e-20	3.53103e-21	1.35417e-22	4.93423e-24	1.71437e-25	5.69597e-27	1.81392e-28	5.54749e-30	1.63206e-31	4.62583e-33	1.26486e-34	3.34074e-36	8.53276e-38	2.10985e-39	5.05563e-41	1.20156e-42	1.20156e-42	
1.49005e-44	1.49005e-44	6.47005e-43	2.78784e-41	1.1655e-39	4.72319e-38	1.85361e-36	7.03741e-35	2.58189e-33	9.14279e-32	3.12095e-30	1.02558e-28	3.23961e-27	9.82116e-26	2.85256e-24	7.92314e-23	2.1002e-21	5.30095e-20	1.27088e-18	2.88618e-17	6.19001e-16	1.24947e-14	2.36458e-13	4.17701e-12	6.85279e-11	1.03803e-09	1.4418e-08	1.82136e-07	2.07201e-06	2.09705e-05	0.000185923	0.00141473	0.00897907	0.0455831	0.174029	0.463661	0.831838	1.08537	1.18964	1.22134	1.22815	1.22135	1.18965	1.08539	0.831831	0.463639	0.174	0.0455644	0.00897115	0.00141188	0.000185142	2.079e-05	2.03038e-06	1.72107e-07	1.23145e-08	7.26211e-10	3.77336e-11	2.10891e-12	1.3099e-13	8.03173e-15	4.54504e-16	2.34416e-17	1.11032e-18	4.88086e-20	2.00931e-21	7.80122e-23	2.87195e-24	1.00663e-25	3.36993e-27	1.08029e-28	3.32304e-30	9.82644e-32	2.79778e-33	7.68089e-35	2.03592e-36	5.2166e-38	1.29354e-39	3.10742e-41	7.40232e-43	7.40232e-43	
