5.53691e-93	5.53691e-93	2.54763e-91	1.16356e-89	5.16411e-88	2.22536e-86	9.30322e-85	3.76963e-83	1.47904e-81	5.61346e-80	2.05862e-78	7.28641e-77	2.48599e-75	8.16493e-74	2.57781e-72	7.81125e-71	2.26797e-69	6.29819e-68	1.66955e-66	4.2156e-65	1.01152e-63	2.30056e-62	4.94541e-61	1.00166e-59	1.90492e-58	3.38833e-57	5.61253e-56	8.61531e-55	1.21876e-53	1.57897e-52	1.86005e-51	1.97612e-50	1.87569e-49	1.57352e-48	1.15215e-47	7.25545e-47	3.8586e-46	1.69037e-45	5.86046e-45	1.49003e-44	2.35028e-44	1.49003e-44	5.86046e-45	1.69037e-45	3.8586e-46	7.25545e-47	1.15215e-47	1.57352e-48	1.87569e-49	1.97612e-50	1.86003e-51	1.57736e-52	1.11651e-53	-4.38263e-54	-2.05025e-53	-5.62565e-53	-9.0308e-53	-5.626e-53	-2.05587e-53	-5.24419e-54	-1.02251e-54	-1.60995e-55	-2.12317e-56	-2.40698e-57	-2.3917e-58	-2.11449e-59	-1.68331e-60	-1.21847e-61	-8.08478e-63	-4.95097e-64	-2.81456e-65	-1.49286e-66	-7.42033e-68	-3.46982e-69	-1.53165e-70	-6.40199e-72	-2.54079e-73	-9.59891e-75	-3.57859e-76	-3.57859e-76	
5.53691e-93	5.53691e-93	2.54763e-91	1.16356e-89	5.16411e-88	2.22536e-86	9.30322e-85	3.76963e-83	1.47904e-81	5.61346e-80	2.05862e-78	7.28641e-77	2.48599e-75	8.16493e-74	2.57781e-72	7.81125e-71	2.26797e-69	6.29819e-68	1.66955e-66	4.2156e-65	1.01152e-63	2.30056e-62	4.94541e-61	1.00166e-59	1.90492e-58	3.38833e-57	5.61253e-56	8.61531e-55	1.21876e-53	1.57897e-52	1.86005e-51	1.97612e-50	1.87569e-49	1.57352e-48	1.15215e-47	7.25545e-47	3.8586e-46	1.69037e-45	5.86046e-45	1.49003e-44	2.35028e-44	1.49003e-44	5.86046e-45	1.69037e-45	3.8586e-46	7.25545e-47	1.15215e-47	1.57352e-48	1.87569e-49	1.97612e-50	1.86003e-51	1.57736e-52	1.11651e-53	-4.38263e-54	-2.05025e-53	-5.62565e-53	-9.0308e-53	-5.626e-53	-2.05587e-53	-5.24419e-54	-1.02251e-54	-1.60995e-55	-2.12317e-56	-2.40698e-57	-2.3917e-58	-2.11449e-59	-1.68331e-60	-1.21847e-61	-8.08478e-63	-4.95097e-64	-2.81456e-65	-1.49286e-66	-7.42033e-68	-3.46982e-69	-1.53165e-70	-6.40199e-72	-2.54079e-73	-9.59891e-75	-3.57859e-76	-3.57859e-76	
2.54763e-91	2.54763e-91	1.1714e-89	5.34636e-88	2.37116e-86	1.02108e-84	4.26561e-83	1.72716e-81	6.7716e-80	2.56813e-78	9.41091e-77	3.32836e-75	1.13468e-73	3.7237e-72	1.17466e-70	3.55644e-69	1.03171e-67	2.8625e-66	7.58105e-65	1.91239e-63	4.58421e-62	1.04154e-60	2.23656e-59	4.52491e-58	8.59511e-57	1.52691e-55	2.52582e-54	3.87155e-53	5.46824e-52	7.07211e-51	8.31501e-50	8.81476e-49	8.34619e-48	6.98188e-47	5.09569e-46	3.19715e-45	1.69345e-44	7.38785e-44	2.55168e-43	6.46995e-43	1.0194e-42	6.46995e-43	2.55168e-43	7.38785e-44	1.69345e-44	3.19715e-45	5.09569e-46	6.98188e-47	8.34619e-48	8.81476e-49	8.3149e-50	7.06405e-51	4.95681e-52	-2.23357e-52	-1.024e-51	-2.80679e-51	-4.50309e-51	-2.80694e-51	-1.02653e-51	-2.62074e-52	-5.11432e-53	-8.05943e-54	-1.06376e-54	-1.20697e-55	-1.2003e-56	-1.06204e-57	-8.46145e-59	-6.12965e-60	-4.07029e-61	-2.49447e-62	-1.41913e-63	-7.53272e-65	-3.7469e-66	-1.75334e-67	-7.7451e-69	-3.23956e-70	-1.28659e-71	-4.86393e-73	-1.81459e-74	-1.81459e-74	
1.16356e-89	1.16356e-89	5.34636e-88	2.43845e-86	1.08073e-84	4.65062e-83	1.94144e-81	7.85525e-80	3.07752e-78	1.16628e-76	4.2706e-75	1.50922e-73	5.14104e-72	1.68579e-70	5.31355e-69	1.60739e-67	4.65892e-66	1.29148e-64	3.41722e-63	8.61208e-62	2.06239e-60	4.68099e-59	1.0041e-57	2.02917e-56	3.84987e-55	6.83066e-54	1.12841e-52	1.72711e-51	2.43555e-50	3.14445e-49	3.68995e-48	3.90323e-47	3.68662e-46	3.07526e-45	2.23715e-44	1.39844e-43	7.37688e-43	3.20462e-42	1.10256e-41	2.78778e-41	4.38741e-41	2.78778e-41	1.10256e-41	3.20462e-42	7.37688e-43	1.39844e-43	2.23715e-44	3.07526e-45	3.68662e-46	3.90323e-47	3.68989e-48	3.14044e-49	2.18144e-50	-1.12831e-50	-5.08042e-50	-1.3911e-49	-2.23051e-49	-1.39117e-49	-5.09173e-50	-1.30103e-50	-2.54113e-51	-4.00791e-52	-5.29454e-53	-6.01237e-54	-5.98406e-55	-5.29908e-56	-4.22525e-57	-3.06326e-58	-2.03568e-59	-1.24851e-60	-7.10824e-62	-3.77581e-63	-1.87951e-64	-8.80136e-66	-3.89059e-67	-1.62846e-68	-6.47184e-70	-2.44833e-71	-9.14031e-73	-9.14031e-73	
5.16411e-88	5.16411e-88	2.37116e-86	1.08073e-84	4.78647e-83	2.05826e-81	8.58617e-80	3.47151e-78	1.35905e-76	5.14647e-75	1.88305e-73	6.64942e-72	2.26326e-70	7.41537e-69	2.33534e-67	7.05853e-66	2.04407e-64	5.66116e-63	1.49653e-61	3.76791e-60	9.0142e-59	2.04382e-57	4.37933e-56	8.84002e-55	1.67516e-53	2.96835e-52	4.89693e-51	7.484e-50	1.05369e-48	1.35797e-47	1.5904e-46	1.6786e-45	1.58143e-44	1.31535e-43	9.53669e-43	5.93857e-42	3.11936e-41	1.34913e-40	4.62297e-40	1.16547e-39	1.83203e-39	1.16547e-39	4.62297e-40	1.34913e-40	3.11936e-41	5.93857e-42	9.53669e-43	1.31535e-43	1.58143e-44	1.6786e-45	1.59038e-46	1.35602e-47	9.30694e-49	-5.54308e-49	-2.4552e-48	-6.71574e-48	-1.07616e-47	-6.71605e-48	-2.46011e-48	-6.29153e-49	-1.22994e-49	-1.94159e-50	-2.56713e-51	-2.91768e-52	-2.9064e-53	-2.57585e-54	-2.05554e-55	-1.49144e-56	-9.9191e-58	-6.08821e-59	-3.46889e-60	-1.84401e-61	-9.18582e-63	-4.30465e-64	-1.90421e-65	-7.97591e-67	-3.172e-68	-1.20081e-69	-4.4861e-71	-4.4861e-71	
2.22536e-86	2.22536e-86	1.02108e-84	4.65062e-83	2.05826e-81	8.84448e-80	3.68684e-78	1.48953e-76	5.82695e-75	2.20486e-73	8.06106e-72	2.84426e-70	9.67313e-69	3.16667e-67	9.96441e-66	3.0091e-64	8.7062e-63	2.40901e-61	6.36216e-60	1.60026e-58	3.8245e-57	8.6622e-56	1.854e-54	3.73808e-53	7.07483e-52	1.25201e-50	2.06256e-49	3.14746e-48	4.42407e-47	5.69131e-46	6.65202e-45	7.00494e-44	6.58236e-43	5.4585e-42	3.94395e-41	2.44623e-40	1.27928e-39	5.50751e-39	1.87925e-38	4.72305e-38	7.41507e-38	4.72305e-38	1.87925e-38	5.50751e-39	1.27928e-39	2.44623e-40	3.94395e-41	5.4585e-42	6.58236e-43	7.00494e-44	6.65189e-45	5.68215e-46	3.84457e-47	-2.64688e-47	-1.15495e-46	-3.15585e-46	-5.05396e-46	-3.15599e-46	-1.15702e-46	-2.96165e-47	-5.79504e-48	-9.15642e-49	-1.21173e-49	-1.37841e-50	-1.37426e-51	-1.219e-52	-9.73576e-54	-7.06975e-55	-4.70565e-56	-2.89054e-57	-1.64822e-58	-8.76836e-60	-4.37118e-61	-2.04992e-62	-9.07464e-64	-3.8037e-65	-1.51379e-66	-5.73465e-68	-2.14393e-69	-2.14393e-69	
9.30322e-85	9.30322e-85	4.26561e-83	1.94144e-81	8.58617e-80	3.68684e-78	1.53572e-76	6.19986e-75	2.42348e-73	9.16306e-72	3.3474e-70	1.18014e-68	4.01024e-67	1.31171e-65	4.12393e-64	1.24426e-62	3.59672e-61	9.94276e-60	2.62332e-58	6.59179e-57	1.57374e-55	3.56054e-54	7.61211e-53	1.53294e-51	2.89764e-50	5.12099e-49	8.42426e-48	1.28355e-46	1.80112e-45	2.31274e-44	2.69756e-43	2.83406e-42	2.65601e-41	2.19577e-40	1.58089e-39	9.76538e-39	5.0836e-38	2.17809e-37	7.39903e-37	1.85355e-36	2.90622e-36	1.85355e-36	7.39903e-37	2.17809e-37	5.0836e-38	9.76538e-39	1.58089e-39	2.19577e-40	2.65601e-41	2.83406e-42	2.6975e-43	2.30854e-44	1.53552e-45	-1.22778e-45	-5.28467e-45	-1.44249e-44	-2.30861e-44	-1.44254e-44	-5.29314e-45	-1.35615e-45	-2.65606e-46	-4.20061e-47	-5.56403e-48	-6.33511e-49	-6.32166e-50	-5.6123e-51	-4.48619e-52	-3.26042e-53	-2.17192e-54	-1.33522e-55	-7.61957e-57	-4.05667e-58	-2.02386e-59	-9.49829e-61	-4.20782e-62	-1.76502e-63	-7.02941e-65	-2.66481e-66	-9.96968e-68	-9.96968e-68	
3.76963e-83	3.76963e-83	1.72716e-81	7.85525e-80	3.47151e-78	1.48953e-76	6.19986e-75	2.50102e-73	9.76871e-72	3.69057e-70	1.34713e-68	4.74543e-67	1.61119e-65	5.26554e-64	1.65398e-62	4.98583e-61	1.43989e-59	3.97661e-58	1.04816e-56	2.63108e-55	6.27483e-54	1.41808e-52	3.02822e-51	6.09085e-50	1.14984e-48	2.02933e-47	3.33344e-46	5.07091e-45	7.10339e-44	9.10383e-43	1.05961e-41	1.11057e-40	1.03795e-39	8.55389e-39	6.13598e-38	3.77428e-37	1.95547e-36	8.33637e-36	2.81871e-35	7.03711e-35	1.10185e-34	7.03711e-35	2.81871e-35	8.33637e-36	1.95547e-36	3.77428e-37	6.13598e-38	8.55389e-39	1.03795e-39	1.11057e-40	1.05959e-41	9.0851e-43	5.9201e-44	-5.52883e-44	-2.35028e-43	-6.40841e-43	-1.02495e-42	-6.40864e-43	-2.35364e-43	-6.03601e-44	-1.18331e-44	-1.87322e-45	-2.48357e-46	-2.83037e-47	-2.82692e-48	-2.51194e-49	-2.00966e-50	-1.46181e-51	-9.74591e-53	-5.99634e-54	-3.42463e-55	-1.82472e-56	-9.11051e-58	-4.27896e-59	-1.89704e-60	-7.9632e-62	-3.17375e-63	-1.20401e-64	-4.50777e-66	-4.50777e-66	
1.47904e-81	1.47904e-81	6.7716e-80	3.07752e-78	1.35905e-76	5.82695e-75	2.42348e-73	9.76871e-72	3.81252e-70	1.43919e-68	5.24899e-67	1.84747e-65	6.26725e-64	2.0464e-62	6.42226e-61	1.93416e-59	5.58048e-58	1.53968e-56	4.05421e-55	1.01662e-53	2.42188e-52	5.46713e-51	1.16608e-49	2.34249e-48	4.41635e-47	7.78337e-46	1.2766e-44	1.93885e-43	2.71116e-42	3.46789e-41	4.02757e-40	4.2109e-39	3.92451e-38	3.22373e-37	2.30374e-36	1.41085e-35	7.27355e-35	3.08457e-34	1.03786e-33	2.58175e-33	4.03657e-33	2.58175e-33	1.03786e-33	3.08457e-34	7.27355e-35	1.41085e-35	2.30374e-36	3.22373e-37	3.92451e-38	4.2109e-39	4.02747e-40	3.45978e-41	2.19914e-42	-2.41529e-42	-1.01513e-41	-2.7649e-41	-4.41911e-41	-2.765e-41	-1.01641e-41	-2.60922e-42	-5.12026e-43	-8.11354e-44	-1.07676e-44	-1.22828e-45	-1.22793e-46	-1.0921e-47	-8.74511e-49	-6.36663e-50	-4.24828e-51	-2.61601e-52	-1.49528e-53	-7.97361e-55	-3.98423e-56	-1.87274e-57	-8.30893e-59	-3.49046e-60	-1.39216e-61	-5.2852e-63	-1.98022e-64	-1.98022e-64	
5.61346e-80	5.61346e-80	2.56813e-78	1.16628e-76	5.14647e-75	2.20486e-73	9.16306e-72	3.69057e-70	1.43919e-68	5.42832e-67	1.97815e-65	6.95647e-64	2.35781e-62	7.69188e-61	2.41174e-59	7.25647e-58	2.09162e-56	5.7651e-55	1.51647e-53	3.79855e-52	9.03919e-51	2.03813e-49	4.34183e-48	8.71094e-47	1.64008e-45	2.88631e-44	4.72672e-43	7.16678e-42	1.00034e-40	1.27699e-39	1.47977e-38	1.54322e-37	1.43411e-36	1.17408e-35	8.35744e-35	5.09499e-34	2.61319e-33	1.10213e-32	3.68919e-32	9.1422e-32	1.4272e-31	9.1422e-32	3.68919e-32	1.10213e-32	2.61319e-33	5.09499e-34	8.35744e-35	1.17408e-35	1.43411e-36	1.54322e-37	1.47972e-38	1.27358e-39	7.85337e-41	-1.02282e-40	-4.25451e-40	-1.15753e-39	-1.84876e-39	-1.15757e-39	-4.2593e-40	-1.09451e-40	-2.15005e-41	-3.41043e-42	-4.53056e-43	-5.17316e-44	-5.17662e-45	-4.60832e-46	-3.69352e-47	-2.69136e-48	-1.79744e-49	-1.10778e-50	-6.33724e-52	-3.38211e-53	-1.69132e-54	-7.95613e-56	-3.5327e-57	-1.48517e-58	-5.92797e-60	-2.25216e-61	-8.44458e-63	-8.44458e-63	
2.05862e-78	2.05862e-78	9.41091e-77	4.2706e-75	1.88305e-73	8.06106e-72	3.3474e-70	1.34713e-68	5.24899e-67	1.97815e-65	7.20247e-64	2.53065e-62	8.56964e-61	2.79311e-59	8.74942e-58	2.62999e-56	7.57322e-55	2.08526e-53	5.4793e-52	1.37099e-50	3.25873e-49	7.33894e-48	1.56146e-46	3.12863e-45	5.88233e-44	1.03368e-42	1.69011e-41	2.5582e-40	3.56406e-39	4.54037e-38	5.24927e-37	5.46012e-36	5.05895e-35	4.12736e-34	2.92611e-33	1.77545e-32	9.05735e-32	3.79802e-31	1.26441e-30	3.1207e-30	4.86385e-30	3.1207e-30	1.26441e-30	3.79802e-31	9.05735e-32	1.77545e-32	2.92611e-33	4.12736e-34	5.05895e-35	5.46012e-36	5.24908e-37	4.52647e-38	2.68874e-39	-4.19541e-39	-1.72869e-38	-4.69798e-38	-7.49793e-38	-4.69813e-38	-1.73041e-38	-4.45134e-39	-8.7535e-40	-1.38995e-40	-1.84837e-41	-2.11266e-42	-2.11615e-43	-1.88564e-44	-1.51274e-45	-1.1033e-46	-7.37503e-48	-4.54927e-49	-2.60471e-50	-1.39127e-51	-6.96317e-53	-3.27817e-54	-1.45673e-55	-6.12893e-57	-2.4482e-58	-9.30822e-60	-3.49281e-61	-3.49281e-61	
7.28641e-77	7.28641e-77	3.32836e-75	1.50922e-73	6.64942e-72	2.84426e-70	1.18014e-68	4.74543e-67	1.84747e-65	6.95647e-64	2.53065e-62	8.88369e-61	3.00557e-59	9.78694e-58	3.06281e-56	9.19743e-55	2.64576e-53	7.27734e-52	1.91015e-50	4.77404e-49	1.13342e-47	2.54944e-46	5.41735e-45	1.08398e-43	2.03515e-42	3.57086e-41	5.82898e-40	8.80739e-39	1.22468e-37	1.55685e-36	1.79566e-35	1.86279e-34	1.72062e-33	1.39876e-32	9.87502e-32	5.96246e-31	3.02466e-30	1.26067e-29	4.17279e-29	1.02548e-28	1.59553e-28	1.02548e-28	4.17279e-29	1.26067e-29	3.02466e-30	5.96246e-31	9.87502e-32	1.39876e-32	1.72062e-33	1.86278e-34	1.79559e-35	1.55136e-36	8.79489e-38	-1.66537e-37	-6.80311e-37	-1.84672e-36	-2.9451e-36	-1.84678e-36	-6.80908e-37	-1.7535e-37	-3.45204e-38	-5.48736e-39	-7.30492e-40	-8.35811e-41	-8.38039e-42	-7.47491e-43	-6.00245e-44	-4.38193e-45	-2.9318e-46	-1.81009e-47	-1.03729e-48	-5.54525e-50	-2.77767e-51	-1.30877e-52	-5.8205e-54	-2.4508e-55	-9.79733e-57	-3.72785e-58	-1.39992e-59	-1.39992e-59	
2.48599e-75	2.48599e-75	1.13468e-73	5.14104e-72	2.26326e-70	9.67313e-69	4.01024e-67	1.61119e-65	6.26725e-64	2.35781e-62	8.56964e-61	3.00557e-59	1.01591e-57	3.3049e-56	1.03325e-54	3.09963e-53	8.90718e-52	2.44734e-50	6.4166e-49	1.60185e-47	3.79843e-46	8.53317e-45	1.81083e-43	3.61835e-42	6.78338e-41	1.18834e-39	1.93656e-38	2.92076e-37	4.0533e-36	5.14141e-35	5.91559e-34	6.11975e-33	5.63473e-32	4.56376e-31	3.20796e-30	1.92707e-29	9.7184e-29	4.02484e-28	1.3241e-27	3.2392e-27	5.03059e-27	3.2392e-27	1.3241e-27	4.02484e-28	9.7184e-29	1.92707e-29	3.20796e-30	4.56376e-31	5.63473e-32	6.11975e-33	5.91531e-34	5.12045e-35	2.73606e-36	-6.39148e-36	-2.59045e-35	-7.02356e-35	-1.11921e-34	-7.02378e-35	-2.59246e-35	-6.68382e-36	-1.31732e-36	-2.09637e-37	-2.79381e-38	-3.20004e-39	-3.21192e-40	-2.86779e-41	-2.30515e-42	-1.68444e-43	-1.12806e-44	-6.97102e-46	-3.99838e-47	-2.13938e-48	-1.07255e-49	-5.05783e-51	-2.25122e-52	-9.48674e-54	-3.79542e-55	-1.44527e-56	-5.43169e-58	-5.43169e-58	
8.16493e-74	8.16493e-74	3.7237e-72	1.68579e-70	7.41537e-69	3.16667e-67	1.31171e-65	5.26554e-64	2.0464e-62	7.69188e-61	2.79311e-59	9.78694e-58	3.3049e-56	1.07407e-54	3.3546e-53	1.0053e-51	2.88576e-50	7.92015e-49	2.07417e-47	5.17182e-46	1.22486e-44	2.74809e-43	5.82384e-42	1.16203e-40	2.17518e-39	3.80441e-38	6.18905e-37	9.31695e-36	1.29032e-34	1.633e-33	1.87415e-32	1.93329e-31	1.77421e-30	1.43149e-29	1.00168e-28	5.98528e-28	2.9999e-27	1.23407e-26	4.03363e-26	9.81963e-26	1.52203e-25	9.81963e-26	4.03363e-26	1.23407e-26	2.9999e-27	5.98528e-28	1.00168e-28	1.43149e-29	1.77421e-30	1.93328e-31	1.87405e-32	1.62526e-33	8.04438e-35	-2.36921e-34	-9.53347e-34	-2.58169e-33	-4.11054e-33	-2.58177e-33	-9.53997e-34	-2.46249e-34	-4.85911e-35	-7.74178e-36	-1.03292e-36	-1.18442e-37	-1.1901e-38	-1.0637e-39	-8.55885e-41	-6.26039e-42	-4.1966e-43	-2.5958e-44	-1.49024e-45	-7.98085e-47	-4.00462e-48	-1.89008e-49	-8.41973e-51	-3.55102e-52	-1.42182e-53	-5.41848e-55	-2.03804e-56	-2.03804e-56	
2.57781e-72	2.57781e-72	1.17466e-70	5.31355e-69	2.33534e-67	9.96441e-66	4.12393e-64	1.65398e-62	6.42226e-61	2.41174e-59	8.74942e-58	3.06281e-56	1.03325e-54	3.3546e-53	1.04664e-51	3.13318e-50	8.98404e-49	2.46292e-47	6.44241e-46	1.60441e-44	3.79492e-43	8.50287e-42	1.79942e-40	3.58509e-39	6.70031e-38	1.16993e-36	1.89985e-35	2.85446e-34	3.94481e-33	4.9808e-32	5.70138e-31	5.86384e-30	5.363e-29	4.30982e-28	3.00164e-27	1.78359e-26	8.882e-26	3.62791e-25	1.17765e-24	2.852e-24	4.41128e-24	2.852e-24	1.17765e-24	3.62791e-25	8.882e-26	1.78359e-26	3.00164e-27	4.30982e-28	5.363e-29	5.86383e-30	5.70101e-31	4.9532e-32	2.21445e-33	-8.47303e-33	-3.38709e-32	-9.16083e-32	-1.45732e-31	-9.16115e-32	-3.38913e-32	-8.759e-33	-1.7305e-33	-2.76048e-34	-3.68741e-35	-4.23312e-36	-4.25817e-37	-3.81005e-38	-3.06889e-39	-2.24704e-40	-1.50778e-41	-9.33538e-43	-5.36448e-44	-2.87553e-45	-1.44418e-46	-6.82211e-48	-3.04165e-49	-1.28389e-50	-5.14492e-52	-1.96228e-53	-7.3867e-55	-7.3867e-55	
7.81125e-71	7.81125e-71	3.55644e-69	1.60739e-67	7.05853e-66	3.0091e-64	1.24426e-62	4.98583e-61	1.93416e-59	7.25647e-58	2.62999e-56	9.19743e-55	3.09963e-53	1.0053e-51	3.13318e-50	9.3691e-49	2.68343e-47	7.3478e-46	1.91967e-44	4.77465e-43	1.12786e-41	2.52359e-40	5.33281e-39	1.06086e-37	1.97946e-36	3.45033e-35	5.59256e-34	8.38575e-33	1.15635e-31	1.45648e-30	1.66267e-29	1.70479e-28	1.55365e-27	1.24338e-26	8.61735e-26	5.09077e-25	2.51794e-24	1.02076e-23	3.28917e-23	7.92117e-23	1.22242e-22	7.92117e-23	3.28917e-23	1.02076e-23	2.51794e-24	5.09077e-25	8.61735e-26	1.24338e-26	1.55365e-27	1.70478e-28	1.66254e-29	1.44699e-30	5.62111e-32	-2.92008e-31	-1.16028e-30	-3.13405e-30	-4.98116e-30	-3.13417e-30	-1.1609e-30	-3.00416e-31	-5.94295e-32	-9.49211e-33	-1.2695e-33	-1.45912e-34	-1.46945e-35	-1.31628e-36	-1.06138e-37	-7.7796e-39	-5.22551e-40	-3.23857e-41	-1.86281e-42	-9.99471e-44	-5.02425e-45	-2.37552e-46	-1.06006e-47	-4.4784e-49	-1.79613e-50	-6.85608e-52	-2.58302e-53	-2.58302e-53	
2.26797e-69	2.26797e-69	1.03171e-67	4.65892e-66	2.04407e-64	8.7062e-63	3.59672e-61	1.43989e-59	5.58048e-58	2.09162e-56	7.57322e-55	2.64576e-53	8.90718e-52	2.88576e-50	8.98404e-49	2.68343e-47	7.67665e-46	2.09948e-44	5.47814e-43	1.36075e-41	3.20996e-40	7.17199e-39	1.5133e-37	3.00563e-36	5.59877e-35	9.7415e-34	1.57593e-32	2.35808e-31	3.24423e-30	4.07598e-29	4.63986e-28	4.74216e-27	4.30582e-26	3.43106e-25	2.36577e-24	1.3891e-23	6.82154e-23	2.74342e-22	8.77075e-22	2.09954e-21	3.23216e-21	2.09954e-21	8.77075e-22	2.74342e-22	6.82154e-23	1.3891e-23	2.36577e-24	3.43106e-25	4.30582e-26	4.74215e-27	4.63944e-28	4.04455e-29	1.279e-30	-9.68537e-30	-3.82719e-29	-1.03237e-28	-1.63924e-28	-1.03241e-28	-3.82901e-29	-9.9221e-30	-1.96548e-30	-3.14342e-31	-4.20949e-32	-4.84422e-33	-4.88436e-34	-4.38031e-35	-3.53602e-36	-2.59462e-37	-1.74463e-38	-1.08236e-39	-6.23191e-41	-3.3469e-42	-1.68404e-43	-7.96967e-45	-3.55961e-46	-1.50513e-47	-6.04173e-49	-2.30816e-50	-8.70334e-52	-8.70334e-52	
6.29819e-68	6.29819e-68	2.8625e-66	1.29148e-64	5.66116e-63	2.40901e-61	9.94276e-60	3.97661e-58	1.53968e-56	5.7651e-55	2.08526e-53	7.27734e-52	2.44734e-50	7.92015e-49	2.46292e-47	7.3478e-46	2.09948e-44	5.73463e-43	1.49438e-41	3.70693e-40	8.7321e-39	1.94811e-37	4.10411e-36	8.1379e-35	1.51324e-33	2.62802e-32	4.24293e-31	6.33494e-30	8.69481e-29	1.08952e-27	1.2366e-26	1.25964e-25	1.13934e-24	9.03783e-24	6.19838e-23	3.61621e-22	1.76246e-21	7.02812e-21	2.228e-20	5.2988e-20	8.13571e-20	5.2988e-20	2.228e-20	7.02812e-21	1.76246e-21	3.61621e-22	6.19838e-23	9.03783e-24	1.13934e-24	1.25964e-25	1.23647e-26	1.07952e-27	2.44476e-29	-3.08746e-28	-1.21381e-27	-3.26956e-27	-5.18636e-27	-3.26972e-27	-1.21433e-27	-3.15118e-28	-6.25104e-29	-1.00112e-29	-1.34243e-30	-1.54684e-31	-1.56161e-32	-1.40214e-33	-1.1332e-34	-8.32441e-36	-5.60345e-37	-3.48004e-38	-2.00575e-39	-1.07828e-40	-5.43078e-42	-2.57252e-43	-1.15006e-44	-4.86725e-46	-1.95547e-47	-7.477e-49	-2.82179e-50	-2.82179e-50	
1.66955e-66	1.66955e-66	7.58105e-65	3.41722e-63	1.49653e-61	6.36216e-60	2.62332e-58	1.04816e-56	4.05421e-55	1.51647e-53	5.4793e-52	1.91015e-50	6.4166e-49	2.07417e-47	6.44241e-46	1.91967e-44	5.47814e-43	1.49438e-41	3.88888e-40	9.63311e-39	2.26584e-37	5.04721e-36	1.06157e-34	2.10134e-33	3.90031e-32	6.76038e-31	1.08917e-29	1.6225e-28	2.22136e-27	2.77588e-26	3.14091e-25	3.18827e-24	2.87215e-23	2.26758e-22	1.54643e-21	8.96139e-21	4.33272e-20	1.71217e-19	5.37871e-19	1.27021e-18	1.94465e-18	1.27021e-18	5.37871e-19	1.71217e-19	4.33272e-20	8.96139e-21	1.54643e-21	2.26758e-22	2.87215e-23	3.18826e-24	3.1405e-25	2.74528e-26	3.12841e-28	-9.44491e-27	-3.69571e-26	-9.94016e-26	-1.57509e-25	-9.94075e-26	-3.69717e-26	-9.60855e-27	-1.9089e-27	-3.06156e-28	-4.11109e-29	-4.74347e-30	-4.79496e-31	-4.3107e-32	-3.48807e-33	-2.56531e-34	-1.72875e-35	-1.07481e-36	-6.20133e-38	-3.33721e-39	-1.68247e-40	-7.97749e-42	-3.56975e-43	-1.51217e-44	-6.08076e-46	-2.3271e-47	-8.79017e-49	-8.79017e-49	
4.2156e-65	4.2156e-65	1.91239e-63	8.61208e-62	3.76791e-60	1.60026e-58	6.59179e-57	2.63108e-55	1.01662e-53	3.79855e-52	1.37099e-50	4.77404e-49	1.60185e-47	5.17182e-46	1.60441e-44	4.77465e-43	1.36075e-41	3.70693e-40	9.63311e-39	2.38269e-37	5.5958e-36	1.24447e-34	2.61302e-33	5.16307e-32	9.56492e-31	1.6545e-29	2.65972e-28	3.95264e-27	5.39748e-26	6.72541e-25	7.58525e-24	7.6714e-23	6.88157e-22	5.40609e-21	3.66503e-20	2.10876e-19	1.01092e-18	3.95635e-18	1.23074e-17	2.88425e-17	4.40175e-17	2.88425e-17	1.23074e-17	3.95635e-18	1.01092e-18	2.10876e-19	3.66504e-20	5.40609e-21	6.88158e-22	7.67139e-23	7.58406e-24	6.6357e-25	-1.88907e-27	-2.76819e-25	-1.07843e-24	-2.89609e-24	-4.58389e-24	-2.8963e-24	-1.07883e-24	-2.80822e-25	-5.58775e-26	-8.97547e-27	-1.207e-27	-1.39463e-28	-1.41167e-29	-1.27076e-30	-1.02954e-31	-7.58095e-33	-5.11472e-34	-3.18356e-35	-1.83882e-36	-9.90598e-38	-4.99928e-39	-2.37279e-40	-1.0628e-41	-4.50634e-43	-1.81377e-44	-6.94751e-46	-2.62666e-47	-2.62666e-47	
1.01152e-63	1.01152e-63	4.58421e-62	2.06239e-60	9.0142e-59	3.8245e-57	1.57374e-55	6.27483e-54	2.42188e-52	9.03919e-51	3.25873e-49	1.13342e-47	3.79843e-46	1.22486e-44	3.79492e-43	1.12786e-41	3.20996e-40	8.7321e-39	2.26584e-37	5.5958e-36	1.31207e-34	2.91302e-33	6.10562e-32	1.20414e-30	2.22627e-29	3.84265e-28	6.16308e-27	9.13612e-26	1.24415e-24	1.54555e-23	1.73723e-22	1.75018e-21	1.563e-20	1.22146e-19	8.22914e-19	4.69919e-18	2.23245e-17	8.64649e-17	2.66133e-16	6.18475e-16	9.406e-16	6.18475e-16	2.66133e-16	8.64649e-17	2.23245e-17	4.69919e-18	8.22914e-19	1.22146e-19	1.563e-20	1.75018e-21	1.73689e-22	1.52039e-23	-3.20425e-25	-7.75932e-24	-3.01051e-23	-8.07132e-23	-1.27599e-22	-8.07203e-23	-3.0116e-23	-7.85245e-24	-1.56505e-24	-2.51793e-25	-3.39126e-26	-3.92422e-27	-3.97782e-28	-3.58561e-29	-2.90879e-30	-2.14455e-31	-1.44864e-32	-9.02732e-34	-5.22006e-35	-2.81519e-36	-1.42226e-37	-6.75733e-39	-3.02971e-40	-1.28586e-41	-5.18038e-43	-1.98614e-44	-7.51602e-46	-7.51602e-46	
2.30056e-62	2.30056e-62	1.04154e-60	4.68099e-59	2.04382e-57	8.6622e-56	3.56054e-54	1.41808e-52	5.46713e-51	2.03813e-49	7.33894e-48	2.54944e-46	8.53317e-45	2.74809e-43	8.50287e-42	2.52359e-40	7.17199e-39	1.94811e-37	5.04721e-36	1.24447e-34	2.91302e-33	6.45594e-32	1.35062e-30	2.65838e-29	4.90459e-28	8.44645e-27	1.3514e-25	1.99801e-24	2.71302e-23	3.35946e-22	3.76256e-21	3.77517e-20	3.35555e-19	2.6078e-18	1.7453e-17	9.88669e-17	4.65164e-16	1.78155e-15	5.42046e-15	1.24813e-14	1.89092e-14	1.24813e-14	5.42046e-15	1.78155e-15	4.65164e-16	9.88669e-17	1.7453e-17	2.6078e-18	3.35555e-19	3.77517e-20	3.76167e-21	3.29205e-22	-1.47142e-23	-2.07604e-22	-8.02371e-22	-2.14744e-21	-3.39052e-21	-2.14767e-21	-8.02661e-22	-2.0966e-22	-4.18602e-23	-6.74607e-24	-9.10065e-25	-1.05472e-25	-1.07071e-26	-9.66516e-28	-7.85145e-29	-5.79619e-30	-3.92024e-31	-2.44589e-32	-1.41599e-33	-7.64512e-35	-3.86659e-36	-1.83902e-37	-8.25386e-39	-3.50659e-40	-1.41408e-41	-5.42664e-43	-2.05552e-44	-2.05552e-44	
4.94541e-61	4.94541e-61	2.23656e-59	1.0041e-57	4.37933e-56	1.854e-54	7.61211e-53	3.02822e-51	1.16608e-49	4.34183e-48	1.56146e-46	5.41735e-45	1.81083e-43	5.82384e-42	1.79942e-40	5.33281e-39	1.5133e-37	4.10411e-36	1.06157e-34	2.61302e-33	6.10562e-32	1.35062e-30	2.81998e-29	5.53888e-28	1.01962e-26	1.75175e-25	2.79551e-24	4.12155e-23	5.57932e-22	6.88528e-21	7.68211e-20	7.67452e-19	6.78738e-18	5.24388e-17	3.48483e-16	1.95723e-15	9.11354e-15	3.44838e-14	1.03602e-13	2.36143e-13	3.56229e-13	2.36143e-13	1.03602e-13	3.44838e-14	9.11354e-15	1.95723e-15	3.48483e-16	5.24389e-17	6.78739e-18	7.67452e-19	7.67984e-20	6.71322e-21	-5.08458e-22	-5.29059e-21	-2.03727e-20	-5.44236e-20	-8.58099e-20	-5.44308e-20	-2.03804e-20	-5.33364e-21	-1.06689e-21	-1.72245e-22	-2.32762e-23	-2.70201e-24	-2.74726e-25	-2.4836e-26	-2.02042e-27	-1.49357e-28	-1.0115e-29	-6.31884e-31	-3.66259e-32	-1.97979e-33	-1.00243e-34	-4.77294e-36	-2.14446e-37	-9.11992e-39	-3.6814e-40	-1.41414e-41	-5.36176e-43	-5.36176e-43	
1.00166e-59	1.00166e-59	4.52491e-58	2.02917e-56	8.84002e-55	3.73808e-53	1.53294e-51	6.09085e-50	2.34249e-48	8.71094e-47	3.12863e-45	1.08398e-43	3.61835e-42	1.16203e-40	3.58509e-39	1.06086e-37	3.00563e-36	8.1379e-35	2.10134e-33	5.16308e-32	1.20414e-30	2.65838e-29	5.53888e-28	1.08551e-26	1.99352e-25	3.41625e-24	5.43688e-23	7.992e-22	1.07834e-20	1.32594e-19	1.47339e-18	1.46515e-17	1.28887e-16	9.89525e-16	6.52644e-15	3.63199e-14	1.67236e-13	6.24507e-13	1.85037e-12	4.1703e-12	6.26085e-12	4.1703e-12	1.85037e-12	6.24507e-13	1.67236e-13	3.632e-14	6.52645e-15	9.89527e-16	1.28888e-16	1.46515e-17	1.47284e-18	1.28418e-19	-1.50513e-20	-1.28118e-19	-4.91608e-19	-1.31068e-18	-2.0635e-18	-1.31089e-18	-4.91808e-19	-1.28972e-19	-2.58496e-20	-4.18127e-21	-5.66058e-22	-6.58242e-23	-6.70364e-24	-6.06978e-25	-4.94517e-26	-3.66088e-27	-2.48267e-28	-1.55296e-29	-9.01278e-31	-4.87772e-32	-2.47264e-33	-1.17864e-34	-5.30138e-36	-2.25695e-37	-9.11991e-39	-3.50674e-40	-1.33093e-41	-1.33093e-41	
1.90492e-58	1.90492e-58	8.59511e-57	3.84987e-55	1.67516e-53	7.07483e-52	2.89764e-50	1.14984e-48	4.41635e-47	1.64008e-45	5.88233e-44	2.03515e-42	6.78338e-41	2.17518e-39	6.70031e-38	1.97946e-36	5.59877e-35	1.51324e-33	3.90031e-32	9.56492e-31	2.22627e-29	4.90459e-28	1.01962e-26	1.99352e-25	3.65182e-24	6.24112e-23	9.90352e-22	1.45115e-20	1.95116e-19	2.38987e-18	2.6441e-17	2.6163e-16	2.28836e-15	1.74503e-14	1.14163e-13	6.29058e-13	2.86158e-12	1.05333e-11	3.07345e-11	6.83997e-11	1.02132e-10	6.83997e-11	3.07345e-11	1.05333e-11	2.86158e-12	6.29059e-13	1.14163e-13	1.74504e-14	2.28837e-15	2.61631e-16	2.64284e-17	2.29378e-18	-3.98306e-19	-2.94051e-18	-1.12445e-17	-2.99148e-17	-4.7022e-17	-2.99207e-17	-1.12495e-17	-2.95656e-18	-5.93841e-19	-9.62514e-20	-1.30556e-20	-1.52096e-21	-1.55166e-22	-1.40726e-23	-1.14832e-24	-8.51368e-26	-5.78191e-27	-3.62166e-28	-2.10463e-29	-1.14046e-30	-5.78831e-32	-2.76238e-33	-1.24389e-34	-5.30138e-36	-2.14445e-37	-8.25421e-39	-3.13598e-40	-3.13598e-40	
3.38833e-57	3.38833e-57	1.52691e-55	6.83066e-54	2.96835e-52	1.25201e-50	5.12099e-49	2.02933e-47	7.78337e-46	2.88631e-44	1.03368e-42	3.57086e-41	1.18834e-39	3.80441e-38	1.16993e-36	3.45033e-35	9.7415e-34	2.62802e-32	6.76038e-31	1.6545e-29	3.84265e-28	8.44645e-27	1.75175e-25	3.41626e-24	6.24112e-23	1.06353e-21	1.68233e-20	2.45665e-19	3.2907e-18	4.01378e-17	4.41993e-16	4.35011e-15	3.78134e-14	2.86253e-13	1.85632e-12	1.01192e-11	4.54271e-11	1.64588e-10	4.72119e-10	1.03588e-09	1.53716e-09	1.03588e-09	4.72119e-10	1.64588e-10	4.54271e-11	1.01192e-11	1.85633e-12	2.86254e-13	3.78137e-14	4.35015e-15	4.41723e-16	3.80471e-17	-9.59597e-18	-6.37809e-17	-2.4307e-16	-6.45173e-16	-1.01236e-15	-6.45329e-16	-2.43195e-16	-6.40673e-17	-1.28978e-17	-2.09506e-18	-2.8476e-19	-3.32386e-20	-3.39719e-21	-3.08641e-22	-2.52267e-23	-1.87326e-24	-1.2741e-25	-7.99209e-27	-4.65075e-28	-2.52348e-29	-1.28239e-30	-6.12741e-32	-2.76238e-33	-1.17864e-34	-4.77293e-36	-1.83909e-37	-6.99459e-39	-6.99459e-39	
5.61253e-56	5.61253e-56	2.52582e-54	1.12841e-52	4.89693e-51	2.06256e-49	8.42426e-48	3.33344e-46	1.2766e-44	4.72672e-43	1.69011e-41	5.82898e-40	1.93656e-38	6.18905e-37	1.89985e-35	5.59256e-34	1.57593e-32	4.24293e-31	1.08917e-29	2.65972e-28	6.16308e-27	1.3514e-25	2.79551e-24	5.43688e-23	9.90353e-22	1.68233e-20	2.65211e-19	3.85843e-18	5.14732e-17	6.24993e-16	6.84731e-15	6.70003e-14	5.78484e-13	4.34446e-12	2.79043e-11	1.50332e-10	6.6513e-10	2.36796e-09	6.66376e-09	1.43869e-08	2.11967e-08	1.43869e-08	6.66376e-09	2.36796e-09	6.6513e-10	1.50333e-10	2.79044e-11	4.3445e-12	5.78494e-13	6.70017e-14	6.84184e-15	5.82124e-16	-2.12241e-16	-1.30321e-15	-4.94968e-15	-1.31048e-14	-2.05242e-14	-1.31086e-14	-4.9526e-15	-1.30807e-15	-2.63988e-16	-4.29815e-17	-5.85494e-18	-6.84834e-19	-7.01311e-20	-6.3833e-21	-5.2265e-22	-3.88748e-23	-2.64823e-24	-1.66366e-25	-9.69505e-27	-5.26771e-28	-2.68047e-29	-1.28238e-30	-5.7883e-32	-2.47263e-33	-1.00243e-34	-3.86675e-36	-1.47224e-37	-1.47224e-37	
8.6153e-55	8.6153e-55	3.87155e-53	1.72711e-51	7.484e-50	3.14746e-48	1.28355e-46	5.07091e-45	1.93885e-43	7.16678e-42	2.5582e-40	8.80739e-39	2.92076e-37	9.31695e-36	2.85446e-34	8.38575e-33	2.35808e-31	6.33494e-30	1.6225e-28	3.95264e-27	9.13612e-26	1.99802e-24	4.12155e-23	7.992e-22	1.45115e-20	2.45665e-19	3.85843e-18	5.59073e-17	7.42507e-16	8.97094e-15	9.77359e-14	9.50249e-13	8.14393e-12	6.0628e-11	3.85317e-10	2.04905e-09	8.92074e-09	3.11425e-08	8.57622e-08	1.8176e-07	2.65563e-07	1.8176e-07	8.57622e-08	3.11425e-08	8.92075e-09	2.04906e-09	3.85319e-10	6.06289e-11	8.14416e-12	9.50286e-13	9.7632e-14	8.14544e-15	-4.32473e-15	-2.49934e-14	-9.45975e-14	-2.4977e-13	-3.90364e-13	-2.49858e-13	-9.46622e-14	-2.50723e-14	-5.07354e-15	-8.28143e-16	-1.13077e-16	-1.32557e-17	-1.36029e-18	-1.24056e-19	-1.01762e-20	-7.58235e-22	-5.17383e-23	-3.25541e-24	-1.89995e-25	-1.0338e-26	-5.2677e-28	-2.52347e-29	-1.14046e-30	-4.8777e-32	-1.97978e-33	-7.64542e-35	-2.91424e-36	-2.91424e-36	
1.21876e-53	1.21876e-53	5.46824e-52	2.43555e-50	1.05369e-48	4.42406e-47	1.80112e-45	7.10339e-44	2.71116e-42	1.00034e-40	3.56406e-39	1.22468e-37	4.0533e-36	1.29032e-34	3.94481e-33	1.15635e-31	3.24423e-30	8.69481e-29	2.22137e-27	5.39748e-26	1.24415e-24	2.71302e-23	5.57932e-22	1.07834e-20	1.95116e-19	3.2907e-18	5.14732e-17	7.42507e-16	9.81285e-15	1.1791e-13	1.27668e-12	1.23252e-11	1.04766e-10	7.72374e-10	4.85129e-09	2.54264e-08	1.0871e-07	3.71184e-07	9.97172e-07	2.06837e-06	2.99218e-06	2.06837e-06	9.97172e-07	3.71184e-07	1.0871e-07	2.54266e-08	4.85135e-09	7.72393e-10	1.04771e-10	1.2326e-11	1.27483e-12	1.03042e-13	-8.12384e-14	-4.48071e-13	-1.68981e-12	-4.4482e-12	-6.93597e-12	-4.45006e-12	-1.69115e-12	-4.493e-13	-9.11851e-14	-1.49248e-14	-2.04309e-15	-2.40078e-16	-2.46917e-17	-2.25655e-18	-1.85468e-19	-1.38449e-20	-9.46365e-22	-5.96448e-23	-3.48654e-24	-1.89994e-25	-9.69498e-27	-4.65072e-28	-2.10461e-29	-9.0127e-31	-3.66256e-32	-1.41605e-33	-5.4039e-35	-5.4039e-35	
1.57896e-52	1.57896e-52	7.0721e-51	3.14445e-49	1.35796e-47	5.6913e-46	2.31274e-44	9.10382e-43	3.46789e-41	1.27699e-39	4.54036e-38	1.55685e-36	5.14141e-35	1.633e-33	4.9808e-32	1.45648e-30	4.07598e-29	1.08952e-27	2.77588e-26	6.72541e-25	1.54555e-23	3.35946e-22	6.88529e-21	1.32594e-19	2.38988e-18	4.01378e-17	6.24994e-16	8.97094e-15	1.1791e-13	1.40815e-12	1.51418e-11	1.45026e-10	1.22141e-09	8.90649e-09	5.52025e-08	2.84602e-07	1.19197e-06	3.96761e-06	1.03566e-05	2.09438e-05	2.99369e-05	2.09438e-05	1.03566e-05	3.96762e-06	1.19197e-06	2.84604e-07	5.52036e-08	8.90685e-09	1.2215e-09	1.45043e-10	1.51112e-11	1.15883e-12	-1.40497e-12	-7.47405e-12	-2.80803e-11	-7.36697e-11	-1.14575e-10	-7.37057e-11	-2.8106e-11	-7.49252e-12	-1.52549e-12	-2.50433e-13	-3.43777e-14	-4.05004e-15	-4.17542e-16	-3.82444e-17	-3.14993e-18	-2.35601e-19	-1.61344e-20	-1.01865e-21	-5.96444e-23	-3.25537e-24	-1.66364e-25	-7.99198e-27	-3.62161e-28	-1.55294e-29	-6.31877e-31	-2.44598e-32	-9.3456e-34	-9.3456e-34	
1.86004e-51	1.86004e-51	8.31497e-50	3.68993e-48	1.5904e-46	6.652e-45	2.69755e-43	1.05961e-41	4.02757e-40	1.47977e-38	5.24926e-37	1.79566e-35	5.91559e-34	1.87415e-32	5.70138e-31	1.66267e-29	4.63986e-28	1.2366e-26	3.14092e-25	7.58526e-24	1.73723e-22	3.76257e-21	7.68212e-20	1.47339e-18	2.6441e-17	4.41994e-16	6.84733e-15	9.77361e-14	1.27668e-12	1.51418e-11	1.61549e-10	1.53344e-09	1.27794e-08	9.20258e-08	5.61729e-07	2.84154e-06	1.16194e-05	3.7542e-05	9.4716e-05	0.000185789	0.000261657	0.000185789	9.47161e-05	3.75421e-05	1.16195e-05	2.84158e-06	5.61746e-07	9.20315e-08	1.2781e-08	1.53372e-09	1.61078e-10	1.12693e-11	-2.23064e-11	-1.15381e-10	-4.31731e-10	-1.12841e-09	-1.74985e-09	-1.12905e-09	-4.32185e-10	-1.15648e-10	-2.36297e-11	-3.89193e-12	-5.35875e-13	-6.33083e-14	-6.54375e-15	-6.00812e-16	-4.9596e-17	-3.71736e-18	-2.55074e-19	-1.61342e-20	-9.46349e-22	-5.17373e-23	-2.64818e-24	-1.27407e-25	-5.7818e-27	-2.48263e-28	-1.01148e-29	-3.92036e-31	-1.49977e-32	-1.49977e-32	
1.9761e-50	1.9761e-50	8.81467e-49	3.9032e-47	1.67858e-45	7.00489e-44	2.83404e-42	1.11056e-40	4.21088e-39	1.54321e-37	5.46011e-36	1.86278e-34	6.11975e-33	1.93328e-31	5.86384e-30	1.70479e-28	4.74216e-27	1.25965e-25	3.18827e-24	7.67141e-23	1.75019e-21	3.77518e-20	7.67454e-19	1.46515e-17	2.6163e-16	4.35013e-15	6.70006e-14	9.50253e-13	1.23252e-11	1.45027e-10	1.53344e-09	1.44053e-08	1.18597e-07	8.4164e-07	5.04621e-06	2.49603e-05	9.91985e-05	0.000309256	0.000748684	0.00141437	0.00195464	0.00141438	0.000748685	0.000309257	9.91993e-05	2.49608e-05	5.04644e-06	8.41718e-07	1.18619e-07	1.44093e-08	1.52669e-09	8.96486e-11	-3.23741e-10	-1.63829e-09	-6.10303e-09	-1.58838e-08	-2.45498e-08	-1.58941e-08	-6.11029e-09	-1.64197e-09	-3.36819e-10	-5.5677e-11	-7.6916e-12	-9.1146e-13	-9.44765e-14	-8.6969e-15	-7.19648e-16	-5.4061e-17	-3.7173e-18	-2.35595e-19	-1.38445e-20	-7.58211e-22	-3.88736e-23	-1.87321e-24	-8.51346e-26	-3.6608e-27	-1.49354e-28	-5.79634e-30	-2.22033e-31	-2.22033e-31	
1.87563e-49	1.87563e-49	8.34596e-48	3.68654e-46	1.5814e-44	6.58225e-43	2.65597e-41	1.03794e-39	3.92448e-38	1.4341e-36	5.05893e-35	1.72061e-33	5.63472e-32	1.77421e-30	5.363e-29	1.55365e-27	4.30582e-26	1.13934e-24	2.87216e-23	6.88159e-22	1.563e-20	3.35556e-19	6.78741e-18	1.28888e-16	2.28837e-15	3.78137e-14	5.78489e-13	8.144e-12	1.04767e-10	1.22142e-09	1.27795e-08	1.18598e-07	9.62443e-07	6.71234e-06	3.9388e-05	0.000189584	0.000727491	0.00216937	0.00498662	0.00897897	0.0121013	0.00897898	0.00498663	0.00216938	0.0007275	0.00018959	3.93904e-05	6.71321e-06	9.62691e-07	1.18643e-07	1.26899e-08	4.97453e-10	-4.27061e-09	-2.12409e-08	-7.87398e-08	-2.03939e-07	-3.14003e-07	-2.04088e-07	-7.88446e-08	-2.12887e-08	-4.38628e-09	-7.27988e-10	-1.00938e-10	-1.20013e-11	-1.2478e-12	-1.15189e-13	-9.55645e-15	-7.19631e-16	-4.95941e-17	-3.14978e-18	-1.85459e-19	-1.01758e-20	-5.22627e-22	-2.52257e-23	-1.14828e-24	-4.94501e-26	-2.02036e-27	-7.85162e-29	-3.01169e-30	-3.01169e-30	
1.57338e-48	1.57338e-48	6.98138e-47	3.07507e-45	1.31528e-43	5.45826e-42	2.19569e-40	8.55364e-39	3.22365e-37	1.17406e-35	4.1273e-34	1.39874e-32	4.56372e-31	1.43148e-29	4.3098e-28	1.24338e-26	3.43106e-25	9.03783e-24	2.26759e-22	5.40611e-21	1.22146e-19	2.60782e-18	5.24393e-17	9.89536e-16	1.74506e-14	2.86257e-13	4.34453e-12	6.06291e-11	7.72388e-10	8.90665e-09	9.20273e-08	8.41652e-07	6.71239e-06	4.58303e-05	0.000261854	0.00121773	0.00446664	0.0125683	0.0269868	0.0455812	0.0593276	0.0455812	0.0269869	0.0125684	0.00446671	0.00121777	0.000261875	4.58381e-05	6.71466e-06	8.4205e-07	9.09375e-08	3.27077e-10	-5.08296e-08	-2.4931e-07	-9.19088e-07	-2.3672e-06	-3.62856e-06	-2.36911e-06	-9.20434e-07	-2.49882e-07	-5.17425e-08	-8.62647e-09	-1.20098e-09	-1.43321e-10	-1.49515e-11	-1.38447e-12	-1.15185e-13	-8.69641e-15	-6.00771e-16	-3.82416e-17	-2.25639e-18	-1.24048e-19	-6.3829e-21	-3.08623e-22	-1.40719e-23	-6.06952e-25	-2.48351e-26	-9.6653e-28	-3.71259e-29	-3.71259e-29	
1.15186e-47	1.15186e-47	5.09462e-46	2.23675e-44	9.53526e-43	3.94345e-41	1.58072e-39	6.13544e-38	2.30358e-36	8.35695e-35	2.92597e-33	9.87465e-32	3.20787e-30	1.00166e-28	3.00159e-27	8.61726e-26	2.36576e-24	6.19837e-23	1.54644e-21	3.66505e-20	8.22921e-19	1.74532e-17	3.48489e-16	6.52657e-15	1.14166e-13	1.85637e-12	2.79052e-11	3.85329e-10	4.85146e-09	5.52044e-08	5.61747e-07	5.04636e-06	3.93889e-05	0.000261858	0.00144582	0.0064252	0.0221669	0.0575651	0.112521	0.174009	0.215531	0.174009	0.112522	0.0575655	0.0221673	0.00642546	0.00144595	0.00026191	3.94048e-05	5.04878e-06	5.49783e-07	-3.60252e-08	-5.40806e-07	-2.62167e-06	-9.60387e-06	-2.45745e-05	-3.74715e-05	-2.45961e-05	-9.61908e-06	-2.62786e-06	-5.47249e-07	-9.17029e-08	-1.28252e-08	-1.53681e-09	-1.60918e-10	-1.49508e-11	-1.2477e-12	-9.4467e-14	-6.54304e-15	-4.17497e-16	-2.46892e-17	-1.36016e-18	-7.01252e-20	-3.39694e-21	-1.55156e-22	-6.70329e-24	-2.74713e-25	-1.07072e-26	-4.11886e-28	-4.11886e-28	
7.24977e-47	7.24977e-47	3.19502e-45	1.39764e-43	5.9357e-42	2.44523e-40	9.76204e-39	3.77321e-37	1.41051e-35	5.09401e-34	1.77518e-32	5.96172e-31	1.92688e-29	5.98482e-28	1.78349e-26	5.09056e-25	1.38906e-23	3.61615e-22	8.96133e-21	2.10876e-19	4.69924e-18	9.88687e-17	1.95728e-15	3.63212e-14	6.29085e-13	1.01197e-11	1.50341e-10	2.04918e-09	2.54281e-08	2.8462e-07	2.84172e-06	2.49617e-05	0.000189593	0.00121777	0.00642534	0.0268243	0.0848125	0.196338	0.337019	0.463556	0.537582	0.463557	0.33702	0.196339	0.0848138	0.0268253	0.00642594	0.00121802	0.000189673	2.49683e-05	2.72539e-06	-5.74932e-07	-5.0833e-06	-2.4387e-05	-8.86807e-05	-0.000225165	-0.000341171	-0.000225376	-8.88296e-05	-2.44461e-05	-5.12436e-06	-8.63693e-07	-1.21416e-07	-1.46159e-08	-1.53671e-09	-1.43305e-10	-1.19997e-11	-9.1132e-13	-6.32984e-14	-4.04943e-15	-2.40045e-16	-1.3254e-17	-6.8476e-19	-3.32355e-20	-1.52084e-21	-6.58198e-23	-2.70186e-24	-1.05472e-25	-4.06353e-27	-4.06353e-27	
3.84797e-46	3.84797e-46	1.68946e-44	7.36199e-43	3.114e-41	1.27742e-39	5.07737e-38	1.95347e-36	7.26737e-35	2.61136e-33	9.05217e-32	3.02326e-30	9.7148e-29	2.99902e-27	8.87999e-26	2.51751e-24	6.82069e-23	1.7623e-21	4.33248e-20	1.0109e-18	2.23244e-17	4.65173e-16	9.11391e-15	1.67246e-13	2.86181e-12	4.54313e-11	6.65201e-10	8.92177e-09	1.08723e-07	1.19211e-06	1.16207e-05	9.92084e-05	0.000727555	0.00446696	0.0221681	0.0848148	0.236986	0.469175	0.686966	0.831539	0.900594	0.83154	0.686968	0.469178	0.236989	0.0848174	0.0221697	0.00446772	0.000727812	9.91633e-05	1.06397e-05	-5.87201e-06	-4.15786e-05	-0.00019749	-0.000711933	-0.00179083	-0.00269255	-0.00179257	-0.000713173	-0.000197976	-4.18183e-05	-7.0956e-06	-1.00335e-06	-1.21407e-07	-1.28234e-08	-1.20076e-09	-1.00918e-10	-7.68997e-12	-5.35765e-13	-3.43711e-14	-2.04274e-15	-1.1306e-16	-5.85416e-18	-2.84728e-19	-1.30544e-20	-5.66013e-22	-2.32747e-23	-9.10058e-25	-3.51181e-26	-3.51181e-26	
1.67181e-45	1.67181e-45	7.31813e-44	3.17866e-42	1.33979e-40	5.47513e-39	2.16727e-37	8.30158e-36	3.07383e-34	1.09895e-32	3.78901e-31	1.25823e-29	4.01856e-28	1.23253e-26	3.62435e-25	1.01998e-23	2.74183e-22	7.02511e-21	1.71165e-19	3.95555e-18	8.64551e-17	1.78148e-15	3.44846e-14	6.24555e-13	1.05346e-11	1.64615e-10	2.36842e-09	3.1149e-08	3.71263e-07	3.96843e-06	3.75492e-05	0.000309308	0.00216969	0.0125699	0.0575707	0.196351	0.469191	0.779919	0.986971	1.0849	1.12019	1.0849	0.986974	0.779923	0.469194	0.196354	0.0575727	0.012571	0.00217007	0.0003086	3.05287e-05	-4.56642e-05	-0.000290168	-0.00136403	-0.00486609	-0.0121008	-0.0180185	-0.0121128	-0.00487469	-0.00136739	-0.000291453	-4.9839e-05	-7.095e-06	-8.63553e-07	-9.16827e-08	-8.62428e-09	-7.27792e-10	-5.56621e-11	-3.89094e-12	-2.50375e-13	-1.49217e-14	-8.27994e-16	-4.29748e-17	-2.09478e-18	-9.6241e-20	-4.18089e-21	-1.72232e-22	-6.74597e-24	-2.60756e-25	-2.60756e-25	
5.55985e-45	5.55985e-45	2.43885e-43	1.06059e-41	4.47215e-40	1.82698e-38	7.22451e-37	2.76265e-35	1.02056e-33	3.63802e-32	1.24992e-30	4.13359e-29	1.31399e-27	4.00884e-26	1.17189e-24	3.27651e-23	8.74459e-22	2.22295e-20	5.36963e-19	1.22925e-17	2.65911e-16	5.41762e-15	1.03573e-13	1.85024e-12	3.07372e-11	4.72218e-10	6.66573e-09	8.57919e-08	9.97532e-07	1.03601e-05	9.47456e-05	0.000748886	0.00498778	0.0269922	0.11254	0.33706	0.687023	0.987016	1.13504	1.18909	1.20387	1.18909	1.13505	0.987023	0.687026	0.337059	0.112538	0.0269915	0.00498709	0.000743791	5.31501e-05	-0.000279942	-0.0016826	-0.00781905	-0.02754	-0.067508	-0.0992793	-0.0675741	-0.027588	-0.00783788	-0.00168876	-0.000291432	-4.18118e-05	-5.1232e-06	-5.47097e-07	-5.17266e-08	-4.3849e-09	-3.36716e-10	-2.3623e-11	-1.5251e-12	-9.11645e-14	-5.07255e-15	-2.63944e-16	-1.2896e-17	-5.93773e-19	-2.58471e-20	-1.06681e-21	-4.18596e-23	-1.62085e-24	-1.62085e-24	
1.04072e-44	1.04072e-44	4.78509e-43	2.16157e-41	9.40687e-40	3.94477e-38	1.59395e-36	6.20416e-35	2.32503e-33	8.38344e-32	2.90602e-30	9.67448e-29	3.08964e-27	9.453e-26	2.76674e-24	7.73361e-23	2.06065e-21	5.22309e-20	1.25645e-18	2.861e-17	6.14862e-16	1.24303e-14	2.35501e-13	4.16335e-12	6.83402e-11	1.03558e-09	1.43885e-08	1.81825e-07	2.06933e-06	2.09537e-05	0.000185867	0.00141487	0.00898164	0.0455935	0.17405	0.463647	0.831674	1.08503	1.18919	1.22082	1.22761	1.22083	1.18919	1.08504	0.831677	0.46364	0.174038	0.0455852	0.00897573	0.00138953	-1.14258e-05	-0.00134142	-0.00781301	-0.0358222	-0.124188	-0.298867	-0.432367	-0.299148	-0.124395	-0.0359042	-0.00783774	-0.00136727	-0.000197943	-2.44403e-05	-2.62712e-06	-2.49805e-07	-2.12821e-08	-1.64148e-09	-1.15616e-10	-7.49066e-12	-4.49203e-13	-2.50677e-14	-1.30787e-15	-6.40589e-17	-2.95625e-18	-1.28961e-19	-5.33327e-21	-2.09658e-22	-8.1329e-24	-8.1329e-24	
-3.80453e-44	-3.80453e-44	-1.28629e-42	-4.1737e-41	-1.23786e-39	-3.20296e-38	-6.31544e-37	-3.20401e-36	5.45856e-34	3.96683e-32	1.95166e-30	8.09249e-29	3.00653e-27	1.02641e-25	3.25981e-24	9.69312e-23	2.70743e-21	7.11339e-20	1.75824e-18	4.08517e-17	8.90808e-16	1.81891e-14	3.46739e-13	6.14825e-12	1.00948e-10	1.52642e-09	2.11157e-08	2.65091e-07	2.9904e-06	2.99362e-05	0.000261698	0.00195494	0.0121029	0.0593367	0.215569	0.537692	0.90081	1.12048	1.20415	1.22781	1.23239	1.22781	1.20416	1.12049	0.900812	0.537674	0.21554	0.0593153	0.0120842	0.00186341	-0.000449433	-0.00482928	-0.027515	-0.124147	-0.421949	-0.991467	-1.40285	-0.992323	-0.422598	-0.124407	-0.0275902	-0.00487476	-0.000713129	-8.8818e-05	-9.61735e-06	-9.20243e-07	-7.88274e-08	-6.10899e-09	-4.32099e-10	-2.8101e-11	-1.69089e-12	-9.46497e-14	-4.95205e-15	-2.43172e-16	-1.12487e-17	-4.91778e-19	-2.03794e-20	-8.02667e-22	-3.11939e-23	-3.11939e-23	
