3.61461e-109	3.61461e-109	2.85076e-107	2.21236e-105	1.66784e-103	1.22041e-101	8.66021e-100	5.9543e-98	3.96268e-96	2.55009e-94	1.58507e-92	9.50514e-91	5.49208e-89	3.05348e-87	1.63117e-85	8.35926e-84	4.10261e-82	1.92475e-80	8.61466e-79	3.67024e-77	1.4849e-75	5.68973e-74	2.05875e-72	7.01154e-71	2.23943e-69	6.68033e-68	1.8526e-66	4.75125e-65	1.12011e-63	2.41065e-62	4.69834e-61	8.21548e-60	1.27485e-58	1.7333e-57	2.03431e-56	2.02597e-55	1.67874e-54	1.13062e-53	5.98223e-53	2.31238e-52	5.27194e-52	2.31238e-52	5.98223e-53	1.13062e-53	1.67874e-54	2.02597e-55	2.03431e-56	1.7333e-57	1.27485e-58	8.21548e-60	4.69831e-61	2.40637e-62	6.67828e-64	-3.78581e-63	-2.45172e-62	-1.06339e-61	-2.46548e-61	-1.06339e-61	-2.45191e-62	-3.83332e-63	-4.52285e-64	-4.28015e-65	-3.37879e-66	-2.28672e-67	-1.35389e-68	-7.12192e-70	-3.36965e-71	-1.44833e-72	-5.70192e-74	-2.07039e-75	-6.97467e-77	-2.19104e-78	-6.44705e-80	-1.78382e-81	-4.6572e-83	-1.15086e-84	-2.69928e-86	-6.02411e-88	-1.30821e-89	-1.30821e-89	
3.61461e-109	3.61461e-109	2.85076e-107	2.21236e-105	1.66784e-103	1.22041e-101	8.66021e-100	5.9543e-98	3.96268e-96	2.55009e-94	1.58507e-92	9.50514e-91	5.49208e-89	3.05348e-87	1.63117e-85	8.35926e-84	4.10261e-82	1.92475e-80	8.61466e-79	3.67024e-77	1.4849e-75	5.68973e-74	2.05875e-72	7.01154e-71	2.23943e-69	6.68033e-68	1.8526e-66	4.75125e-65	1.12011e-63	2.41065e-62	4.69834e-61	8.21548e-60	1.27485e-58	1.7333e-57	2.03431e-56	2.02597e-55	1.67874e-54	1.13062e-53	5.98223e-53	2.31238e-52	5.27194e-52	2.31238e-52	5.98223e-53	1.13062e-53	1.67874e-54	2.02597e-55	2.03431e-56	1.7333e-57	1.27485e-58	8.21548e-60	4.69831e-61	2.40637e-62	6.67828e-64	-3.78581e-63	-2.45172e-62	-1.06339e-61	-2.46548e-61	-1.06339e-61	-2.45191e-62	-3.83332e-63	-4.52285e-64	-4.28015e-65	-3.37879e-66	-2.28672e-67	-1.35389e-68	-7.12192e-70	-3.36965e-71	-1.44833e-72	-5.70192e-74	-2.07039e-75	-6.97467e-77	-2.19104e-78	-6.44705e-80	-1.78382e-81	-4.6572e-83	-1.15086e-84	-2.69928e-86	-6.02411e-88	-1.30821e-89	-1.30821e-89	
2.85076e-107	2.85076e-107	2.24619e-105	1.74153e-103	1.31164e-101	9.58844e-100	6.79754e-98	4.66907e-96	3.10428e-94	1.99569e-92	1.23923e-90	7.42368e-89	4.285e-87	2.37989e-85	1.27e-83	6.50138e-82	3.18732e-80	1.49369e-78	6.67779e-77	2.84177e-75	1.14837e-73	4.39493e-72	1.58827e-70	5.40231e-69	1.72317e-67	5.13321e-66	1.4215e-64	3.64006e-63	8.56754e-62	1.84064e-60	3.58053e-59	6.24761e-58	9.67154e-57	1.31131e-55	1.53401e-54	1.52176e-53	1.25511e-52	8.40855e-52	4.42553e-51	1.70372e-50	3.87832e-50	1.70372e-50	4.42553e-51	8.40855e-52	1.25511e-52	1.52176e-53	1.53401e-54	1.31131e-55	9.67154e-57	6.24761e-58	3.5805e-59	1.837e-60	4.7254e-62	-3.21617e-61	-2.07784e-60	-9.00175e-60	-2.08491e-59	-9.00176e-60	-2.07798e-60	-3.25257e-61	-3.84214e-62	-3.64021e-63	-2.87692e-64	-1.94927e-65	-1.15538e-66	-6.08441e-68	-2.8819e-69	-1.24002e-70	-4.887e-72	-1.77635e-73	-5.99032e-75	-1.88375e-76	-5.54847e-78	-1.53674e-79	-4.01609e-81	-9.93411e-83	-2.33227e-84	-5.21008e-86	-1.13254e-87	-1.13254e-87	
2.21236e-105	2.21236e-105	1.74153e-103	1.34898e-101	1.01503e-99	7.41304e-98	5.25027e-96	3.60277e-94	2.39299e-92	1.53689e-90	9.53377e-89	5.70549e-87	3.28987e-85	1.82529e-83	9.7302e-82	4.97577e-80	2.43673e-78	1.14067e-76	5.09384e-75	2.16522e-73	8.73942e-72	3.34064e-70	1.20577e-68	4.09601e-67	1.30477e-65	3.88143e-64	1.07329e-62	2.74421e-61	6.44845e-60	1.38294e-58	2.68502e-57	4.67506e-56	7.21969e-55	9.76143e-54	1.13816e-52	1.12461e-51	9.23187e-51	6.15159e-50	3.22006e-49	1.23446e-48	2.8057e-48	1.23446e-48	3.22006e-49	6.15159e-50	9.23187e-51	1.12461e-51	1.13816e-52	9.76143e-54	7.21969e-55	4.67506e-56	2.685e-57	1.37989e-58	3.23184e-60	-2.69235e-59	-1.73543e-58	-7.50949e-58	-1.73747e-57	-7.50949e-58	-1.73554e-58	-2.71979e-59	-3.21661e-60	-3.05112e-61	-2.41414e-62	-1.63757e-63	-9.71723e-65	-5.12291e-66	-2.42914e-67	-1.04633e-68	-4.12804e-70	-1.50205e-71	-5.07058e-73	-1.59615e-74	-4.70615e-76	-1.30475e-77	-3.41322e-79	-8.45115e-81	-1.98604e-82	-4.44093e-84	-9.66292e-86	-9.66292e-86	
1.66784e-103	1.66784e-103	1.31164e-101	1.01503e-99	7.63023e-98	5.56719e-96	3.93912e-94	2.7004e-92	1.79185e-90	1.14966e-88	7.12445e-87	4.25927e-85	2.45341e-83	1.35978e-81	7.24093e-80	3.69882e-78	1.8094e-76	8.4606e-75	3.77389e-73	1.60228e-71	6.45954e-70	2.46613e-68	8.89003e-67	3.01603e-65	9.5945e-64	2.85017e-62	7.8697e-61	2.009e-59	4.713e-58	1.00895e-56	1.95508e-55	3.39671e-54	5.23263e-53	7.05464e-52	8.1978e-51	8.06749e-50	6.59045e-49	4.36705e-48	2.27299e-47	8.67578e-47	1.96863e-46	8.67578e-47	2.27299e-47	4.36705e-48	6.59045e-49	8.06749e-50	8.1978e-51	7.05464e-52	5.23263e-53	3.39671e-54	1.95506e-55	1.00646e-56	2.09057e-58	-2.19462e-57	-1.41144e-56	-6.10019e-56	-1.4099e-55	-6.10019e-56	-1.41152e-56	-2.21471e-57	-2.62243e-58	-2.49049e-59	-1.97287e-60	-1.3398e-61	-7.95935e-63	-4.20088e-64	-1.99414e-65	-8.59899e-67	-3.39618e-68	-1.23707e-69	-4.18044e-71	-1.31732e-72	-3.888e-74	-1.07902e-75	-2.82553e-77	-7.00299e-79	-1.64734e-80	-3.68716e-82	-8.03072e-84	-8.03072e-84	
1.22041e-101	1.22041e-101	9.58844e-100	7.41304e-98	5.56719e-96	4.058e-94	2.86846e-92	1.96448e-90	1.30223e-88	8.34672e-87	5.16718e-85	3.08594e-83	1.7757e-81	9.83118e-80	5.22954e-78	2.66844e-76	1.3039e-74	6.09002e-73	2.71334e-71	1.15065e-69	4.63317e-68	1.76667e-66	6.36042e-65	2.15499e-63	6.84598e-62	2.03079e-60	5.59887e-59	1.42703e-57	3.34209e-56	7.14165e-55	1.38111e-53	2.3942e-52	3.679e-51	4.9456e-50	5.72719e-49	5.61276e-48	4.56224e-47	3.00565e-46	1.55516e-45	5.90871e-45	1.33848e-44	5.90871e-45	1.55516e-45	3.00565e-46	4.56224e-47	5.61276e-48	5.72719e-49	4.9456e-50	3.679e-51	2.3942e-52	1.38109e-53	7.12187e-55	1.26145e-56	-1.74071e-55	-1.11707e-54	-4.82199e-54	-1.11326e-53	-4.82199e-54	-1.11713e-54	-1.75498e-55	-2.08064e-56	-1.97836e-57	-1.56906e-58	-1.06683e-59	-6.34507e-61	-3.35271e-62	-1.59331e-63	-6.87817e-65	-2.71951e-66	-9.91658e-68	-3.35469e-69	-1.05822e-70	-3.12653e-72	-8.68581e-74	-2.27679e-75	-5.64861e-77	-1.33007e-78	-2.97995e-80	-6.49685e-82	-6.49685e-82	
8.66021e-100	8.66021e-100	6.79754e-98	5.25027e-96	3.93912e-94	2.86846e-92	2.02561e-90	1.38586e-88	9.17743e-87	5.87633e-85	3.63409e-83	2.16808e-81	1.24622e-79	6.89233e-78	3.66227e-76	1.86665e-74	9.11088e-73	4.25046e-71	1.89153e-69	8.0118e-68	3.22205e-66	1.22705e-64	4.41192e-63	1.49281e-61	4.73576e-60	1.40277e-58	3.86154e-57	9.82639e-56	2.29737e-54	4.9001e-53	9.45696e-52	1.63569e-50	2.50701e-49	3.3601e-48	3.87739e-47	3.78372e-46	3.0597e-45	2.0037e-44	1.03034e-43	3.89589e-43	8.80962e-43	3.89589e-43	1.03034e-43	2.0037e-44	3.0597e-45	3.78372e-46	3.87739e-47	3.3601e-48	2.50701e-49	1.63569e-50	9.45684e-52	4.88482e-53	6.92049e-55	-1.34253e-53	-8.59704e-53	-3.70634e-52	-8.54731e-52	-3.70634e-52	-8.59743e-53	-1.35235e-53	-1.60532e-54	-1.52831e-55	-1.21361e-56	-8.26143e-58	-4.91938e-59	-2.6024e-60	-1.23816e-61	-5.35103e-63	-2.11805e-64	-7.73183e-66	-2.61843e-67	-8.2685e-69	-2.44551e-70	-6.80093e-72	-1.78454e-73	-4.43186e-75	-1.04461e-76	-2.34272e-78	-5.11269e-80	-5.11269e-80	
5.9543e-98	5.9543e-98	4.66907e-96	3.60277e-94	2.7004e-92	1.96448e-90	1.38586e-88	9.47212e-87	6.2662e-85	4.00813e-83	2.47615e-81	1.4757e-79	8.4733e-78	4.68113e-76	2.48459e-74	1.26497e-72	6.16709e-71	2.87376e-69	1.27735e-67	5.4038e-66	2.17051e-64	8.25529e-63	2.96433e-61	1.00163e-59	3.17306e-58	9.38497e-57	2.57948e-55	6.55317e-54	1.52942e-52	3.25595e-51	6.2708e-50	1.08211e-48	1.65419e-47	2.21034e-46	2.5414e-45	2.46914e-44	1.98606e-43	1.29252e-42	6.60347e-42	2.48428e-41	5.60723e-41	2.48428e-41	6.60347e-42	1.29252e-42	1.98606e-43	2.46914e-44	2.5414e-45	2.21034e-46	1.65419e-47	1.08211e-48	6.27071e-50	3.24447e-51	3.25846e-53	-1.00605e-51	-6.42885e-51	-2.76801e-50	-6.37605e-50	-2.76801e-50	-6.42911e-51	-1.0126e-51	-1.20357e-52	-1.14729e-53	-9.12186e-55	-6.21718e-56	-3.70657e-57	-1.96313e-58	-9.35097e-60	-4.0459e-61	-1.60326e-62	-5.85911e-64	-1.98639e-65	-6.27942e-67	-1.8592e-68	-5.17582e-70	-1.35953e-71	-3.37982e-73	-7.97446e-75	-1.79021e-76	-3.91087e-78	-3.91087e-78	
3.96268e-96	3.96268e-96	3.10428e-94	2.39299e-92	1.79185e-90	1.30223e-88	9.17743e-87	6.2662e-85	4.14108e-83	2.64605e-81	1.63295e-79	9.72142e-78	5.57588e-76	3.07703e-74	1.63136e-72	8.29623e-71	4.03997e-69	1.88033e-67	8.34777e-66	3.52714e-64	1.41492e-62	5.37451e-61	1.9273e-59	6.50321e-58	2.05717e-56	6.07532e-55	1.66717e-53	4.22835e-52	9.85071e-51	2.09304e-49	4.02257e-48	6.9251e-47	1.05579e-45	1.40635e-44	1.61099e-43	1.55814e-42	1.24641e-41	8.05916e-41	4.08959e-40	1.53036e-39	3.44747e-39	1.53036e-39	4.08959e-40	8.05916e-41	1.24641e-41	1.55814e-42	1.61099e-43	1.40635e-44	1.05579e-45	6.9251e-47	4.02251e-48	2.08468e-49	1.08922e-51	-7.31927e-50	-4.6675e-49	-2.00697e-48	-4.61755e-48	-2.00697e-48	-4.66767e-49	-7.36156e-50	-8.76149e-51	-8.36268e-52	-6.65748e-53	-4.54323e-54	-2.71192e-55	-1.43807e-56	-6.85805e-58	-2.97074e-59	-1.17856e-60	-4.3119e-62	-1.46347e-63	-4.63141e-65	-1.37274e-66	-3.82564e-68	-1.00593e-69	-2.50337e-71	-5.91259e-73	-1.32868e-74	-2.9056e-76	-2.9056e-76	
2.55009e-94	2.55009e-94	1.99569e-92	1.53689e-90	1.14966e-88	8.34672e-87	5.87633e-85	4.00813e-83	2.64605e-81	1.68897e-79	1.0412e-77	6.19183e-76	3.54752e-74	1.9555e-72	1.03558e-70	5.26033e-69	2.55858e-67	1.18942e-65	5.27396e-64	2.22558e-62	8.91647e-61	3.38238e-59	1.21126e-57	4.08132e-56	1.28915e-54	3.80132e-53	1.04146e-51	2.63687e-50	6.13184e-49	1.3003e-47	2.4936e-46	4.28252e-45	6.51115e-44	8.64543e-43	9.86571e-42	9.49779e-41	7.55445e-40	4.85177e-39	2.44456e-38	9.09642e-38	2.04501e-37	9.09642e-38	2.44456e-38	4.85177e-39	7.55445e-40	9.49779e-41	9.86571e-42	8.64543e-43	6.51115e-44	4.28252e-45	2.49355e-46	1.29438e-47	-5.56065e-51	-5.16537e-48	-3.28724e-47	-1.41154e-46	-3.24366e-46	-1.41154e-46	-3.28735e-47	-5.19174e-48	-6.18745e-49	-5.91369e-50	-4.71402e-51	-3.22108e-52	-1.92513e-53	-1.02211e-54	-4.88026e-56	-2.11652e-57	-8.40649e-59	-3.07914e-60	-1.04625e-61	-3.31472e-63	-9.83548e-65	-2.74398e-66	-7.22283e-68	-1.79937e-69	-4.25426e-71	-9.57003e-73	-2.09496e-74	-2.09496e-74	
1.58507e-92	1.58507e-92	1.23923e-90	9.53377e-89	7.12445e-87	5.16718e-85	3.63409e-83	2.47615e-81	1.63295e-79	1.0412e-77	6.41174e-76	3.80875e-74	2.17974e-72	1.20018e-70	6.3485e-69	3.221e-67	1.56479e-65	7.26544e-64	3.21753e-62	1.35604e-60	5.42566e-59	2.05539e-57	7.35028e-56	2.47309e-54	7.79989e-53	2.29634e-51	6.28095e-50	1.58749e-48	3.68468e-47	7.79779e-46	1.49208e-44	2.55617e-43	3.87547e-42	5.12895e-41	5.82998e-40	5.58573e-39	4.41671e-38	2.8167e-37	1.40862e-36	5.21052e-36	1.1689e-35	5.21052e-36	1.40862e-36	2.8167e-37	4.41671e-38	5.58573e-39	5.82998e-40	5.12895e-41	3.87547e-42	2.55617e-43	1.49205e-44	7.75726e-46	-5.50593e-48	-3.53288e-46	-2.24379e-45	-9.62125e-45	-2.20813e-44	-9.62125e-45	-2.24385e-45	-3.54876e-46	-4.23527e-47	-4.05344e-48	-3.23548e-49	-2.2137e-50	-1.32475e-51	-7.04235e-53	-3.36666e-54	-1.46185e-55	-5.81314e-57	-2.13173e-58	-7.25163e-60	-2.30005e-61	-6.83232e-63	-1.90822e-64	-5.02833e-66	-1.254e-67	-2.96797e-69	-6.68343e-71	-1.46459e-72	-1.46459e-72	
9.50514e-91	9.50514e-91	7.42368e-89	5.70549e-87	4.25927e-85	3.08594e-83	2.16808e-81	1.4757e-79	9.72142e-78	6.19183e-76	3.80875e-74	2.25999e-72	1.29192e-70	7.10523e-69	3.754e-67	1.90237e-65	9.23069e-64	4.28055e-62	1.89325e-60	7.96878e-59	3.18413e-57	1.20457e-55	4.30154e-54	1.44517e-52	4.55092e-51	1.33767e-49	3.6526e-48	9.21528e-47	2.13483e-45	4.50852e-44	8.60726e-43	1.47082e-41	2.22351e-40	2.93277e-39	3.3202e-38	3.16541e-37	2.48768e-36	1.57488e-35	7.81416e-35	2.87231e-34	6.42903e-34	2.87231e-34	7.81416e-35	1.57488e-35	2.48768e-36	3.16541e-37	3.3202e-38	2.93277e-39	2.22351e-40	1.47082e-41	8.60705e-43	4.48161e-44	-6.72363e-46	-2.33957e-44	-1.48291e-43	-6.34941e-43	-1.45533e-42	-6.34941e-43	-1.48295e-43	-2.34878e-44	-2.8072e-45	-2.69046e-46	-2.1505e-47	-1.47334e-48	-8.82857e-50	-4.69928e-51	-2.24936e-52	-9.77912e-54	-3.89343e-55	-1.42945e-56	-4.86832e-58	-1.54589e-59	-4.59726e-61	-1.28541e-62	-3.39088e-64	-8.46557e-66	-2.00576e-67	-4.52143e-69	-9.91867e-71	-9.91867e-71	
5.49208e-89	5.49208e-89	4.285e-87	3.28987e-85	2.45341e-83	1.7757e-81	1.24622e-79	8.4733e-78	5.57588e-76	3.54752e-74	2.17974e-72	1.29192e-70	7.37676e-69	4.05229e-67	2.13845e-65	1.08237e-63	5.24535e-62	2.42935e-60	1.07309e-58	4.51068e-57	1.7999e-55	6.79953e-54	2.42458e-52	8.13344e-51	2.55724e-49	7.50421e-48	2.04553e-46	5.15126e-45	1.191e-43	2.5099e-42	4.7805e-41	8.1477e-40	1.22807e-38	1.61419e-37	1.81984e-36	1.72616e-35	1.348e-34	8.46857e-34	4.16716e-33	1.52153e-32	3.39748e-32	1.52153e-32	4.16716e-33	8.46857e-34	1.348e-34	1.72616e-35	1.81984e-36	1.61419e-37	1.22807e-38	8.1477e-40	4.78036e-41	2.49263e-42	-6.08874e-44	-1.49858e-42	-9.47956e-42	-4.05277e-41	-9.27673e-41	-4.05277e-41	-9.47977e-42	-1.50373e-42	-1.79988e-43	-1.72753e-44	-1.38278e-45	-9.48675e-47	-5.69232e-48	-3.03391e-49	-1.45408e-50	-6.3296e-52	-2.52316e-53	-9.27486e-55	-3.16251e-56	-1.0054e-57	-2.99335e-59	-8.37896e-61	-2.21281e-62	-5.53048e-64	-1.31176e-65	-2.96015e-67	-6.50064e-69	-6.50064e-69	
3.05348e-87	3.05348e-87	2.37989e-85	1.82529e-83	1.35978e-81	9.83118e-80	6.89233e-78	4.68113e-76	3.07703e-74	1.9555e-72	1.20018e-70	7.10523e-69	4.05229e-67	2.2234e-65	1.1719e-63	5.92419e-62	2.86736e-60	1.32628e-58	5.8507e-57	2.45598e-55	9.78641e-54	3.69172e-52	1.31443e-50	4.40255e-49	1.38198e-47	4.04857e-46	1.10161e-44	2.76895e-43	6.38903e-42	1.34347e-40	2.55269e-39	4.33905e-38	6.52008e-37	8.53949e-36	9.58622e-35	9.04481e-34	7.01689e-33	4.37295e-32	2.13303e-31	7.73286e-31	1.72231e-30	7.73286e-31	2.13303e-31	4.37295e-32	7.01689e-33	9.04481e-34	9.58622e-35	8.53949e-36	6.52008e-37	4.33905e-38	2.55261e-39	1.33275e-40	-4.76215e-42	-9.27443e-41	-5.85497e-40	-2.49926e-39	-5.71275e-39	-2.49926e-39	-5.85509e-40	-9.30213e-41	-1.11512e-41	-1.0719e-42	-8.59239e-44	-5.90329e-45	-3.54704e-46	-1.89306e-47	-9.08498e-49	-3.95978e-50	-1.58047e-51	-5.81681e-53	-1.9858e-54	-6.32059e-56	-1.88401e-57	-5.27976e-59	-1.39591e-60	-3.49268e-62	-8.29328e-64	-1.8735e-65	-4.11878e-67	-4.11878e-67	
1.63117e-85	1.63117e-85	1.27e-83	9.7302e-82	7.24093e-80	5.22954e-78	3.66227e-76	2.48459e-74	1.63136e-72	1.03558e-70	6.3485e-69	3.754e-67	2.13845e-65	1.1719e-63	6.16919e-62	3.11472e-60	1.50561e-58	6.95496e-57	3.06393e-55	1.28438e-53	5.11059e-52	1.92502e-50	6.84356e-49	2.28854e-47	7.17193e-46	2.0974e-44	5.69658e-43	1.42908e-41	3.29057e-40	6.90372e-39	1.30851e-37	2.21805e-36	3.32244e-35	4.33545e-34	4.84532e-33	4.5467e-32	3.50317e-31	2.16487e-30	1.04622e-29	3.76407e-29	8.36085e-29	3.76407e-29	1.04622e-29	2.16487e-30	3.50317e-31	4.5467e-32	4.84532e-33	4.33545e-34	3.32244e-35	2.21805e-36	1.30846e-37	6.83952e-39	-3.37755e-40	-5.53933e-39	-3.48993e-38	-1.4873e-37	-3.39469e-37	-1.4873e-37	-3.48999e-38	-5.55363e-39	-6.66813e-40	-6.41959e-41	-5.1537e-42	-3.54596e-43	-2.13365e-44	-1.14031e-45	-5.47985e-47	-2.3916e-48	-9.55793e-50	-3.52216e-51	-1.20392e-52	-3.83658e-54	-1.14495e-55	-3.21236e-57	-8.50287e-59	-2.12989e-60	-5.06299e-62	-1.14501e-63	-2.52001e-65	-2.52001e-65	
8.35926e-84	8.35926e-84	6.50138e-82	4.97577e-80	3.69882e-78	2.66844e-76	1.86665e-74	1.26497e-72	8.29623e-71	5.26033e-69	3.221e-67	1.90237e-65	1.08237e-63	5.92419e-62	3.11472e-60	1.57054e-58	7.58179e-57	3.49759e-55	1.5387e-53	6.44094e-52	2.55912e-50	9.62495e-49	3.41636e-47	1.1406e-45	3.56838e-44	1.04169e-42	2.82393e-41	7.07008e-40	1.62445e-38	3.40022e-37	6.42819e-36	1.08653e-34	1.62222e-33	2.10877e-32	2.34597e-31	2.18891e-30	1.6745e-29	1.02568e-28	4.90821e-28	1.75153e-27	3.87926e-27	1.75153e-27	4.90821e-28	1.02568e-28	1.6745e-29	2.18891e-30	2.34597e-31	2.10877e-32	1.62222e-33	1.08653e-34	6.4279e-36	3.36315e-37	-2.21925e-38	-3.18895e-37	-2.00503e-36	-8.53042e-36	-1.94406e-35	-8.53043e-36	-2.00506e-36	-3.19602e-37	-3.84372e-38	-3.70637e-39	-2.98012e-40	-2.05354e-41	-1.23745e-42	-6.62286e-44	-3.18708e-45	-1.39283e-46	-5.57376e-48	-2.05662e-49	-7.03864e-51	-2.24581e-52	-6.71028e-54	-1.88493e-55	-4.99508e-57	-1.25266e-58	-2.98107e-60	-6.74929e-62	-1.48709e-63	-1.48709e-63	
4.10261e-82	4.10261e-82	3.18732e-80	2.43673e-78	1.8094e-76	1.3039e-74	9.11088e-73	6.16709e-71	4.03997e-69	2.55858e-67	1.56479e-65	9.23069e-64	5.24535e-62	2.86736e-60	1.50561e-58	7.58179e-57	3.65518e-55	1.68386e-53	7.39733e-52	3.09199e-50	1.22667e-48	4.60637e-47	1.63239e-45	5.44081e-44	1.69918e-42	4.95119e-41	1.33961e-39	3.34696e-38	7.67303e-37	1.60221e-35	3.02101e-34	5.09117e-33	7.57565e-32	9.80891e-31	1.08604e-29	1.00736e-28	7.64885e-28	4.64172e-27	2.19806e-26	7.77551e-26	1.71674e-25	7.77551e-26	2.19806e-26	4.64172e-27	7.64885e-28	1.00736e-28	1.08604e-29	9.80891e-31	7.57565e-32	5.09117e-33	3.02085e-34	1.58161e-35	-1.36565e-36	-1.76717e-35	-1.1088e-34	-4.70908e-34	-1.07148e-33	-4.70909e-34	-1.10881e-34	-1.77052e-35	-2.13296e-36	-2.06016e-37	-1.65914e-38	-1.14506e-39	-6.91046e-41	-3.70392e-42	-1.78496e-43	-7.81155e-45	-3.13021e-46	-1.15652e-47	-3.96321e-49	-1.26613e-50	-3.78777e-52	-1.06528e-53	-2.82636e-55	-7.09617e-57	-1.69068e-58	-3.83211e-60	-8.45295e-62	-8.45295e-62	
1.92475e-80	1.92475e-80	1.49369e-78	1.14067e-76	8.4606e-75	6.09002e-73	4.25046e-71	2.87376e-69	1.88033e-67	1.18942e-65	7.26544e-64	4.28055e-62	2.42935e-60	1.32628e-58	6.95496e-57	3.49759e-55	1.68386e-53	7.74623e-52	3.39802e-50	1.41821e-48	5.61767e-47	2.10617e-45	7.45139e-44	2.47927e-42	7.72885e-41	2.2478e-39	6.06949e-38	1.51319e-36	3.46107e-35	7.20908e-34	1.35556e-32	2.27745e-31	3.37698e-30	4.35457e-29	4.79755e-28	4.42267e-27	3.33195e-26	2.00224e-25	9.37611e-25	3.28559e-24	7.22975e-24	3.28559e-24	9.37611e-25	2.00224e-25	3.33195e-26	4.42267e-27	4.79755e-28	4.35457e-29	3.37698e-30	2.27745e-31	1.35547e-32	7.099e-34	-7.91715e-35	-9.41287e-34	-5.89358e-33	-2.49841e-32	-5.67524e-32	-2.49841e-32	-5.89365e-33	-9.42804e-34	-1.13783e-34	-1.10088e-35	-8.88071e-37	-6.1389e-38	-3.71063e-39	-1.99186e-40	-9.61308e-42	-4.21299e-43	-1.69055e-44	-6.25454e-46	-2.14617e-47	-6.86524e-49	-2.0564e-50	-5.79062e-52	-1.53821e-53	-3.86659e-55	-9.22302e-57	-2.09289e-58	-4.62187e-60	-4.62187e-60	
8.61466e-79	8.61466e-79	6.67779e-77	5.09384e-75	3.77389e-73	2.71334e-71	1.89153e-69	1.27735e-67	8.34777e-66	5.27396e-64	3.21753e-62	1.89325e-60	1.07309e-58	5.8507e-57	3.06393e-55	1.5387e-53	7.39733e-52	3.39802e-50	1.48838e-48	6.20235e-47	2.45291e-45	9.18124e-44	3.24265e-42	1.07699e-40	3.3511e-39	9.7269e-38	2.62097e-36	6.51987e-35	1.48771e-33	3.09072e-32	5.79506e-31	9.70511e-30	1.43382e-28	1.841e-27	2.01784e-26	1.84824e-25	1.38105e-24	8.21332e-24	3.80047e-23	1.31823e-22	2.8901e-22	1.31823e-22	3.80047e-23	8.21332e-24	1.38105e-24	1.84824e-25	2.01784e-26	1.841e-27	1.43382e-28	9.7051e-30	5.79461e-31	3.03426e-32	-4.33809e-33	-4.81178e-32	-3.00623e-31	-1.27194e-30	-2.88419e-30	-1.27194e-30	-3.00627e-31	-4.81833e-32	-5.82585e-33	-5.64681e-34	-4.5631e-35	-3.15957e-36	-1.91287e-37	-1.02843e-38	-4.97091e-40	-2.18173e-41	-8.76716e-43	-3.24809e-44	-1.11605e-45	-3.57479e-47	-1.07217e-48	-3.02293e-50	-8.03998e-52	-2.02346e-53	-4.83231e-55	-1.09783e-56	-2.42725e-58	-2.42725e-58	
3.67024e-77	3.67024e-77	2.84177e-75	2.16522e-73	1.60228e-71	1.15065e-69	8.0118e-68	5.4038e-66	3.52714e-64	2.22558e-62	1.35604e-60	7.96878e-59	4.51068e-57	2.45598e-55	1.28438e-53	6.44094e-52	3.09199e-50	1.41821e-48	6.20235e-47	2.58053e-45	1.01887e-43	3.80713e-42	1.34223e-40	4.44971e-39	1.38186e-37	4.0028e-36	1.07624e-34	2.67105e-33	6.07968e-32	1.25964e-30	2.35479e-29	3.93048e-28	5.78474e-27	7.39442e-26	8.0611e-25	7.33406e-24	5.43315e-23	3.19581e-22	1.45994e-21	5.0081e-21	1.0936e-20	5.0081e-21	1.45994e-21	3.19581e-22	5.43315e-23	7.33406e-24	8.0611e-25	7.39442e-26	5.78474e-27	3.93048e-28	2.35456e-29	1.23189e-30	-2.25025e-31	-2.35666e-30	-1.46908e-29	-6.20304e-29	-1.40396e-28	-6.20306e-29	-1.4691e-29	-2.35935e-30	-2.85826e-31	-2.77561e-32	-2.24697e-33	-1.55855e-34	-9.45158e-36	-5.08973e-37	-2.46396e-38	-1.08307e-39	-4.35865e-41	-1.61712e-42	-5.56418e-44	-1.78466e-45	-5.3597e-47	-1.51309e-48	-4.02941e-50	-1.01535e-51	-2.42775e-53	-5.52207e-55	-1.22235e-56	-1.22235e-56	
1.4849e-75	1.4849e-75	1.14837e-73	8.73942e-72	6.45954e-70	4.63317e-68	3.22205e-66	2.17051e-64	1.41492e-62	8.91647e-61	5.42566e-59	3.18413e-57	1.7999e-55	9.78641e-54	5.11059e-52	2.55912e-50	1.22667e-48	5.61767e-47	2.45291e-45	1.01887e-43	4.01596e-42	1.49796e-40	5.27144e-39	1.74421e-37	5.40574e-36	1.56253e-34	4.19174e-33	1.03781e-31	2.35607e-30	4.86774e-29	9.07147e-28	1.50888e-26	2.21187e-25	2.81416e-24	3.05059e-23	2.75591e-22	2.02313e-21	1.17619e-20	5.29956e-20	1.79609e-19	3.90487e-19	1.79609e-19	5.29956e-20	1.17619e-20	2.02313e-21	2.75591e-22	3.05059e-23	2.81416e-24	2.21187e-25	1.50888e-26	9.07041e-28	4.73724e-29	-1.10562e-29	-1.10383e-28	-6.86512e-28	-2.89249e-27	-6.53382e-27	-2.8925e-27	-6.86521e-28	-1.10488e-28	-1.34125e-29	-1.30503e-30	-1.05847e-31	-7.35502e-33	-4.4681e-34	-2.41014e-35	-1.16864e-36	-5.14499e-38	-2.07366e-39	-7.70487e-41	-2.65488e-42	-8.5271e-44	-2.56434e-45	-7.24893e-47	-1.9329e-48	-4.87679e-50	-1.1675e-51	-2.65878e-53	-5.89256e-55	-5.89256e-55	
5.68973e-74	5.68973e-74	4.39493e-72	3.34064e-70	2.46613e-68	1.76667e-66	1.22705e-64	8.25529e-63	5.37451e-61	3.38238e-59	2.05539e-57	1.20457e-55	6.79953e-54	3.69172e-52	1.92502e-50	9.62495e-49	4.60637e-47	2.10617e-45	9.18124e-44	3.80713e-42	1.49796e-40	5.57717e-39	1.95889e-37	6.46859e-36	2.00056e-34	5.76977e-33	1.54418e-31	3.81351e-30	8.63402e-29	1.77854e-27	3.30364e-26	5.47491e-25	7.9921e-24	1.01185e-22	1.09035e-21	9.77718e-21	7.10883e-20	4.08167e-19	1.8119e-18	6.05993e-18	1.31111e-17	6.05993e-18	1.8119e-18	4.08167e-19	7.10883e-20	9.77718e-21	1.09035e-21	1.01185e-22	7.9921e-24	5.47491e-25	3.30316e-26	1.71996e-27	-5.14439e-28	-4.93461e-27	-3.06164e-26	-1.28702e-25	-2.90116e-25	-1.28703e-25	-3.06169e-26	-4.93849e-27	-6.00792e-28	-5.85771e-29	-4.76038e-30	-3.31412e-31	-2.01695e-32	-1.08986e-33	-5.29344e-35	-2.33422e-36	-9.42271e-38	-3.5064e-39	-1.20998e-40	-3.89184e-42	-1.17202e-43	-3.31757e-45	-8.85788e-47	-2.23776e-48	-5.36397e-50	-1.22306e-51	-2.71397e-53	-2.71397e-53	
2.05875e-72	2.05875e-72	1.58827e-70	1.20577e-68	8.89003e-67	6.36042e-65	4.41192e-63	2.96433e-61	1.9273e-59	1.21126e-57	7.35028e-56	4.30154e-54	2.42458e-52	1.31443e-50	6.84356e-49	3.41636e-47	1.63239e-45	7.45139e-44	3.24265e-42	1.34223e-40	5.27144e-39	1.95889e-37	6.86654e-36	2.2627e-34	6.98252e-33	2.00913e-31	5.36378e-30	1.32113e-28	2.98256e-27	6.12467e-26	1.13374e-24	1.87162e-23	2.72007e-22	3.42593e-21	3.66862e-20	3.26386e-19	2.34901e-18	1.33087e-17	5.81325e-17	1.91609e-16	4.12328e-16	1.91609e-16	5.81325e-17	1.33087e-17	2.34901e-18	3.26386e-19	3.66862e-20	3.42593e-21	2.72007e-22	1.87162e-23	1.13354e-24	5.87422e-26	-2.26497e-26	-2.10087e-25	-1.30019e-24	-5.45236e-24	-1.2263e-23	-5.45239e-24	-1.30022e-24	-2.10223e-25	-2.5633e-26	-2.50464e-27	-2.03966e-28	-1.4228e-29	-8.67543e-31	-4.69627e-32	-2.28496e-33	-1.00928e-34	-4.08083e-36	-1.52095e-37	-5.25641e-39	-1.69319e-40	-5.10626e-42	-1.44741e-43	-3.86982e-45	-9.78923e-47	-2.34953e-48	-5.36402e-50	-1.19178e-51	-1.19178e-51	
7.01154e-71	7.01154e-71	5.40231e-69	4.09601e-67	3.01603e-65	2.15499e-63	1.49281e-61	1.00163e-59	6.50321e-58	4.08132e-56	2.47309e-54	1.44517e-52	8.13344e-51	4.40255e-49	2.28854e-47	1.1406e-45	5.44081e-44	2.47927e-42	1.07699e-40	4.44971e-39	1.74421e-37	6.46859e-36	2.2627e-34	7.43983e-33	2.29056e-31	6.57465e-30	1.75066e-28	4.29993e-27	9.67811e-26	1.98084e-24	3.65338e-23	6.00647e-22	8.68846e-21	1.0883e-19	1.15766e-18	1.02136e-17	7.27125e-17	4.06108e-16	1.74296e-15	5.65283e-15	1.20909e-14	5.65283e-15	1.74296e-15	4.06108e-16	7.27125e-17	1.02136e-17	1.15766e-18	1.0883e-19	8.68846e-21	6.00646e-22	3.65255e-23	1.87907e-24	-9.42372e-25	-8.49765e-24	-5.24514e-23	-2.19383e-22	-4.92234e-22	-2.19386e-22	-5.24525e-23	-8.50217e-24	-1.03919e-24	-1.01775e-25	-8.30613e-27	-5.80612e-28	-3.54727e-29	-1.92388e-30	-9.37764e-32	-4.14939e-33	-1.68054e-34	-6.27362e-36	-2.17157e-37	-7.00563e-39	-2.11585e-40	-6.00613e-42	-1.60804e-43	-4.07326e-45	-9.78923e-47	-2.23778e-48	-4.97832e-50	-4.97832e-50	
2.23943e-69	2.23943e-69	1.72317e-67	1.30477e-65	9.5945e-64	6.84598e-62	4.73576e-60	3.17306e-58	2.05717e-56	1.28915e-54	7.79989e-53	4.55092e-51	2.55724e-49	1.38198e-47	7.17193e-46	3.56838e-44	1.69918e-42	7.72885e-41	3.3511e-39	1.38186e-37	5.40574e-36	2.00056e-34	6.98252e-33	2.29056e-31	7.03493e-30	2.01403e-28	5.34805e-27	1.30968e-25	2.93833e-24	5.99287e-23	1.10101e-21	1.80227e-20	2.59401e-19	3.23019e-18	3.41171e-17	2.98326e-16	2.09927e-15	1.15449e-14	4.86044e-14	1.54822e-13	3.28882e-13	1.54822e-13	4.86044e-14	1.15449e-14	2.09927e-15	2.98326e-16	3.41171e-17	3.23019e-18	2.59401e-19	1.80227e-20	1.10069e-21	5.60092e-23	-3.69871e-23	-3.25686e-22	-2.00465e-21	-8.36126e-21	-1.87116e-20	-8.36136e-21	-2.0047e-21	-3.25828e-22	-3.99276e-23	-3.91988e-24	-3.20652e-25	-2.24632e-26	-1.37525e-27	-7.47358e-29	-3.64978e-30	-1.61788e-31	-6.56402e-33	-2.45453e-34	-8.50995e-36	-2.74967e-37	-8.31716e-39	-2.36442e-40	-6.33937e-42	-1.60804e-43	-3.86982e-45	-8.85796e-47	-1.9732e-48	-1.9732e-48	
6.68033e-68	6.68033e-68	5.13321e-66	3.88143e-64	2.85017e-62	2.03079e-60	1.40277e-58	9.38497e-57	6.07532e-55	3.80132e-53	2.29634e-51	1.33767e-49	7.50421e-48	4.04857e-46	2.0974e-44	1.04169e-42	4.95119e-41	2.2478e-39	9.7269e-38	4.0028e-36	1.56253e-34	5.76977e-33	2.00913e-31	6.57465e-30	2.01403e-28	5.75012e-27	1.52241e-25	3.71646e-24	8.30951e-23	1.68842e-21	3.0891e-20	5.033e-19	7.20524e-18	8.91598e-17	9.34542e-16	8.09381e-15	5.6245e-14	3.04178e-13	1.25374e-12	3.91366e-12	8.24849e-12	3.91366e-12	1.25374e-12	3.04178e-13	5.6245e-14	8.09381e-15	9.34542e-16	8.91598e-17	7.20524e-18	5.03299e-19	3.08793e-20	1.54575e-21	-1.36643e-21	-1.17929e-20	-7.23702e-20	-3.00942e-19	-6.71581e-19	-3.00947e-19	-7.23726e-20	-1.17972e-20	-1.44963e-21	-1.42687e-22	-1.17006e-23	-8.21577e-25	-5.04094e-26	-2.74513e-27	-1.34327e-28	-5.96578e-30	-2.42482e-31	-9.08313e-33	-3.15446e-34	-1.0209e-35	-3.09283e-37	-8.8057e-39	-2.36442e-40	-6.00613e-42	-1.44741e-43	-3.3176e-45	-7.40024e-47	-7.40024e-47	
1.8526e-66	1.8526e-66	1.4215e-64	1.07329e-62	7.8697e-61	5.59887e-59	3.86154e-57	2.57948e-55	1.66717e-53	1.04146e-51	6.28095e-50	3.6526e-48	2.04553e-46	1.10161e-44	5.69658e-43	2.82393e-41	1.33961e-39	6.06949e-38	2.62097e-36	1.07624e-34	4.19174e-33	1.54418e-31	5.36378e-30	1.75066e-28	5.34805e-27	1.52241e-25	4.01809e-24	9.77568e-23	2.17769e-21	4.40704e-20	8.02699e-19	1.30124e-17	1.85209e-16	2.27627e-15	2.36631e-14	2.02824e-13	1.39042e-12	7.38314e-12	2.97248e-11	9.06894e-11	1.89403e-10	9.06894e-11	2.97248e-11	7.38314e-12	1.39042e-12	2.02824e-13	2.36631e-14	2.27627e-15	1.85209e-16	1.30123e-17	8.02298e-19	3.91784e-20	-4.73891e-20	-4.02101e-19	-2.45969e-18	-1.01948e-17	-2.26807e-17	-1.0195e-17	-2.4598e-18	-4.02224e-19	-4.95715e-20	-4.89288e-21	-4.02272e-22	-2.83157e-23	-1.74139e-24	-9.50388e-26	-4.66023e-27	-2.07383e-28	-8.44521e-30	-3.16925e-31	-1.10256e-32	-3.57429e-34	-1.0846e-35	-3.09283e-37	-8.31716e-39	-2.11585e-40	-5.10626e-42	-1.17203e-43	-2.61794e-45	-2.61794e-45	
4.75125e-65	4.75125e-65	3.64006e-63	2.74421e-61	2.009e-59	1.42703e-57	9.82639e-56	6.55317e-54	4.22835e-52	2.63687e-50	1.58749e-48	9.21528e-47	5.15126e-45	2.76895e-43	1.42908e-41	7.07008e-40	3.34696e-38	1.51319e-36	6.51987e-35	2.67105e-33	1.03781e-31	3.81351e-30	1.32113e-28	4.29993e-27	1.30968e-25	3.71646e-24	9.77568e-23	2.36966e-21	5.25784e-20	1.0594e-18	1.92023e-17	3.0958e-16	4.37863e-15	5.34167e-14	5.5032e-13	4.66386e-12	3.15003e-11	1.63932e-10	6.42903e-10	1.91087e-09	3.94826e-09	1.91087e-09	6.42903e-10	1.63932e-10	3.15003e-11	4.66386e-12	5.5032e-13	5.34167e-14	4.37863e-15	3.09579e-16	1.91894e-17	9.0195e-19	-1.538e-18	-1.28629e-17	-7.84112e-17	-3.23832e-16	-7.18002e-16	-3.23842e-16	-7.84156e-17	-1.28664e-17	-1.59078e-18	-1.57484e-19	-1.29839e-20	-9.16319e-22	-5.64917e-23	-3.09027e-24	-1.51865e-25	-6.77219e-27	-2.76331e-28	-1.03896e-29	-3.62107e-31	-1.17593e-32	-3.57429e-34	-1.0209e-35	-2.74967e-37	-7.00563e-39	-1.69319e-40	-3.89188e-42	-8.70556e-44	-8.70556e-44	
1.12011e-63	1.12011e-63	8.56754e-62	6.44845e-60	4.713e-58	3.34209e-56	2.29737e-54	1.52942e-52	9.85071e-51	6.13184e-49	3.68468e-47	2.13483e-45	1.191e-43	6.38903e-42	3.29057e-40	1.62445e-38	7.67303e-37	3.46107e-35	1.48771e-33	6.07968e-32	2.35607e-30	8.63402e-29	2.98256e-27	9.67811e-26	2.93833e-24	8.30951e-23	2.17769e-21	5.25784e-20	1.16156e-18	2.32927e-17	4.19953e-16	6.72985e-15	9.45276e-14	1.14379e-12	1.16675e-11	9.7653e-11	6.48815e-10	3.30181e-09	1.25714e-08	3.62544e-08	7.39554e-08	3.62544e-08	1.25714e-08	3.30181e-09	6.48815e-10	9.7653e-11	1.16676e-11	1.1438e-12	9.45277e-14	6.72984e-15	4.19564e-16	1.85559e-17	-4.65388e-17	-3.84434e-16	-2.33463e-15	-9.60385e-15	-2.12139e-14	-9.60424e-15	-2.3348e-15	-3.84529e-16	-4.77081e-17	-4.73828e-18	-3.91822e-19	-2.77298e-20	-1.71404e-21	-9.39946e-23	-4.6299e-24	-2.06918e-25	-8.46069e-27	-3.18742e-28	-1.11302e-29	-3.62107e-31	-1.10256e-32	-3.15445e-34	-8.50995e-36	-2.17157e-37	-5.25641e-39	-1.20999e-40	-2.71052e-42	-2.71052e-42	
2.41065e-62	2.41065e-62	1.84064e-60	1.38294e-58	1.00895e-56	7.14165e-55	4.9001e-53	3.25595e-51	2.09304e-49	1.3003e-47	7.79779e-46	4.50852e-44	2.5099e-42	1.34347e-40	6.90372e-39	3.40022e-37	1.60221e-35	7.20908e-34	3.09072e-32	1.25964e-30	4.86774e-29	1.77854e-27	6.12467e-26	1.98084e-24	5.99287e-23	1.68842e-21	4.40704e-20	1.0594e-18	2.32927e-17	4.6463e-16	8.32777e-15	1.32566e-13	1.84772e-12	2.2155e-11	2.2351e-10	1.84477e-09	1.20336e-08	5.97165e-08	2.19818e-07	6.11945e-07	1.22895e-06	6.11945e-07	2.19818e-07	5.97165e-08	1.20336e-08	1.84477e-09	2.2351e-10	2.2155e-11	1.84772e-12	1.32566e-13	8.31686e-15	3.32039e-16	-1.30729e-15	-1.06835e-14	-6.46113e-14	-2.64626e-13	-5.82077e-13	-2.64639e-13	-6.46174e-14	-1.06861e-14	-1.33086e-15	-1.32643e-16	-1.10043e-17	-7.81132e-19	-4.84191e-20	-2.66218e-21	-1.31455e-22	-5.8886e-24	-2.41309e-25	-9.10992e-27	-3.18742e-28	-1.03896e-29	-3.16925e-31	-9.08313e-33	-2.45453e-34	-6.27362e-36	-1.52095e-37	-3.50643e-39	-7.86658e-41	-7.86658e-41	
4.69834e-61	4.69834e-61	3.58053e-59	2.68502e-57	1.95508e-55	1.38111e-53	9.45696e-52	6.2708e-50	4.02257e-48	2.4936e-46	1.49208e-44	8.60726e-43	4.7805e-41	2.55269e-39	1.30851e-37	6.42819e-36	3.02101e-34	1.35556e-32	5.79506e-31	2.35479e-29	9.07147e-28	3.30364e-26	1.13374e-24	3.65338e-23	1.10101e-21	3.0891e-20	8.02699e-19	1.92023e-17	4.19953e-16	8.32777e-15	1.4828e-13	2.34276e-12	3.23712e-11	3.84173e-10	3.82743e-09	3.10937e-08	1.98628e-07	9.57742e-07	3.39035e-06	9.0507e-06	1.78247e-05	9.0507e-06	3.39035e-06	9.57742e-07	1.98628e-07	3.10937e-08	3.82743e-09	3.84173e-10	3.23714e-11	2.34276e-12	1.47998e-13	4.89311e-15	-3.39175e-14	-2.74561e-13	-1.65287e-12	-6.73642e-12	-1.47474e-11	-6.73687e-12	-1.65306e-12	-2.74628e-13	-3.43464e-14	-3.43636e-15	-2.86092e-16	-2.03742e-17	-1.26673e-18	-6.98428e-20	-3.4578e-21	-1.55277e-22	-6.37791e-24	-2.41309e-25	-8.46069e-27	-2.76331e-28	-8.44521e-30	-2.42482e-31	-6.56402e-33	-1.68054e-34	-4.08083e-36	-9.42279e-38	-2.11725e-39	-2.11725e-39	
8.21547e-60	8.21547e-60	6.2476e-58	4.67506e-56	3.39671e-54	2.3942e-52	1.63569e-50	1.08211e-48	6.9251e-47	4.28252e-45	2.55617e-43	1.47082e-41	8.1477e-40	4.33905e-38	2.21805e-36	1.08653e-34	5.09117e-33	2.27745e-31	9.70511e-30	3.93048e-28	1.50888e-26	5.47491e-25	1.87162e-23	6.00647e-22	1.80227e-20	5.033e-19	1.30124e-17	3.0958e-16	6.72985e-15	1.32566e-13	2.34276e-12	3.6699e-11	5.02073e-10	5.88841e-09	5.78221e-08	4.61199e-07	2.87542e-06	1.34068e-05	4.53195e-05	0.00011499	0.000220833	0.00011499	4.53195e-05	1.34068e-05	2.87542e-06	4.61199e-07	5.78222e-08	5.88843e-09	5.02076e-10	3.66992e-11	2.33602e-12	5.07391e-14	-8.07919e-13	-6.48391e-12	-3.88334e-11	-1.57392e-10	-3.42699e-10	-1.57405e-10	-3.8839e-11	-6.48562e-12	-8.14909e-13	-8.18772e-14	-6.84296e-15	-4.89052e-16	-3.0505e-17	-1.68702e-18	-8.37563e-20	-3.77108e-21	-1.55277e-22	-5.8886e-24	-2.06918e-25	-6.77219e-27	-2.07383e-28	-5.96577e-30	-1.61788e-31	-4.14939e-33	-1.00928e-34	-2.33425e-36	-5.25329e-38	-5.25329e-38	
1.27484e-58	1.27484e-58	9.67151e-57	7.21968e-55	5.23262e-53	3.67899e-51	2.50701e-49	1.65419e-47	1.05579e-45	6.51115e-44	3.87547e-42	2.22351e-40	1.22807e-38	6.52008e-37	3.32244e-35	1.62222e-33	7.57565e-32	3.37698e-30	1.43382e-28	5.78474e-27	2.21187e-25	7.9921e-24	2.72007e-22	8.68846e-21	2.59401e-19	7.20524e-18	1.85209e-16	4.37863e-15	9.45276e-14	1.84772e-12	3.23712e-11	5.02073e-10	6.78948e-09	7.85308e-08	7.5808e-07	5.91611e-06	3.58285e-05	0.000160444	0.000512838	0.00122159	0.00226793	0.00122159	0.000512838	0.000160444	3.58285e-05	5.91612e-06	7.58081e-07	7.85312e-08	6.78957e-09	5.02079e-10	3.22244e-11	6.78576e-14	-1.75434e-11	-1.39657e-10	-8.3159e-10	-3.34909e-09	-7.24646e-09	-3.34942e-09	-8.31736e-10	-1.39698e-10	-1.76447e-11	-1.78118e-12	-1.49497e-13	-1.07256e-14	-6.71391e-16	-3.72512e-17	-1.85503e-18	-8.37563e-20	-3.4578e-21	-1.31454e-22	-4.6299e-24	-1.51864e-25	-4.66022e-27	-1.34327e-28	-3.64978e-30	-9.37764e-32	-2.28496e-33	-5.29349e-35	-1.19328e-36	-1.19328e-36	
1.73329e-57	1.73329e-57	1.3113e-55	9.76138e-54	7.05461e-52	4.94558e-50	3.36009e-48	2.21034e-46	1.40635e-44	8.64541e-43	5.12894e-41	2.93277e-39	1.61419e-37	8.53949e-36	4.33544e-34	2.10876e-32	9.80891e-31	4.35457e-29	1.841e-27	7.39442e-26	2.81416e-24	1.01185e-22	3.42593e-21	1.0883e-19	3.23019e-18	8.91598e-17	2.27627e-15	5.34167e-14	1.1438e-12	2.2155e-11	3.84173e-10	5.88841e-09	7.85308e-08	8.93277e-07	8.44587e-06	6.41698e-05	0.000374836	0.00159572	0.00475287	0.010437	0.0184664	0.010437	0.00475287	0.00159572	0.000374836	6.41699e-05	8.4459e-06	8.93285e-07	7.85327e-08	5.88855e-09	3.81271e-10	-1.28874e-11	-3.44308e-10	-2.71927e-09	-1.60847e-08	-6.43024e-08	-1.38108e-07	-6.43101e-08	-1.6088e-08	-2.72015e-09	-3.45607e-10	-3.5072e-11	-2.95758e-12	-2.13096e-13	-1.33909e-14	-7.45614e-16	-3.72512e-17	-1.68701e-18	-6.98426e-20	-2.66217e-21	-9.39944e-23	-3.09026e-24	-9.50386e-26	-2.74512e-27	-7.47357e-29	-1.92388e-30	-4.69626e-32	-1.08986e-33	-2.46103e-35	-2.46103e-35	
2.03426e-56	2.03426e-56	1.53398e-54	1.13814e-52	8.19768e-51	5.72712e-49	3.87735e-47	2.54138e-45	1.61098e-43	9.86566e-42	5.82995e-40	3.32018e-38	1.81984e-36	9.5862e-35	4.84531e-33	2.34597e-31	1.08604e-29	4.79754e-28	2.01783e-26	8.0611e-25	3.05059e-23	1.09035e-21	3.66862e-20	1.15766e-18	3.41171e-17	9.34542e-16	2.36631e-14	5.50321e-13	1.16676e-11	2.2351e-10	3.82743e-09	5.78221e-08	7.5808e-07	8.44587e-06	7.77954e-05	0.000571124	0.00318207	0.0126626	0.0343199	0.0675249	0.111031	0.0675249	0.0343199	0.0126626	0.00318208	0.000571125	7.77958e-05	8.446e-06	7.58109e-07	5.78239e-08	3.77588e-09	-3.94465e-10	-6.04431e-09	-4.73504e-08	-2.77931e-07	-1.10149e-06	-2.34494e-06	-1.10164e-06	-2.77997e-07	-4.73675e-08	-6.05906e-09	-6.18545e-10	-5.24375e-11	-3.79608e-12	-2.39565e-13	-1.33909e-14	-6.71388e-16	-3.05048e-17	-1.26672e-18	-4.84189e-20	-1.71404e-21	-5.64915e-23	-1.74139e-24	-5.04093e-26	-1.37525e-27	-3.54727e-29	-8.67542e-31	-2.01696e-32	-4.56262e-34	-4.56262e-34	
2.02581e-55	2.02581e-55	1.52166e-53	1.12455e-51	8.06711e-50	5.61253e-48	3.7836e-46	2.46907e-44	1.55811e-42	9.49761e-41	5.58564e-39	3.16537e-37	1.72614e-35	9.04474e-34	4.54667e-32	2.1889e-30	1.00736e-28	4.42266e-27	1.84824e-25	7.33405e-24	2.75591e-22	9.77718e-21	3.26386e-19	1.02136e-17	2.98326e-16	8.09382e-15	2.02824e-13	4.66387e-12	9.76531e-11	1.84477e-09	3.10937e-08	4.612e-07	5.91612e-06	6.41699e-05	0.000571125	0.00400284	0.0208719	0.075333	0.178289	0.30051	0.439748	0.30051	0.178289	0.075333	0.020872	0.00400284	0.000571129	6.41711e-05	5.91643e-06	4.61202e-07	3.02818e-08	-7.79154e-09	-9.36925e-08	-7.2761e-07	-4.23223e-06	-1.65992e-05	-3.4958e-05	-1.66018e-05	-4.23336e-06	-7.27896e-07	-9.38429e-08	-9.64558e-09	-8.22614e-10	-5.98674e-11	-3.79606e-12	-2.13094e-13	-1.07255e-14	-4.89047e-16	-2.03741e-17	-7.81126e-19	-2.77296e-20	-9.16315e-22	-2.83156e-23	-8.21575e-25	-2.24631e-26	-5.80611e-28	-1.4228e-29	-3.31415e-31	-7.51087e-33	-7.51087e-33	
1.67825e-54	1.67825e-54	1.25479e-52	9.22988e-51	6.58924e-49	4.56154e-47	3.05931e-45	1.98584e-43	1.2463e-41	7.5539e-40	4.41645e-38	2.48756e-36	1.34795e-34	7.01668e-33	3.50308e-31	1.67447e-29	7.64874e-28	3.33192e-26	1.38104e-24	5.43312e-23	2.02312e-21	7.10881e-20	2.34901e-18	7.27125e-17	2.09927e-15	5.62451e-14	1.39042e-12	3.15004e-11	6.48817e-10	1.20336e-08	1.98629e-07	2.87543e-06	3.58286e-05	0.000374837	0.00318208	0.020872	0.0985097	0.305515	0.591282	0.810581	1.00307	0.810581	0.591282	0.305515	0.0985098	0.020872	0.0031821	0.000374846	3.58308e-05	2.87507e-06	1.87485e-07	-1.18686e-07	-1.26158e-06	-9.70225e-06	-5.5823e-05	-0.000216165	-0.000449114	-0.000216202	-5.58391e-05	-9.7063e-06	-1.26298e-06	-1.30845e-07	-1.12356e-08	-8.22606e-10	-5.24367e-11	-2.95752e-12	-1.49495e-13	-6.84285e-15	-2.86088e-16	-1.10041e-17	-3.91819e-19	-1.29838e-20	-4.02269e-22	-1.17005e-23	-3.20651e-25	-8.30611e-27	-2.03965e-28	-4.76042e-30	-1.08093e-31	-1.08093e-31	
1.12917e-53	1.12917e-53	8.39927e-52	6.14577e-50	4.36352e-48	3.00359e-46	2.00254e-44	1.29189e-42	8.05591e-41	4.85016e-39	2.81593e-37	1.57453e-35	8.46705e-34	4.37233e-32	2.16463e-30	1.02559e-28	4.6414e-27	2.00213e-25	8.21301e-24	3.19572e-22	1.17616e-20	4.08162e-19	1.33086e-17	4.06107e-16	1.15449e-14	3.04179e-13	7.38319e-12	1.63934e-10	3.30185e-09	5.97172e-08	9.57752e-07	1.3407e-05	0.000160445	0.00159573	0.0126627	0.0753332	0.305516	0.755717	1.13046	1.27348	1.34115	1.27348	1.13046	0.755717	0.305516	0.0753333	0.0126628	0.00159576	0.000160453	1.33994e-05	8.27456e-07	-1.45058e-06	-1.44446e-05	-0.000109833	-0.000623561	-0.00237616	-0.00485081	-0.00237658	-0.000623749	-0.00010988	-1.44568e-05	-1.51172e-06	-1.30843e-07	-9.64533e-09	-6.18527e-10	-3.5071e-11	-1.78113e-12	-8.18753e-14	-3.43629e-15	-1.32641e-16	-4.73822e-18	-1.57483e-19	-4.89284e-21	-1.42686e-22	-3.91986e-24	-1.01774e-25	-2.50463e-27	-5.85776e-29	-1.33278e-30	-1.33278e-30	
5.94272e-53	5.94272e-53	4.4003e-51	3.20426e-49	2.26343e-47	1.54958e-45	1.02721e-43	6.58656e-42	4.08083e-40	2.4402e-38	1.40655e-36	7.80473e-35	4.16308e-33	2.13135e-31	1.04556e-29	4.90579e-28	2.19721e-26	9.37336e-25	3.79963e-23	1.4597e-21	5.29894e-20	1.81175e-18	5.81295e-17	1.74291e-15	4.86037e-14	1.25374e-12	2.97251e-11	6.42915e-10	1.25716e-08	2.19824e-07	3.39043e-06	4.53204e-05	0.000512846	0.00475294	0.0343203	0.17829	0.591285	1.13046	1.35863	1.41987	1.43713	1.41987	1.35863	1.13046	0.591285	0.17829	0.0343204	0.00475299	0.000512858	4.52315e-05	2.1301e-06	-1.42238e-05	-0.000136626	-0.00102475	-0.00572111	-0.0213507	-0.0425638	-0.0213546	-0.00572284	-0.00102519	-0.000136721	-1.44565e-05	-1.26294e-06	-9.38387e-08	-6.05878e-09	-3.45591e-10	-1.7644e-11	-8.14882e-13	-3.43454e-14	-1.33083e-15	-4.77073e-17	-1.59076e-18	-4.95711e-20	-1.44962e-21	-3.99273e-23	-1.03919e-24	-2.56329e-26	-6.00797e-28	-1.36983e-29	-1.36983e-29	
2.21313e-52	2.21313e-52	1.64042e-50	1.19486e-48	8.43662e-47	5.76942e-45	3.81777e-43	2.44215e-41	1.50854e-39	8.98811e-38	5.15906e-36	2.84896e-34	1.51144e-32	7.69136e-31	3.74789e-29	1.74557e-27	7.75478e-26	3.27882e-24	1.31617e-22	5.00223e-21	1.79455e-19	6.05622e-18	1.91528e-16	5.65126e-15	1.54796e-13	3.91332e-12	9.06869e-11	1.9109e-09	3.62558e-08	6.11974e-07	9.0511e-06	0.000114994	0.00122163	0.0104373	0.0675264	0.300515	0.810592	1.27349	1.41988	1.45038	1.45555	1.45038	1.41988	1.27349	0.810592	0.300515	0.0675263	0.0104373	0.00122158	0.000114266	-6.43361e-07	-0.000109176	-0.00102456	-0.00755497	-0.0412723	-0.149736	-0.288565	-0.149762	-0.0412841	-0.00755798	-0.00102517	-0.000109876	-9.70574e-06	-7.2785e-07	-4.73645e-08	-2.72e-09	-1.39691e-10	-6.48535e-12	-2.74619e-13	-1.06858e-14	-3.84521e-16	-1.28662e-17	-4.0222e-19	-1.17971e-20	-3.25826e-22	-8.50213e-24	-2.10222e-25	-4.93853e-27	-1.12847e-28	-1.12847e-28	
2.98889e-52	2.98889e-52	2.42422e-50	1.89719e-48	1.42064e-46	1.01976e-44	7.02461e-43	4.64589e-41	2.95036e-39	1.7986e-37	1.05202e-35	5.89962e-34	3.16894e-32	1.62851e-30	7.99578e-29	3.74489e-27	1.67012e-25	7.07781e-24	2.84377e-22	1.08044e-20	3.87028e-19	1.30274e-17	4.10479e-16	1.2054e-14	3.28227e-13	8.23834e-12	1.89271e-10	3.94689e-09	7.39454e-08	1.22892e-06	1.78249e-05	0.000220834	0.00226793	0.0184665	0.111032	0.439753	1.00309	1.34119	1.43717	1.45559	1.45816	1.45559	1.43717	1.34119	1.00309	0.439752	0.111031	0.0184658	0.00226743	0.000216546	-3.7973e-05	-0.000622098	-0.00571999	-0.0412698	-0.218981	-0.763181	-1.39617	-0.763297	-0.219036	-0.0412836	-0.00572264	-0.000623715	-5.58354e-05	-4.23307e-06	-2.77979e-07	-1.60871e-08	-8.31694e-10	-3.88374e-11	-1.65301e-12	-6.46157e-14	-2.33476e-15	-7.84145e-17	-2.45977e-18	-7.23721e-20	-2.00469e-21	-5.24522e-23	-1.30021e-24	-3.06171e-26	-7.01211e-28	-7.01211e-28	
