1.68172e-82	1.68172e-82	5.43783e-81	1.76016e-79	5.53757e-78	1.69186e-76	5.01557e-75	1.44144e-73	4.01216e-72	1.0805e-70	2.81234e-69	7.06658e-68	1.71204e-66	3.994e-65	8.95942e-64	1.92961e-62	3.98348e-61	7.86851e-60	1.48431e-58	2.66839e-57	4.5612e-56	7.39494e-55	1.13404e-53	1.64002e-52	2.22926e-51	2.83763e-50	3.36863e-49	3.71247e-48	3.77878e-47	3.53188e-46	3.01153e-45	2.32529e-44	1.61214e-43	9.9389e-43	5.38681e-42	2.53155e-41	1.01345e-40	3.37136e-40	8.96862e-40	1.78859e-39	2.38673e-39	1.78859e-39	8.96862e-40	3.37136e-40	1.01345e-40	2.53155e-41	5.38681e-42	9.9389e-43	1.61214e-43	2.32529e-44	3.01149e-45	3.52977e-46	3.68153e-47	6.38345e-50	-1.03009e-47	-2.23944e-47	-3.04107e-47	-2.24229e-47	-1.06381e-47	-3.64878e-48	-9.72601e-49	-2.11254e-49	-3.86436e-50	-6.09845e-51	-8.45626e-52	-1.04515e-52	-1.16473e-53	-1.18146e-54	-1.09947e-55	-9.44955e-57	-7.54379e-58	-5.62172e-59	-3.92764e-60	-2.58248e-61	-1.60346e-62	-9.43005e-64	-5.26734e-65	-2.80162e-66	-1.49065e-67	-1.49065e-67	
1.68172e-82	1.68172e-82	5.43783e-81	1.76016e-79	5.53757e-78	1.69186e-76	5.01557e-75	1.44144e-73	4.01216e-72	1.0805e-70	2.81234e-69	7.06658e-68	1.71204e-66	3.994e-65	8.95942e-64	1.92961e-62	3.98348e-61	7.86851e-60	1.48431e-58	2.66839e-57	4.5612e-56	7.39494e-55	1.13404e-53	1.64002e-52	2.22926e-51	2.83763e-50	3.36863e-49	3.71247e-48	3.77878e-47	3.53188e-46	3.01153e-45	2.32529e-44	1.61214e-43	9.9389e-43	5.38681e-42	2.53155e-41	1.01345e-40	3.37136e-40	8.96862e-40	1.78859e-39	2.38673e-39	1.78859e-39	8.96862e-40	3.37136e-40	1.01345e-40	2.53155e-41	5.38681e-42	9.9389e-43	1.61214e-43	2.32529e-44	3.01149e-45	3.52977e-46	3.68153e-47	6.38345e-50	-1.03009e-47	-2.23944e-47	-3.04107e-47	-2.24229e-47	-1.06381e-47	-3.64878e-48	-9.72601e-49	-2.11254e-49	-3.86436e-50	-6.09845e-51	-8.45626e-52	-1.04515e-52	-1.16473e-53	-1.18146e-54	-1.09947e-55	-9.44955e-57	-7.54379e-58	-5.62172e-59	-3.92764e-60	-2.58248e-61	-1.60346e-62	-9.43005e-64	-5.26734e-65	-2.80162e-66	-1.49065e-67	-1.49065e-67	
5.43783e-81	5.43783e-81	1.75725e-79	5.68462e-78	1.78732e-76	5.45732e-75	1.61682e-73	4.64363e-72	1.29168e-70	3.47624e-69	9.04181e-68	2.27034e-66	5.49645e-65	1.28131e-63	2.87208e-62	6.18081e-61	1.27493e-59	2.51623e-58	4.74244e-57	8.51789e-56	1.45462e-54	2.35597e-53	3.60915e-52	5.21367e-51	7.07843e-50	8.99869e-49	1.06679e-47	1.17393e-46	1.19295e-45	1.113e-44	9.47125e-44	7.29671e-43	5.04622e-42	3.10231e-41	1.67621e-40	7.85088e-40	3.13191e-39	1.03831e-38	2.75401e-38	5.48086e-38	7.3077e-38	5.48086e-38	2.75401e-38	1.03831e-38	3.13191e-39	7.85088e-40	1.67621e-40	3.10231e-41	5.04622e-42	7.29671e-43	9.47111e-44	1.11225e-44	1.15861e-45	-1.13288e-47	-3.64377e-46	-7.89174e-46	-1.07117e-45	-7.90081e-46	-3.75056e-46	-1.28728e-46	-3.43371e-47	-7.46347e-48	-1.36622e-48	-2.15759e-49	-2.99383e-50	-3.70275e-51	-4.12916e-52	-4.19122e-53	-3.90286e-54	-3.35651e-55	-2.68125e-56	-1.99932e-57	-1.39768e-58	-9.19538e-60	-5.71274e-61	-3.36164e-62	-1.87877e-63	-9.99851e-65	-5.32292e-66	-5.32292e-66	
1.76016e-79	1.76016e-79	5.68462e-78	1.83786e-76	5.77499e-75	1.76223e-73	5.21762e-72	1.49759e-70	4.163e-69	1.11963e-67	2.91022e-66	7.30229e-65	1.76661e-63	4.11524e-62	9.21739e-61	1.98206e-59	4.08516e-58	8.05585e-57	1.517e-55	2.72222e-54	4.6444e-53	7.51484e-52	1.15001e-50	1.65942e-49	2.25028e-48	2.85712e-47	3.38249e-46	3.71667e-45	3.77074e-44	3.51173e-43	2.98242e-42	2.29256e-41	1.58152e-40	9.69561e-40	5.22234e-39	2.4377e-38	9.69013e-38	3.20143e-37	8.46598e-37	1.68128e-36	2.23979e-36	1.68128e-36	8.46598e-37	3.20143e-37	9.69013e-38	2.4377e-38	5.22234e-39	9.69561e-40	1.58152e-40	2.29256e-41	2.98237e-42	3.50909e-43	3.6494e-44	-8.2951e-46	-1.28987e-44	-2.78402e-44	-3.77714e-44	-2.78691e-44	-1.32374e-44	-4.54643e-45	-1.21357e-45	-2.63969e-46	-4.83549e-47	-7.64173e-48	-1.06108e-48	-1.31323e-49	-1.46544e-50	-1.48844e-51	-1.38693e-52	-1.19353e-53	-9.54006e-55	-7.11806e-56	-4.97904e-57	-3.27766e-58	-2.03747e-59	-1.19962e-60	-6.70829e-62	-3.57201e-63	-1.90272e-64	-1.90272e-64	
5.53757e-78	5.53757e-78	1.78732e-76	5.77499e-75	1.81353e-73	5.53051e-72	1.63644e-70	4.69395e-69	1.30396e-67	3.50461e-66	9.10311e-65	2.28253e-63	5.51799e-62	1.28443e-60	2.87468e-59	6.17666e-58	1.27201e-56	2.50623e-55	4.71532e-54	8.4537e-53	1.4409e-51	2.32907e-50	3.5604e-49	5.13171e-48	6.95052e-47	8.81347e-46	1.04195e-44	1.14315e-43	1.15786e-42	1.07634e-41	9.12245e-41	6.99633e-40	4.81401e-39	2.94275e-38	1.57995e-37	7.34907e-37	2.91057e-36	9.58129e-36	2.52575e-35	5.00483e-35	6.66149e-35	5.00483e-35	2.52575e-35	9.58129e-36	2.91057e-36	7.34907e-37	1.57995e-37	2.94275e-38	4.81401e-39	6.99633e-40	9.12228e-41	1.07543e-41	1.11607e-42	-4.21144e-44	-4.44736e-43	-9.56819e-43	-1.29755e-42	-9.57716e-43	-4.55175e-43	-1.5644e-43	-4.17886e-44	-9.09622e-45	-1.6675e-45	-2.63711e-46	-3.66432e-47	-4.53824e-48	-5.0677e-49	-5.15068e-50	-4.80255e-51	-4.13552e-52	-3.30768e-53	-2.46947e-54	-1.72844e-55	-1.1385e-56	-7.08132e-58	-4.17177e-59	-2.33418e-60	-1.2436e-61	-6.62816e-63	-6.62816e-63	
1.69186e-76	1.69186e-76	5.45732e-75	1.76223e-73	5.53051e-72	1.6855e-70	4.98405e-69	1.42868e-67	3.96614e-66	1.06523e-64	2.76495e-63	6.92786e-62	1.67356e-60	3.8926e-59	8.70517e-58	1.86891e-56	3.84556e-55	7.5703e-54	1.42302e-52	2.5488e-51	4.34004e-50	7.00796e-49	1.07012e-47	1.5406e-46	2.08405e-45	2.63913e-44	3.11559e-43	3.41288e-42	3.45088e-41	3.2019e-40	2.70805e-39	2.07203e-38	1.42195e-37	8.66634e-37	4.63747e-36	2.14924e-35	8.47932e-35	2.78078e-34	7.30635e-34	1.4444e-33	1.92072e-33	1.4444e-33	7.30635e-34	2.78078e-34	8.47932e-35	2.14924e-35	4.63747e-36	8.66634e-37	1.42195e-37	2.07203e-38	2.708e-39	3.19885e-40	3.3108e-41	-1.82756e-42	-1.49255e-41	-3.20141e-41	-4.33947e-41	-3.20412e-41	-1.52378e-41	-5.24083e-42	-1.40099e-42	-3.05186e-43	-5.59878e-44	-8.86088e-45	-1.23213e-45	-1.52708e-46	-1.70643e-47	-1.73556e-48	-1.61934e-49	-1.39535e-50	-1.11675e-51	-8.34279e-53	-5.84293e-54	-3.85101e-55	-2.39672e-56	-1.4128e-57	-7.90944e-59	-4.21637e-60	-2.24858e-61	-2.24858e-61	
5.01557e-75	5.01557e-75	1.61682e-73	5.21762e-72	1.63644e-70	4.98405e-69	1.47282e-67	4.219e-66	1.17043e-64	3.14133e-63	8.14789e-62	2.04003e-60	4.92436e-59	1.14448e-57	2.55739e-56	5.48591e-55	1.12784e-53	2.21826e-52	4.16588e-51	7.45441e-50	1.26804e-48	2.04535e-47	3.11975e-46	4.48604e-45	6.0608e-44	7.66464e-43	9.03508e-42	9.8814e-41	9.97396e-40	9.23644e-39	7.79504e-38	5.94986e-37	4.07203e-36	2.47416e-35	1.3194e-34	6.09166e-34	2.39371e-33	7.81918e-33	2.04734e-32	4.03748e-32	5.3637e-32	4.03748e-32	2.04734e-32	7.81918e-33	2.39371e-33	6.09166e-34	1.3194e-34	2.47416e-35	4.07203e-36	5.94986e-37	7.79486e-38	9.22648e-39	9.51705e-40	-7.19832e-41	-4.87208e-40	-1.04207e-39	-1.41186e-39	-1.04286e-39	-4.96273e-40	-1.70812e-40	-4.56969e-41	-9.96216e-42	-1.82901e-42	-2.89688e-43	-4.0312e-44	-4.99983e-45	-5.59105e-46	-5.69049e-47	-5.31309e-48	-4.58124e-49	-3.66896e-50	-2.74271e-51	-1.92209e-52	-1.26762e-53	-7.894e-55	-4.65607e-56	-2.60821e-57	-1.39119e-58	-7.42361e-60	-7.42361e-60	
1.44144e-73	1.44144e-73	4.64363e-72	1.49759e-70	4.69395e-69	1.42868e-67	4.219e-66	1.20773e-64	3.34812e-63	8.97962e-62	2.32739e-60	5.82282e-59	1.40446e-57	3.26154e-56	7.28205e-55	1.56076e-53	3.20591e-52	6.29974e-51	1.18196e-49	2.11291e-48	3.59044e-47	5.7851e-46	8.8138e-45	1.26583e-43	1.70796e-42	2.15691e-41	2.53874e-40	2.77199e-39	2.79292e-38	2.58126e-37	2.17362e-36	1.65497e-35	1.12947e-34	6.84088e-34	3.63505e-33	1.6717e-32	6.54155e-32	2.128e-31	5.5516e-31	1.09198e-30	1.44918e-30	1.09198e-30	5.5516e-31	2.128e-31	6.54155e-32	1.6717e-32	3.63505e-33	6.84088e-34	1.12947e-34	1.65497e-35	2.17356e-36	2.5781e-37	2.64804e-38	-2.63967e-39	-1.54575e-38	-3.29735e-38	-4.46534e-38	-3.29961e-38	-1.57125e-38	-5.41223e-39	-1.44907e-39	-3.16157e-40	-5.80912e-41	-9.20794e-42	-1.28233e-42	-1.59165e-43	-1.78116e-44	-1.81415e-45	-1.69502e-46	-1.46255e-47	-1.1721e-48	-8.76773e-50	-6.14841e-51	-4.05745e-52	-2.52832e-53	-1.49218e-54	-8.3638e-56	-4.46381e-57	-2.3834e-58	-2.3834e-58	
4.01216e-72	4.01216e-72	1.29168e-70	4.163e-69	1.30396e-67	3.96614e-66	1.17043e-64	3.34812e-63	9.27513e-62	2.48575e-60	6.43788e-59	1.60943e-57	3.87885e-56	9.00039e-55	2.00783e-53	4.29963e-52	8.82378e-51	1.73228e-49	3.24697e-48	5.79846e-47	9.84279e-46	1.58414e-44	2.41065e-43	3.45781e-42	4.65931e-41	5.87562e-40	6.90504e-39	7.52674e-38	7.56956e-37	6.9816e-36	5.86563e-35	4.45459e-34	3.03131e-33	1.82996e-32	9.68796e-32	4.43712e-31	1.72873e-30	5.59924e-30	1.45516e-29	2.85443e-29	3.78401e-29	2.85443e-29	1.45516e-29	5.59924e-30	1.72873e-30	4.43712e-31	9.68796e-32	1.82996e-32	3.03131e-33	4.45459e-34	5.86545e-35	6.97186e-36	7.12327e-37	-9.12925e-38	-4.76281e-37	-1.01344e-36	-1.37177e-36	-1.01407e-36	-4.83227e-37	-1.66581e-37	-4.46369e-38	-9.74689e-39	-1.79238e-39	-2.84335e-40	-3.96288e-41	-4.92259e-42	-5.51287e-43	-5.6191e-44	-5.25392e-45	-4.53655e-46	-3.63813e-47	-2.72329e-48	-1.91099e-49	-1.26191e-50	-7.86836e-52	-4.64668e-53	-2.60611e-54	-1.39173e-55	-7.43557e-57	-7.43557e-57	
1.0805e-70	1.0805e-70	3.47624e-69	1.11963e-67	3.50461e-66	1.06523e-64	3.14133e-63	8.97962e-62	2.48575e-60	6.65686e-59	1.72274e-57	4.30333e-56	1.03629e-54	2.40258e-53	5.3551e-52	1.14574e-50	2.34913e-49	4.60738e-48	8.62738e-47	1.53907e-45	2.6097e-44	4.19534e-43	6.37643e-42	9.13452e-41	1.22916e-39	1.54774e-38	1.81601e-37	1.97608e-36	1.98354e-35	1.82561e-34	1.53019e-33	1.15901e-32	7.86338e-32	4.73088e-31	2.49496e-30	1.13783e-29	4.41284e-29	1.42278e-28	3.68265e-28	7.203e-28	9.53776e-28	7.203e-28	3.68265e-28	1.42278e-28	4.41284e-29	1.13783e-29	2.49496e-30	4.73088e-31	7.86338e-32	1.15901e-32	1.53014e-33	1.8227e-34	1.85011e-35	-2.99939e-36	-1.42404e-35	-3.02293e-35	-4.08979e-35	-3.02463e-35	-1.44234e-35	-4.9762e-36	-1.33456e-36	-2.91662e-37	-5.36797e-38	-8.5226e-39	-1.18879e-39	-1.47786e-40	-1.65636e-41	-1.68956e-42	-1.58092e-43	-1.36605e-44	-1.09629e-45	-8.21188e-47	-5.76633e-48	-3.81029e-49	-2.37736e-50	-1.40485e-51	-7.88406e-53	-4.21288e-54	-2.25222e-55	-2.25222e-55	
2.81234e-69	2.81234e-69	9.04181e-68	2.91022e-66	9.10311e-65	2.76495e-63	8.14789e-62	2.32739e-60	6.43788e-59	1.72274e-57	4.45479e-56	1.11188e-54	2.67531e-53	6.19721e-52	1.38007e-50	2.94998e-49	6.04267e-48	1.18399e-46	2.21476e-45	3.94676e-44	6.68469e-43	1.07336e-41	1.62934e-40	2.331e-39	3.1322e-38	3.93802e-37	4.61299e-36	5.01062e-35	5.01965e-34	4.60995e-33	3.85459e-32	2.9116e-31	1.96927e-30	1.18061e-29	6.20143e-29	2.81561e-28	1.08676e-27	3.4871e-27	8.98727e-27	1.75246e-26	2.31766e-26	1.75246e-26	8.98727e-27	3.4871e-27	1.08676e-27	2.81561e-28	6.20143e-29	1.18061e-29	1.96927e-30	2.9116e-31	3.85444e-32	4.6015e-33	4.63282e-34	-9.40162e-35	-4.12791e-34	-8.7431e-34	-1.18229e-33	-8.74756e-34	-4.17454e-34	-1.44148e-34	-3.86928e-35	-8.46364e-36	-1.55907e-36	-2.47743e-37	-3.45859e-38	-4.30311e-39	-4.8267e-40	-4.92728e-41	-4.61397e-42	-3.98982e-43	-3.20426e-44	-2.40188e-45	-1.68775e-46	-1.11599e-47	-6.96765e-49	-4.12005e-50	-2.31366e-51	-1.23708e-52	-6.61774e-54	-6.61774e-54	
7.06658e-68	7.06658e-68	2.27034e-66	7.30229e-65	2.28253e-63	6.92786e-62	2.04003e-60	5.82282e-59	1.60943e-57	4.30333e-56	1.11188e-54	2.77286e-53	6.6661e-52	1.5428e-50	3.43256e-49	7.33039e-48	1.50007e-46	2.93622e-45	5.48665e-44	9.76655e-43	1.65226e-41	2.64978e-40	4.01714e-39	5.73922e-38	7.7006e-37	9.66655e-36	1.13042e-34	1.22559e-33	1.2253e-32	1.12277e-31	9.3644e-31	7.05348e-30	4.75532e-29	2.84046e-28	1.48583e-27	6.71472e-27	2.57873e-26	8.23259e-26	2.11217e-25	4.10522e-25	5.42216e-25	4.10522e-25	2.11217e-25	8.23259e-26	2.57873e-26	6.71472e-27	1.48583e-27	2.84046e-28	4.75532e-29	7.05347e-30	9.36397e-31	1.12039e-31	1.11665e-32	-2.81878e-33	-1.15899e-32	-2.44959e-32	-3.31078e-32	-2.45073e-32	-1.17046e-32	-4.04521e-33	-1.08683e-33	-2.37951e-34	-4.38723e-35	-6.97767e-36	-9.74955e-37	-1.21404e-37	-1.36289e-38	-1.3924e-39	-1.30488e-40	-1.12923e-41	-9.07564e-43	-6.80795e-44	-4.7872e-45	-3.16764e-46	-1.97904e-47	-1.17101e-48	-6.58018e-50	-3.52058e-51	-1.88455e-52	-1.88455e-52	
1.71204e-66	1.71204e-66	5.49645e-65	1.76661e-63	5.51799e-62	1.67356e-60	4.92436e-59	1.40446e-57	3.87885e-56	1.03629e-54	2.67531e-53	6.6661e-52	1.60115e-50	3.70233e-49	8.22954e-48	1.75575e-46	3.58929e-45	7.01828e-44	1.31001e-42	2.32923e-41	3.93577e-40	6.30397e-39	9.54426e-38	1.36164e-36	1.82422e-35	2.28623e-34	2.66884e-33	2.888e-32	2.88128e-31	2.63403e-30	2.19119e-29	1.64561e-28	1.10574e-27	6.57974e-27	3.42692e-26	1.54116e-25	5.88752e-25	1.86955e-24	4.77354e-24	9.24571e-24	1.21948e-23	9.24571e-24	4.77354e-24	1.86955e-24	5.88752e-25	1.54116e-25	3.42692e-26	6.57975e-27	1.10574e-27	1.64561e-28	2.19107e-29	2.62756e-30	2.58593e-31	-8.09576e-32	-3.14873e-31	-6.64158e-31	-8.97183e-31	-6.64445e-31	-3.17596e-31	-1.09865e-31	-2.95457e-32	-6.47492e-33	-1.19494e-33	-1.90223e-34	-2.66028e-35	-3.31555e-36	-3.7252e-37	-3.80902e-38	-3.57248e-39	-3.09399e-40	-2.48856e-41	-1.86814e-42	-1.31459e-43	-8.70466e-45	-5.44217e-46	-3.22234e-47	-1.81192e-48	-9.70056e-50	-5.19613e-51	-5.19613e-51	
3.994e-65	3.994e-65	1.28131e-63	4.11524e-62	1.28443e-60	3.8926e-59	1.14448e-57	3.26154e-56	9.00039e-55	2.40258e-53	6.19721e-52	1.5428e-50	3.70233e-49	8.55283e-48	1.89928e-46	4.048e-45	8.26676e-44	1.61468e-42	3.01052e-41	5.34646e-40	9.02289e-39	1.44332e-37	2.18219e-36	3.10868e-35	4.15825e-34	5.20262e-33	6.06227e-32	6.5471e-31	6.51764e-30	5.94398e-29	4.93132e-28	3.69221e-27	2.47233e-26	1.46534e-25	7.5974e-25	3.39932e-24	1.2914e-23	4.07759e-23	1.03582e-22	1.99882e-22	2.63246e-22	1.99882e-22	1.03582e-22	4.07759e-23	1.2914e-23	3.39932e-24	7.5974e-25	1.46534e-25	2.47233e-26	3.69221e-27	4.93101e-28	5.92696e-29	5.74143e-30	-2.22909e-30	-8.26855e-30	-1.74072e-29	-2.35019e-29	-1.74142e-29	-8.33087e-30	-2.88466e-30	-7.76535e-31	-1.70346e-31	-3.14678e-32	-5.01418e-33	-7.01885e-34	-8.75561e-35	-9.84604e-36	-1.00762e-36	-9.45826e-38	-8.19805e-39	-6.59902e-40	-4.95762e-41	-3.49123e-42	-2.31343e-43	-1.44738e-44	-8.57599e-46	-4.82554e-47	-2.58519e-48	-1.38571e-49	-1.38571e-49	
8.95942e-64	8.95942e-64	2.87208e-62	9.21739e-61	2.87468e-59	8.70517e-58	2.55739e-56	7.28205e-55	2.00783e-53	5.3551e-52	1.38007e-50	3.43256e-49	8.22954e-48	1.89928e-46	4.21341e-45	8.97087e-44	1.83004e-42	3.57048e-41	6.64926e-40	1.17942e-38	1.98788e-37	3.17556e-36	4.79433e-35	6.81949e-34	9.10712e-33	1.13745e-31	1.3229e-30	1.42576e-29	1.41614e-28	1.28826e-27	1.06579e-26	7.95454e-26	5.3072e-25	3.13255e-24	1.61646e-23	7.19391e-23	2.71697e-22	8.52738e-22	2.15439e-21	4.14088e-21	5.4449e-21	4.14088e-21	2.15439e-21	8.52738e-22	2.71697e-22	7.19391e-23	1.61646e-23	3.13255e-24	5.3072e-25	7.95454e-26	1.06571e-26	1.28394e-27	1.21915e-28	-5.8855e-29	-2.09636e-28	-4.40516e-28	-5.94421e-28	-4.40685e-28	-2.1101e-28	-7.31385e-29	-1.9709e-29	-4.32797e-30	-8.00314e-31	-1.27651e-31	-1.78858e-32	-2.23323e-33	-2.51364e-34	-2.57465e-35	-2.41883e-36	-2.09829e-37	-1.69039e-38	-1.27093e-39	-8.9569e-41	-5.93963e-42	-3.71881e-43	-2.20502e-44	-1.24158e-45	-6.65606e-47	-3.57024e-48	-3.57024e-48	
1.92961e-62	1.92961e-62	6.18081e-61	1.98206e-59	6.17666e-58	1.86891e-56	5.48591e-55	1.56076e-53	4.29963e-52	1.14574e-50	2.94998e-49	7.33039e-48	1.75575e-46	4.048e-45	8.97087e-44	1.90795e-42	3.88786e-41	7.57655e-40	1.40926e-38	2.49652e-37	4.20222e-36	6.70346e-35	1.01056e-33	1.43516e-32	1.91335e-31	2.38539e-30	2.76885e-29	2.97775e-28	2.9507e-27	2.67724e-26	2.20843e-25	1.64283e-24	1.09195e-23	6.41735e-23	3.29507e-22	1.45819e-21	5.47317e-21	1.70684e-20	4.28713e-20	8.20516e-20	1.07706e-19	8.20516e-20	4.28713e-20	1.70684e-20	5.47317e-21	1.45819e-21	3.29507e-22	6.41735e-23	1.09195e-23	1.64283e-24	2.20824e-25	2.66666e-26	2.46852e-27	-1.48993e-27	-5.1252e-27	-1.07506e-26	-1.44981e-26	-1.07546e-26	-5.15438e-27	-1.78846e-27	-4.8247e-28	-1.06062e-28	-1.96334e-29	-3.13477e-30	-4.39668e-31	-5.49505e-32	-6.19083e-33	-6.34687e-34	-5.96802e-35	-5.18158e-36	-4.17776e-37	-3.14362e-38	-2.21722e-39	-1.47144e-40	-9.21958e-42	-5.47062e-43	-3.08253e-44	-1.65368e-45	-8.87646e-47	-8.87646e-47	
3.98348e-61	3.98348e-61	1.27493e-59	4.08516e-58	1.27201e-56	3.84556e-55	1.12784e-53	3.20591e-52	8.82378e-51	2.34913e-49	6.04267e-48	1.50007e-46	3.58929e-45	8.26676e-44	1.83004e-42	3.88786e-41	7.91316e-40	1.54023e-38	2.86127e-37	5.06209e-36	8.50886e-35	1.35537e-33	2.04008e-32	2.89248e-31	3.84948e-30	4.7901e-29	5.54874e-28	5.95406e-27	5.88549e-26	5.32551e-25	4.37956e-24	3.24667e-23	2.14949e-22	1.25752e-21	6.42329e-21	2.82568e-20	1.05364e-19	3.26352e-19	8.14595e-19	1.55193e-18	2.03339e-18	1.55193e-18	8.14595e-19	3.26352e-19	1.05364e-19	2.82568e-20	6.42329e-21	1.25752e-21	2.14949e-22	3.24667e-23	4.37912e-24	5.30053e-25	4.74865e-26	-3.61479e-26	-1.20668e-25	-2.52673e-25	-3.40548e-25	-2.52766e-25	-1.21265e-25	-4.21232e-26	-1.13765e-26	-2.50374e-27	-4.63985e-28	-7.4162e-29	-1.04124e-29	-1.30267e-30	-1.46905e-31	-1.5075e-32	-1.41881e-33	-1.23293e-34	-9.94932e-36	-7.49276e-37	-5.28898e-38	-3.51276e-39	-2.20267e-40	-1.30797e-41	-7.37542e-43	-3.95949e-44	-2.12688e-45	-2.12688e-45	
7.86851e-60	7.86851e-60	2.51623e-58	8.05585e-57	2.50623e-55	7.5703e-54	2.21826e-52	6.29974e-51	1.73228e-49	4.60738e-48	1.18399e-46	2.93622e-45	7.01828e-44	1.61468e-42	3.57048e-41	7.57655e-40	1.54023e-38	2.99418e-37	5.55495e-36	9.81416e-35	1.64728e-33	2.61993e-32	3.93712e-31	5.57256e-30	7.40267e-29	9.1933e-28	1.06265e-26	1.13761e-25	1.12163e-24	1.01202e-23	8.29599e-23	6.12778e-22	4.04019e-21	2.35241e-20	1.19499e-19	5.22394e-19	1.93434e-18	5.9479e-18	1.47468e-17	2.79561e-17	3.65556e-17	2.79561e-17	1.47468e-17	5.9479e-18	1.93434e-18	5.22395e-19	1.19499e-19	2.35241e-20	4.0402e-21	6.12779e-22	8.295e-23	1.00635e-23	8.63823e-25	-8.39896e-25	-2.73207e-24	-5.71114e-24	-7.69253e-24	-5.71329e-24	-2.74383e-24	-9.5423e-25	-2.58024e-25	-5.68534e-26	-1.05481e-26	-1.68787e-27	-2.37235e-28	-2.97111e-29	-3.35396e-30	-3.44511e-31	-3.24549e-32	-2.82289e-33	-2.27999e-34	-1.71852e-35	-1.21408e-36	-8.07003e-38	-5.0643e-39	-3.00955e-40	-1.6983e-41	-9.12397e-43	-4.90467e-44	-4.90467e-44	
1.48431e-58	1.48431e-58	4.74244e-57	1.517e-55	4.71532e-54	1.42302e-52	4.16588e-51	1.18196e-49	3.24697e-48	8.62738e-47	2.21476e-45	5.48665e-44	1.31001e-42	3.01052e-41	6.64926e-40	1.40926e-38	2.86127e-37	5.55495e-36	1.02917e-34	1.81566e-33	3.04293e-32	4.83195e-31	7.24898e-30	1.02417e-28	1.3579e-27	1.68287e-26	1.94087e-25	2.07269e-24	2.03806e-23	1.83339e-22	1.49788e-21	1.1022e-20	7.23549e-20	4.19176e-19	2.11702e-18	9.19314e-18	3.37882e-17	1.03087e-16	2.53737e-16	4.78444e-16	6.24256e-16	4.78445e-16	2.53738e-16	1.03087e-16	3.37882e-17	9.19314e-18	2.11703e-18	4.19177e-19	7.23552e-20	1.1022e-20	1.49767e-21	1.82104e-22	1.4766e-23	-1.86716e-23	-5.93941e-23	-1.23951e-22	-1.66844e-22	-1.24e-22	-5.96176e-23	-2.07591e-23	-5.62037e-24	-1.23994e-24	-2.30328e-25	-3.68995e-26	-5.19223e-27	-6.50979e-28	-7.35637e-29	-7.56397e-30	-7.13269e-31	-6.20981e-32	-5.02013e-33	-3.78723e-34	-2.67786e-35	-1.78147e-36	-1.11886e-37	-6.65427e-39	-3.75791e-40	-2.02041e-41	-1.08692e-42	-1.08692e-42	
2.66839e-57	2.66839e-57	8.51789e-56	2.72222e-54	8.4537e-53	2.5488e-51	7.45441e-50	2.11291e-48	5.79846e-47	1.53907e-45	3.94676e-44	9.76655e-43	2.32923e-41	5.34646e-40	1.17942e-38	2.49652e-37	5.06209e-36	9.81416e-35	1.81566e-33	3.19837e-32	5.35176e-31	8.48399e-30	1.27052e-28	1.79166e-27	2.37068e-26	2.93164e-25	3.3731e-24	3.59293e-23	3.52288e-22	3.15913e-21	2.5719e-20	1.88492e-19	1.2317e-18	7.09789e-18	3.56275e-17	1.53618e-16	5.6013e-16	1.69465e-15	4.13854e-15	7.75809e-15	1.00984e-14	7.75809e-15	4.13854e-15	1.69465e-15	5.60131e-16	1.53619e-16	3.56276e-17	7.09792e-18	1.23171e-18	1.88494e-19	2.57146e-20	3.13332e-21	2.35048e-22	-3.96684e-22	-1.23773e-21	-2.57879e-21	-3.46877e-21	-2.57988e-21	-1.24184e-21	-4.32981e-22	-1.17383e-22	-2.59306e-23	-4.82292e-24	-7.73604e-25	-1.08985e-25	-1.36796e-26	-1.54756e-27	-1.59291e-28	-1.50362e-29	-1.31035e-30	-1.06032e-31	-8.00652e-33	-5.66625e-34	-3.77277e-35	-2.37148e-36	-1.41155e-37	-7.97784e-39	-4.29253e-40	-2.31105e-41	-2.31105e-41	
4.5612e-56	4.5612e-56	1.45462e-54	4.6444e-53	1.4409e-51	4.34004e-50	1.26804e-48	3.59045e-47	9.84279e-46	2.6097e-44	6.68469e-43	1.65226e-41	3.93577e-40	9.02289e-39	1.98788e-37	4.20222e-36	8.50886e-35	1.64728e-33	3.04293e-32	5.35176e-31	8.94004e-30	1.41474e-28	2.11469e-27	2.97615e-26	3.92958e-25	4.84823e-24	5.56442e-23	5.91095e-22	5.77836e-21	5.16449e-20	4.18879e-19	3.05694e-18	1.98786e-17	1.1391e-16	5.68038e-16	2.4308e-15	8.78796e-15	2.63475e-14	6.37963e-14	1.18831e-13	1.54272e-13	1.18831e-13	6.37963e-14	2.63476e-14	8.78797e-15	2.4308e-15	5.6804e-16	1.13911e-16	1.98788e-17	3.05697e-18	4.18794e-19	5.11288e-20	3.43538e-21	-8.04292e-21	-2.46808e-20	-5.1337e-20	-6.90034e-20	-5.13606e-20	-2.47537e-20	-8.64273e-21	-2.34639e-21	-5.1905e-22	-9.66698e-23	-1.5526e-23	-2.19001e-24	-2.75215e-25	-3.11704e-26	-3.21193e-27	-3.03509e-28	-2.64769e-29	-2.14458e-30	-1.62092e-31	-1.14819e-32	-7.6518e-34	-4.8139e-35	-2.86773e-36	-1.6221e-37	-8.73473e-39	-4.70646e-40	-4.70646e-40	
7.39494e-55	7.39494e-55	2.35597e-53	7.51484e-52	2.32907e-50	7.00796e-49	2.04535e-47	5.7851e-46	1.58415e-44	4.19534e-43	1.07336e-41	2.64978e-40	6.30397e-39	1.44332e-37	3.17556e-36	6.70347e-35	1.35537e-33	2.61993e-32	4.83195e-31	8.48399e-30	1.41474e-28	2.23463e-27	3.33362e-26	4.68175e-25	6.16762e-24	7.59099e-23	8.68936e-22	9.2039e-21	8.96889e-20	7.98779e-19	6.45303e-18	4.68818e-17	3.03288e-16	1.72755e-15	8.5548e-15	3.63129e-14	1.30079e-13	3.8618e-13	9.26387e-13	1.71346e-12	2.21808e-12	1.71346e-12	9.26387e-13	3.8618e-13	1.30079e-13	3.6313e-14	8.55484e-15	1.72756e-15	3.03293e-16	4.68827e-17	6.45146e-18	7.88923e-19	4.49634e-20	-1.55379e-19	-4.69988e-19	-9.7596e-19	-1.3108e-18	-9.76459e-19	-4.71246e-19	-1.6478e-19	-4.48027e-20	-9.92548e-21	-1.85118e-21	-2.9772e-22	-4.20496e-23	-5.29091e-24	-5.99957e-25	-6.18931e-26	-5.855e-27	-5.11309e-28	-4.14576e-29	-3.13654e-30	-2.2239e-31	-1.48342e-32	-9.34082e-34	-5.5693e-35	-3.15286e-36	-1.69914e-37	-9.16287e-39	-9.16287e-39	
1.13404e-53	1.13404e-53	3.60915e-52	1.15001e-50	3.5604e-49	1.07012e-47	3.11975e-46	8.8138e-45	2.41065e-43	6.37644e-42	1.62934e-40	4.01715e-39	9.54426e-38	2.18219e-36	4.79433e-35	1.01056e-33	2.04008e-32	3.93712e-31	7.24898e-30	1.27052e-28	2.1147e-27	3.33363e-26	4.96268e-25	6.95402e-24	9.13908e-23	1.12191e-21	1.28064e-20	1.35231e-19	1.31333e-18	1.16527e-17	9.374e-17	6.7776e-16	4.36041e-15	2.46783e-14	1.21295e-13	5.10392e-13	1.81022e-12	5.31693e-12	1.26245e-11	2.31702e-11	2.98977e-11	2.31702e-11	1.26246e-11	5.31693e-12	1.81022e-12	5.10394e-13	1.21296e-13	2.46787e-14	4.36052e-15	6.77782e-16	9.37124e-17	1.14733e-17	4.99552e-19	-2.85488e-18	-8.52859e-18	-1.768e-17	-2.37261e-17	-1.76902e-17	-8.54971e-18	-2.99431e-18	-8.15439e-19	-1.80932e-19	-3.37959e-20	-5.44312e-21	-7.69834e-22	-9.69919e-23	-1.10121e-23	-1.1374e-24	-1.07721e-25	-9.41752e-27	-7.64397e-28	-5.78909e-29	-4.10869e-30	-2.74326e-31	-1.72897e-32	-1.03178e-33	-5.84612e-35	-3.15322e-36	-1.70187e-37	-1.70187e-37	
1.64002e-52	1.64002e-52	5.21367e-51	1.65942e-49	5.13171e-48	1.5406e-46	4.48604e-45	1.26583e-43	3.45782e-42	9.13452e-41	2.331e-39	5.73922e-38	1.36164e-36	3.10868e-35	6.81949e-34	1.43516e-32	2.89248e-31	5.57256e-30	1.02417e-28	1.79166e-27	2.97615e-26	4.68175e-25	6.95402e-24	9.72113e-23	1.2743e-21	1.56e-20	1.77537e-19	1.86858e-18	1.80815e-17	1.59784e-16	1.27957e-15	9.20392e-15	5.88635e-14	3.30855e-13	1.61308e-12	6.72385e-12	2.3591e-11	6.84828e-11	1.60778e-10	2.92547e-10	3.76135e-10	2.92547e-10	1.60778e-10	6.84829e-11	2.35911e-11	6.7239e-12	1.6131e-12	3.30863e-13	5.88659e-14	9.20442e-15	1.27911e-15	1.5668e-16	4.00147e-18	-4.97843e-17	-1.47132e-16	-3.04474e-16	-4.08234e-16	-3.04673e-16	-1.47477e-16	-5.1738e-17	-1.41139e-17	-3.13683e-18	-5.86854e-19	-9.46617e-20	-1.34077e-20	-1.69158e-21	-1.92309e-22	-1.9888e-23	-1.88582e-24	-1.65058e-25	-1.34122e-26	-1.01684e-27	-7.22425e-29	-4.82821e-30	-3.04593e-31	-1.81937e-32	-1.03178e-33	-5.56992e-35	-3.00885e-36	-3.00885e-36	
2.22926e-51	2.22926e-51	7.07843e-50	2.25028e-48	6.95053e-47	2.08405e-45	6.0608e-44	1.70796e-42	4.65932e-41	1.22916e-39	3.1322e-38	7.7006e-37	1.82422e-35	4.15825e-34	9.10713e-33	1.91335e-31	3.84948e-30	7.40267e-29	1.3579e-27	2.37069e-26	3.92958e-25	6.16763e-24	9.13908e-23	1.2743e-21	1.66582e-20	2.03326e-19	2.30651e-18	2.41905e-17	2.3317e-16	2.05156e-15	1.63489e-14	1.16944e-13	7.43135e-13	4.14588e-12	2.00368e-11	8.26659e-11	2.86624e-10	8.21353e-10	1.90423e-09	3.4316e-09	4.39427e-09	3.4316e-09	1.90423e-09	8.21356e-10	2.86626e-10	8.26668e-11	2.00373e-11	4.14603e-12	7.43182e-13	1.16955e-13	1.63418e-14	2.00061e-15	2.10655e-18	-8.22032e-16	-2.40682e-15	-4.97162e-15	-6.65952e-15	-4.97532e-15	-2.41234e-15	-8.47849e-16	-2.31712e-16	-5.15897e-17	-9.66805e-18	-1.56201e-18	-2.21579e-19	-2.79963e-20	-3.18721e-21	-3.30047e-22	-3.13353e-23	-2.74597e-24	-2.23389e-25	-1.6955e-26	-1.20587e-27	-8.06747e-29	-5.09448e-30	-3.0459e-31	-1.72895e-32	-9.34181e-34	-5.05097e-35	-5.05097e-35	
2.83763e-50	2.83763e-50	8.99869e-49	2.85712e-47	8.81347e-46	2.63913e-44	7.66464e-43	2.15691e-41	5.87562e-40	1.54774e-38	3.93803e-37	9.66655e-36	2.28623e-34	5.20262e-33	1.13746e-31	2.38539e-30	4.7901e-29	9.19331e-28	1.68287e-26	2.93164e-25	4.84824e-24	7.591e-23	1.12191e-21	1.56e-20	2.03326e-19	2.4738e-18	2.79648e-17	2.92172e-16	2.80435e-15	2.45583e-14	1.94669e-13	1.38408e-12	8.73409e-12	4.83316e-11	2.31358e-10	9.43808e-10	3.22997e-09	9.12384e-09	2.08573e-08	3.71796e-08	4.7391e-08	3.71796e-08	2.08574e-08	9.12388e-09	3.23e-09	9.43825e-10	2.31365e-10	4.83344e-11	8.73493e-12	1.38427e-12	1.94566e-13	2.37674e-14	-7.81965e-16	-1.28181e-14	-3.72255e-14	-7.67475e-14	-1.02698e-13	-7.68128e-14	-3.73112e-14	-1.31395e-14	-3.59801e-15	-8.02604e-16	-1.50683e-16	-2.43867e-17	-3.46501e-18	-4.38477e-19	-4.99912e-20	-5.18398e-21	-4.9283e-22	-4.32424e-23	-3.52209e-24	-2.67633e-25	-1.90556e-26	-1.27622e-27	-8.06739e-29	-4.82813e-30	-2.74321e-31	-1.48357e-32	-8.02889e-34	-8.02889e-34	
3.36863e-49	3.36863e-49	1.06679e-47	3.38249e-46	1.04195e-44	3.11559e-43	9.03508e-42	2.53874e-40	6.90504e-39	1.81601e-37	4.613e-36	1.13042e-34	2.66885e-33	6.06228e-32	1.3229e-30	2.76885e-29	5.54875e-28	1.06266e-26	1.94087e-25	3.37311e-24	5.56444e-23	8.68939e-22	1.28065e-20	1.77538e-19	2.30652e-18	2.79648e-17	3.14926e-16	3.27663e-15	3.13054e-14	2.72742e-13	2.14946e-12	1.51815e-11	9.50709e-11	5.21404e-10	2.46968e-09	9.94995e-09	3.35602e-08	9.3285e-08	2.09888e-07	3.69524e-07	4.6853e-07	3.69525e-07	2.09889e-07	9.32856e-08	3.35606e-08	9.95022e-09	2.46981e-09	5.2145e-10	9.5085e-11	1.51848e-11	2.14804e-12	2.61164e-13	-2.11731e-14	-1.88187e-13	-5.42631e-13	-1.11647e-12	-1.4923e-12	-1.11755e-12	-5.43915e-13	-1.91955e-13	-5.26755e-14	-1.17743e-14	-2.21482e-15	-3.59107e-16	-5.11125e-17	-6.47858e-18	-7.39776e-19	-7.68261e-20	-7.31389e-21	-6.42596e-22	-5.24059e-23	-3.98699e-24	-2.84205e-25	-1.90554e-26	-1.20584e-27	-7.22404e-29	-4.10856e-30	-2.22409e-31	-1.20481e-32	-1.20481e-32	
3.71247e-48	3.71247e-48	1.17393e-46	3.71666e-45	1.14315e-43	3.41287e-42	9.8814e-41	2.77199e-39	7.52675e-38	1.97608e-36	5.01063e-35	1.22559e-33	2.88801e-32	6.54711e-31	1.42576e-29	2.97776e-28	5.95408e-27	1.13762e-25	2.0727e-24	3.59294e-23	5.91097e-22	9.20394e-21	1.35232e-19	1.86859e-18	2.41906e-17	2.92173e-16	3.27664e-15	3.3936e-14	3.22591e-13	2.79464e-12	2.18838e-11	1.53437e-10	9.52753e-10	5.17358e-09	2.42186e-08	9.62196e-08	3.19275e-07	8.71422e-07	1.92536e-06	3.34159e-06	4.2109e-06	3.3416e-06	1.92537e-06	8.71432e-07	3.19282e-07	9.62236e-08	2.42204e-08	5.17426e-09	9.52963e-10	1.53486e-10	2.18654e-11	2.63536e-12	-3.98835e-13	-2.59248e-12	-7.42804e-12	-1.52501e-11	-2.03586e-11	-1.52669e-11	-7.44649e-12	-2.63411e-12	-7.24509e-13	-1.62303e-13	-3.0594e-14	-4.97022e-15	-7.08732e-16	-8.99894e-17	-1.02926e-17	-1.07056e-18	-1.02068e-19	-8.98022e-21	-7.33343e-22	-5.58629e-23	-3.98691e-24	-2.67624e-25	-1.69543e-26	-1.0168e-27	-5.78882e-29	-3.13677e-30	-1.70091e-31	-1.70091e-31	
3.77877e-47	3.77877e-47	1.19294e-45	3.77073e-44	1.15785e-42	3.45088e-41	9.97395e-40	2.79292e-38	7.56957e-37	1.98354e-35	5.01966e-34	1.22531e-32	2.88128e-31	6.51766e-30	1.41614e-28	2.95071e-27	5.88551e-26	1.12163e-24	2.03807e-23	3.5229e-22	5.7784e-21	8.96895e-20	1.31334e-18	1.80817e-17	2.33172e-16	2.80437e-15	3.13056e-14	3.22593e-13	3.04936e-12	2.62511e-11	2.04103e-10	1.41941e-09	8.73043e-09	4.6881e-08	2.16566e-07	8.46892e-07	2.75822e-06	7.37197e-06	1.59484e-05	2.722e-05	3.40526e-05	2.722e-05	1.59485e-05	7.37208e-06	2.7583e-06	8.46943e-07	2.1659e-07	4.689e-08	8.73324e-09	1.42008e-09	2.03874e-10	2.41994e-11	-6.23067e-12	-3.33823e-11	-9.51027e-11	-1.94792e-10	-2.5969e-10	-1.95033e-10	-9.53543e-11	-3.38168e-11	-9.32463e-12	-2.09389e-12	-3.95585e-13	-6.44017e-14	-9.20161e-15	-1.17053e-15	-1.34114e-16	-1.39725e-17	-1.33424e-18	-1.17563e-19	-9.61392e-21	-7.33323e-22	-5.24035e-23	-3.52189e-24	-2.23375e-25	-1.34114e-26	-7.64348e-28	-4.146e-29	-2.25048e-30	-2.25048e-30	
3.53185e-46	3.53185e-46	1.11299e-44	3.5117e-43	1.07634e-41	3.20189e-40	9.23642e-39	2.58126e-37	6.9816e-36	1.82561e-34	4.60996e-33	1.12277e-31	2.63403e-30	5.944e-29	1.28826e-27	2.67725e-26	5.32554e-25	1.01202e-23	1.83341e-22	3.15916e-21	5.16454e-20	7.98788e-19	1.16528e-17	1.59787e-16	2.05159e-15	2.45587e-14	2.72746e-13	2.79467e-12	2.62513e-11	2.244e-10	1.73077e-09	1.19258e-08	7.25674e-08	3.84749e-07	1.75052e-06	6.72165e-06	2.14224e-05	5.5868e-05	0.000117894	0.000197241	0.000244595	0.000197241	0.000117896	5.58692e-05	2.14234e-05	6.72222e-06	1.75079e-06	3.84853e-07	7.26004e-08	1.19338e-08	1.72801e-09	1.99759e-10	-8.4945e-11	-4.00011e-10	-1.13361e-09	-2.31592e-09	-3.08285e-09	-2.31914e-09	-1.13683e-09	-4.04304e-10	-1.11789e-10	-2.51683e-11	-4.76652e-12	-7.77765e-13	-1.11363e-13	-1.41946e-14	-1.6294e-15	-1.70056e-16	-1.62655e-17	-1.43544e-18	-1.17559e-19	-8.97965e-21	-6.42545e-22	-4.32385e-23	-2.74572e-24	-1.65043e-25	-9.4167e-27	-5.11329e-28	-2.77851e-29	-2.77851e-29	
3.01147e-45	3.01147e-45	9.47108e-44	2.98238e-42	9.12234e-41	2.70803e-39	7.79499e-38	2.17361e-36	5.86561e-35	1.53019e-33	3.85459e-32	9.36442e-31	2.19119e-29	4.93134e-28	1.06579e-26	2.20845e-25	4.3796e-24	8.29608e-23	1.4979e-21	2.57193e-20	4.18886e-19	6.45316e-18	9.3742e-17	1.2796e-15	1.63493e-14	1.94674e-13	2.14952e-12	2.18844e-11	2.04108e-10	1.7308e-09	1.32279e-08	9.01883e-08	5.4203e-07	2.83177e-06	1.26572e-05	4.75677e-05	0.00014775	0.000374144	0.000766122	0.00125085	0.00153439	0.00125085	0.000766132	0.000374154	0.000147758	4.75731e-05	1.26599e-05	2.83281e-06	5.42365e-07	9.02704e-08	1.31958e-08	1.45625e-09	-1.03062e-09	-4.43781e-09	-1.25142e-08	-2.54934e-08	-3.38781e-08	-2.55327e-08	-1.25525e-08	-4.47809e-09	-1.24193e-09	-2.80407e-10	-5.32466e-11	-8.70991e-12	-1.24998e-12	-1.59668e-13	-1.8365e-14	-1.9203e-15	-1.83996e-16	-1.62646e-17	-1.33412e-18	-1.02057e-19	-7.313e-21	-4.92767e-22	-3.13313e-23	-1.88559e-24	-1.07709e-25	-5.8551e-27	-3.18514e-28	-3.18514e-28	
2.32517e-44	2.32517e-44	7.2964e-43	2.29248e-41	6.99613e-40	2.07198e-38	5.94975e-37	1.65495e-35	4.45454e-34	1.15901e-32	2.91159e-31	7.05348e-30	1.64562e-28	3.69223e-27	7.95461e-26	1.64285e-24	3.24672e-23	6.12788e-22	1.10222e-20	1.88497e-19	3.05702e-18	4.68832e-17	6.77784e-16	9.20428e-15	1.1695e-13	1.38414e-12	1.51822e-11	1.53444e-10	1.41947e-09	1.19263e-08	9.01905e-08	6.07418e-07	3.59802e-06	1.8473e-05	8.08371e-05	0.000296002	0.000890882	0.00217521	0.00428961	0.00679086	0.00821498	0.0067909	0.00428968	0.00217529	0.000890946	0.000296044	8.08585e-05	1.84817e-05	3.6009e-06	6.08128e-07	8.9833e-08	9.10512e-09	-1.12104e-08	-4.53145e-08	-1.27167e-07	-2.58236e-07	-3.4251e-07	-2.58673e-07	-1.27585e-07	-4.56736e-08	-1.27093e-08	-2.87857e-09	-5.48207e-10	-8.99158e-11	-1.29363e-11	-1.65625e-12	-1.90913e-13	-2.00025e-14	-1.92017e-15	-1.70036e-16	-1.39705e-17	-1.07038e-18	-7.68126e-20	-5.18308e-21	-3.29992e-22	-1.98848e-23	-1.13724e-24	-6.18924e-26	-3.37082e-27	-3.37082e-27	
1.61194e-43	1.61194e-43	5.04569e-42	1.58138e-40	4.81366e-39	1.42186e-37	4.07183e-36	1.12943e-34	3.03123e-33	7.86321e-32	1.96924e-30	4.75529e-29	1.10574e-27	2.47234e-26	5.30724e-25	1.09197e-23	2.14953e-22	4.0403e-21	7.23571e-20	1.23175e-18	1.98795e-17	3.03304e-16	4.36066e-15	5.88675e-14	7.4319e-13	8.73479e-12	9.5079e-11	9.52836e-10	8.73117e-09	7.25732e-08	5.42065e-07	3.59816e-06	2.09482e-05	0.000105315	0.000449013	0.00159157	0.00460168	0.010719	0.0201267	0.0305935	0.0363275	0.0305937	0.0201271	0.0107195	0.00460207	0.00159183	0.000449155	0.000105375	2.09687e-05	3.60317e-06	5.38345e-07	4.60253e-08	-1.0945e-07	-4.22932e-07	-1.18112e-06	-2.38988e-06	-3.16285e-06	-2.39427e-06	-1.18528e-06	-4.25958e-07	-1.18972e-07	-2.704e-08	-5.16614e-09	-8.49842e-10	-1.226e-10	-1.57361e-11	-1.81808e-12	-1.90896e-13	-1.83622e-14	-1.62908e-15	-1.34084e-16	-1.02902e-17	-7.39601e-19	-4.99797e-20	-3.18652e-21	-1.92271e-22	-1.10101e-23	-5.99933e-25	-3.27133e-26	-3.27133e-26	
9.93566e-43	9.93566e-43	3.10145e-41	9.69335e-40	2.94217e-38	8.66493e-37	2.47383e-35	6.84014e-34	1.8298e-32	4.73056e-31	1.18055e-29	2.84037e-28	6.57961e-27	1.46533e-25	3.13256e-24	6.41744e-23	1.25755e-21	2.35249e-20	4.19196e-19	7.0983e-18	1.13918e-16	1.72769e-15	2.46807e-14	3.30892e-13	4.14639e-12	4.83381e-11	5.21479e-10	5.17434e-09	4.68879e-08	3.84804e-07	2.83214e-06	1.84749e-05	0.000105321	0.000515886	0.00212818	0.00723121	0.0198186	0.0433204	0.0761087	0.109465	0.126716	0.109466	0.0761102	0.0433222	0.0198204	0.00723252	0.00212892	0.000516214	0.000105438	1.85023e-05	2.79693e-06	1.57955e-07	-9.56461e-07	-3.57852e-06	-9.94315e-06	-2.00368e-05	-2.64501e-05	-2.00762e-05	-9.98025e-06	-3.6024e-06	-1.01038e-06	-2.30531e-07	-4.42007e-08	-7.29474e-09	-1.05549e-09	-1.35845e-10	-1.57344e-11	-1.65594e-12	-1.59627e-13	-1.41905e-14	-1.17016e-15	-8.99613e-17	-6.47662e-18	-4.3835e-19	-2.79888e-20	-1.69116e-21	-9.69707e-23	-5.29053e-24	-2.88846e-25	-2.88846e-25	
5.38188e-42	5.38188e-42	1.67491e-40	5.21888e-39	1.57907e-37	4.6353e-36	1.31889e-34	3.63389e-33	9.68545e-32	2.49444e-30	6.20042e-29	1.48565e-27	3.42662e-26	7.59697e-25	1.61642e-23	3.29506e-22	6.42342e-21	1.19504e-19	2.11716e-18	3.56306e-17	5.681e-16	8.55594e-15	1.21314e-13	1.61338e-12	2.00409e-11	2.31409e-10	2.47027e-09	2.42246e-08	2.1662e-07	1.75094e-06	1.26601e-05	8.08528e-05	0.00044908	0.00212836	0.00841031	0.0269927	0.0687092	0.137524	0.22072	0.294871	0.330072	0.294873	0.220724	0.137529	0.068715	0.0269973	0.00841319	0.00212972	0.000449588	8.09565e-05	1.23647e-05	8.65021e-09	-7.43646e-06	-2.71807e-05	-7.51124e-05	-0.000150648	-0.000198278	-0.000150961	-7.54061e-05	-2.73542e-05	-7.70851e-06	-1.76644e-06	-3.40028e-07	-5.63188e-08	-8.17548e-09	-1.05535e-09	-1.22572e-10	-1.29323e-11	-1.24953e-12	-1.11319e-13	-9.19793e-15	-7.08454e-16	-5.10934e-17	-3.4638e-18	-2.21508e-19	-1.34038e-20	-7.69637e-22	-4.20452e-23	-2.29855e-24	-2.29855e-24	
2.52451e-41	2.52451e-41	7.83226e-40	2.43277e-38	7.33645e-37	2.14612e-35	6.08426e-34	1.67002e-32	4.43344e-31	1.13706e-29	2.81408e-28	6.71185e-27	1.54066e-25	3.3985e-24	7.19272e-23	1.45805e-21	2.82557e-20	5.22402e-19	9.19373e-18	1.53636e-16	2.43119e-15	3.63204e-14	5.1052e-13	6.72583e-12	8.26935e-11	9.44154e-10	9.95383e-09	9.62584e-08	8.47234e-07	6.72428e-06	4.75851e-05	0.000296098	0.001592	0.00723265	0.0269956	0.0801542	0.184352	0.328257	0.470702	0.576714	0.621598	0.576718	0.47071	0.328268	0.184364	0.0801655	0.0270033	0.00723663	0.00159357	0.000296252	4.54321e-05	-5.15706e-06	-5.09745e-05	-0.00018312	-0.000502991	-0.00100327	-0.00131586	-0.00100543	-0.000505023	-0.000184256	-5.22044e-05	-1.20217e-05	-2.32435e-06	-3.86519e-07	-5.63111e-08	-7.29284e-09	-8.49537e-10	-8.98772e-11	-8.7058e-12	-7.77385e-13	-6.43703e-14	-4.96789e-15	-3.58949e-16	-2.43768e-17	-1.56144e-18	-9.46307e-20	-5.44154e-21	-2.97682e-22	-1.62961e-23	-1.62961e-23	
1.00406e-40	1.00406e-40	3.10704e-39	9.6242e-38	2.89369e-36	8.43765e-35	2.38381e-33	6.51889e-32	1.72376e-30	4.4024e-29	1.08466e-27	2.57473e-26	5.88029e-25	1.29017e-23	2.71502e-22	5.47036e-21	1.05328e-19	1.93398e-18	3.37864e-17	5.60168e-16	8.78952e-15	1.30116e-13	1.81089e-12	2.36018e-11	2.86776e-10	3.23187e-09	3.35812e-08	3.19481e-07	2.75998e-06	2.14355e-05	0.000147833	0.000891332	0.00460367	0.0198255	0.0687258	0.184374	0.373373	0.581628	0.744293	0.842832	0.879415	0.842839	0.744307	0.581645	0.373391	0.18439	0.0687377	0.0198324	0.0046065	0.000890192	0.000134417	-4.94407e-05	-0.000304182	-0.00107813	-0.00294111	-0.00582832	-0.00761235	-0.00584115	-0.0029532	-0.00108467	-0.00030922	-7.16055e-05	-1.39137e-05	-2.32405e-06	-3.3994e-07	-4.4184e-08	-5.16371e-09	-5.47916e-10	-5.32166e-11	-4.7638e-12	-3.95365e-13	-3.05778e-14	-2.21373e-15	-1.50615e-16	-9.66417e-18	-5.86645e-19	-3.37853e-20	-1.85091e-21	-1.01469e-22	-1.01469e-22	
3.25437e-40	3.25437e-40	1.00735e-38	3.1194e-37	9.37133e-36	2.72894e-34	7.69588e-33	2.09978e-31	5.53724e-30	1.40972e-28	3.46078e-27	8.18197e-26	1.86029e-24	4.06154e-23	8.50115e-22	1.70283e-20	3.25785e-19	5.94065e-18	1.03006e-16	1.69395e-15	2.63451e-14	3.8625e-13	5.31915e-12	6.8525e-11	8.21991e-10	9.13201e-09	9.33753e-08	8.72289e-07	7.37916e-06	5.59194e-05	0.000374457	0.00217682	0.0107259	0.0433432	0.137579	0.328344	0.581705	0.802806	0.940595	1.00889	1.03078	1.0089	0.940617	0.802832	0.581723	0.328352	0.137582	0.0433454	0.0107258	0.0021658	0.000303964	-0.000307126	-0.00155342	-0.00544358	-0.0147322	-0.0289689	-0.0376454	-0.0290329	-0.0147928	-0.0054758	-0.00157226	-0.000366411	-7.15996e-05	-1.20192e-05	-1.76585e-06	-2.30427e-07	-2.70256e-08	-2.87689e-09	-2.80237e-10	-2.5153e-11	-2.09266e-12	-1.62213e-13	-1.17683e-14	-8.02235e-16	-5.15686e-17	-3.13569e-18	-1.80875e-19	-9.92401e-21	-5.44854e-22	-5.44854e-22	
7.61628e-40	7.61628e-40	2.39635e-38	7.51894e-37	2.28352e-35	6.70858e-34	1.90521e-32	5.22643e-31	1.38369e-29	3.532e-28	8.68327e-27	2.05357e-25	4.66588e-24	1.01702e-22	2.12331e-21	4.23865e-20	8.07503e-19	1.46502e-17	2.52528e-16	4.12488e-15	6.36624e-14	9.25349e-13	1.26204e-11	1.60826e-10	1.90571e-09	2.08806e-08	2.10167e-07	1.92809e-06	1.59707e-05	0.000118048	0.000767011	0.00429393	0.0201441	0.076164	0.220849	0.470907	0.744512	0.940746	1.04257	1.08498	1.09667	1.08499	1.0426	0.940783	0.744532	0.470894	0.220819	0.0761395	0.0201251	0.00423845	0.000459991	-0.00144088	-0.00663416	-0.0230015	-0.0616716	-0.120142	-0.155164	-0.120403	-0.0619205	-0.0231331	-0.0066976	-0.00157228	-0.0003092	-5.21945e-05	-7.70609e-06	-1.00995e-06	-1.18912e-07	-1.27023e-08	-1.24122e-09	-1.11726e-10	-9.3195e-12	-7.24136e-13	-5.26506e-14	-3.59648e-15	-2.31625e-16	-1.41092e-17	-8.15204e-19	-4.47972e-20	-2.46325e-21	-2.46325e-21	
3.45468e-40	3.45468e-40	1.66714e-38	6.72257e-37	2.42594e-35	8.0848e-34	2.52656e-32	7.46551e-31	2.09568e-29	5.60437e-28	1.42995e-26	3.48342e-25	8.1025e-24	1.79887e-22	3.80909e-21	7.68446e-20	1.47493e-18	2.68882e-17	4.64631e-16	7.59271e-15	1.17018e-13	1.69556e-12	2.30151e-11	2.91431e-10	3.42587e-09	3.7174e-08	3.69834e-07	3.34622e-06	2.72631e-05	0.000197545	0.00125255	0.00679864	0.030623	0.109557	0.295084	0.577066	0.843253	1.00927	1.08523	1.11297	1.11968	1.11299	1.08527	1.00932	0.843276	0.577025	0.294996	0.109476	0.030553	0.00659918	0.000172825	-0.00523602	-0.0229538	-0.0787204	-0.208759	-0.402129	-0.515425	-0.402968	-0.209569	-0.0791496	-0.0231374	-0.00547692	-0.00108481	-0.000184257	-2.73509e-05	-3.60156e-06	-4.25822e-07	-4.56564e-08	-4.47627e-09	-4.04137e-10	-3.38031e-11	-2.6331e-12	-1.91887e-13	-1.31353e-14	-8.47609e-16	-5.17252e-17	-2.99366e-18	-1.6477e-19	-9.07428e-21	-9.07428e-21	
-1.1738e-38	-1.1738e-38	-2.99876e-37	-7.61933e-36	-1.85146e-34	-4.28176e-33	-9.35976e-32	-1.91378e-30	-3.59591e-29	-5.99695e-28	-8.13578e-27	-6.09904e-26	1.11201e-24	6.94853e-23	2.22961e-21	5.7208e-20	1.28515e-18	2.61343e-17	4.884e-16	8.44898e-15	1.35737e-13	2.02674e-12	2.81006e-11	3.60977e-10	4.2815e-09	4.66705e-08	4.64751e-07	4.19608e-06	3.40213e-05	0.000244674	0.0015355	0.00822088	0.0363503	0.126792	0.330283	0.622021	0.880035	1.03147	1.09729	1.12007	1.12526	1.12009	1.09734	1.03153	0.880054	0.621948	0.330134	0.126647	0.0361958	0.00768626	-0.00140501	-0.0144491	-0.0615341	-0.208596	-0.546206	-1.03822	-1.31857	-1.04026	-0.548203	-0.209661	-0.0619597	-0.0148025	-0.00295491	-0.000505254	-7.54303e-05	-9.98219e-06	-1.18538e-06	-1.27586e-07	-1.25519e-08	-1.13673e-09	-9.53436e-11	-7.44559e-12	-5.43849e-13	-3.73069e-14	-2.41209e-15	-1.47464e-16	-8.54901e-18	-4.71272e-19	-2.5994e-20	-2.5994e-20	
