8.9913e-75	8.9913e-75	2.2337e-73	5.60132e-72	1.36541e-70	3.23279e-69	7.42787e-68	1.65478e-66	3.57101e-65	7.45736e-64	1.50542e-62	2.9344e-61	5.51618e-60	9.98746e-59	1.73926e-57	2.90884e-56	4.66469e-55	7.16012e-54	1.05002e-52	1.46817e-51	1.95295e-50	2.46547e-49	2.94614e-48	3.32276e-47	3.52577e-46	3.50749e-45	3.25865e-44	2.81515e-43	2.25061e-42	1.65614e-41	1.11498e-40	6.8209e-40	3.7622e-39	1.85422e-38	8.07942e-38	3.07214e-37	1.00239e-36	2.74247e-36	6.08375e-36	1.04048e-35	1.27554e-35	1.04048e-35	6.08375e-36	2.74247e-36	1.00239e-36	3.07214e-37	8.07942e-38	1.85422e-38	3.7622e-39	6.8209e-40	1.11498e-40	1.65614e-41	2.25061e-42	2.81515e-43	3.25865e-44	3.5075e-45	3.52578e-46	3.32277e-47	2.94615e-48	2.46548e-49	1.95297e-50	1.46818e-51	1.05004e-52	7.16023e-54	4.66477e-55	2.9089e-56	1.73931e-57	9.98776e-59	5.51638e-60	2.93452e-61	1.5055e-62	7.45777e-64	3.57123e-65	1.65489e-66	7.42846e-68	3.23307e-69	1.36555e-70	5.60225e-72	2.3205e-73	2.3205e-73	
8.9913e-75	8.9913e-75	2.2337e-73	5.60132e-72	1.36541e-70	3.23279e-69	7.42787e-68	1.65478e-66	3.57101e-65	7.45736e-64	1.50542e-62	2.9344e-61	5.51618e-60	9.98746e-59	1.73926e-57	2.90884e-56	4.66469e-55	7.16012e-54	1.05002e-52	1.46817e-51	1.95295e-50	2.46547e-49	2.94614e-48	3.32276e-47	3.52577e-46	3.50749e-45	3.25865e-44	2.81515e-43	2.25061e-42	1.65614e-41	1.11498e-40	6.8209e-40	3.7622e-39	1.85422e-38	8.07942e-38	3.07214e-37	1.00239e-36	2.74247e-36	6.08375e-36	1.04048e-35	1.27554e-35	1.04048e-35	6.08375e-36	2.74247e-36	1.00239e-36	3.07214e-37	8.07942e-38	1.85422e-38	3.7622e-39	6.8209e-40	1.11498e-40	1.65614e-41	2.25061e-42	2.81515e-43	3.25865e-44	3.5075e-45	3.52578e-46	3.32277e-47	2.94615e-48	2.46548e-49	1.95297e-50	1.46818e-51	1.05004e-52	7.16023e-54	4.66477e-55	2.9089e-56	1.73931e-57	9.98776e-59	5.51638e-60	2.93452e-61	1.5055e-62	7.45777e-64	3.57123e-65	1.65489e-66	7.42846e-68	3.23307e-69	1.36555e-70	5.60225e-72	2.3205e-73	2.3205e-73	
2.2337e-73	2.2337e-73	5.54599e-72	1.38995e-70	3.38629e-69	8.01277e-68	1.83996e-66	4.09654e-65	8.83481e-64	1.84379e-62	3.71962e-61	7.2454e-60	1.36106e-58	2.46252e-57	4.28514e-56	7.16116e-55	1.14746e-53	1.75983e-52	2.57851e-51	3.60203e-50	4.78678e-49	6.03682e-48	7.20599e-47	8.11783e-46	8.60324e-45	8.54733e-44	7.92959e-43	6.83976e-42	5.45888e-41	4.00951e-40	2.69383e-39	1.64423e-38	9.04647e-38	4.44646e-37	1.93179e-36	7.32293e-36	2.382e-35	6.49821e-35	1.43805e-34	2.45535e-34	3.00814e-34	2.45535e-34	1.43805e-34	6.49821e-35	2.382e-35	7.32293e-36	1.93179e-36	4.44646e-37	9.04647e-38	1.64423e-38	2.69383e-39	4.00951e-40	5.45888e-41	6.83977e-42	7.9296e-43	8.54735e-44	8.60327e-45	8.11787e-46	7.20603e-47	6.03687e-48	4.78683e-49	3.60207e-50	2.57855e-51	1.75986e-52	1.14748e-53	7.16136e-55	4.28528e-56	2.46262e-57	1.36112e-58	7.24578e-60	3.71984e-61	1.84392e-62	8.83549e-64	4.0969e-65	1.84014e-66	8.01363e-68	3.38669e-69	1.39021e-70	5.76175e-72	5.76175e-72	
5.60132e-72	5.60132e-72	1.38995e-70	3.48161e-69	8.47732e-68	2.00478e-66	4.60084e-65	1.02372e-63	2.20645e-62	4.60185e-61	9.2776e-60	1.80596e-58	3.39019e-57	6.12938e-56	1.06581e-54	1.77978e-53	2.84954e-52	4.36665e-51	6.39251e-50	8.92188e-49	1.18451e-47	1.49233e-46	1.77946e-45	2.00235e-44	2.11951e-43	2.10298e-42	1.94824e-41	1.6779e-40	1.3369e-39	9.80133e-39	6.57173e-38	4.00217e-37	2.19652e-36	1.07669e-35	4.66405e-35	1.76259e-34	5.7156e-34	1.55471e-33	3.43217e-33	5.85032e-33	7.16285e-33	5.85032e-33	3.43217e-33	1.55471e-33	5.7156e-34	1.76259e-34	4.66405e-35	1.07669e-35	2.19652e-36	4.00217e-37	6.57173e-38	9.80134e-39	1.3369e-39	1.6779e-40	1.94824e-41	2.10299e-42	2.11952e-43	2.00237e-44	1.77947e-45	1.49235e-46	1.18452e-47	8.92202e-49	6.39264e-50	4.36676e-51	2.84962e-52	1.77984e-53	1.06586e-54	6.12968e-56	3.39038e-57	1.80608e-58	9.27829e-60	4.60224e-61	2.20666e-62	1.02383e-63	4.60138e-65	2.00504e-66	8.47855e-68	3.48236e-69	1.4441e-70	1.4441e-70	
1.36541e-70	1.36541e-70	3.38629e-69	8.47732e-68	2.06294e-66	4.87572e-65	1.11827e-63	2.48671e-62	5.35626e-61	1.1164e-59	2.24923e-58	4.37531e-57	8.20762e-56	1.48283e-54	2.57649e-53	4.29908e-52	6.87749e-51	1.05302e-49	1.54019e-48	2.14761e-47	2.84848e-46	3.58503e-45	4.27012e-44	4.79941e-43	5.07389e-42	5.02759e-41	4.6509e-40	3.99922e-39	3.18097e-38	2.32768e-37	1.55743e-36	9.46278e-36	5.18023e-35	2.53213e-34	1.09355e-33	4.11941e-33	1.33151e-32	3.61087e-32	7.95096e-32	1.3529e-31	1.65531e-31	1.3529e-31	7.95096e-32	3.61087e-32	1.33151e-32	4.11941e-33	1.09355e-33	2.53213e-34	5.18023e-35	9.46278e-36	1.55743e-36	2.32768e-37	3.18097e-38	3.99922e-39	4.65091e-40	5.02761e-41	5.07392e-42	4.79945e-43	4.27016e-44	3.58508e-45	2.84853e-46	2.14765e-47	1.54023e-48	1.05305e-49	6.87774e-51	4.29927e-52	2.57663e-53	1.48292e-54	8.20819e-56	4.37566e-57	2.24943e-58	1.11651e-59	5.35689e-61	2.48704e-62	1.11843e-63	4.8765e-65	2.0633e-66	8.47945e-68	3.51841e-69	3.51841e-69	
3.23279e-69	3.23279e-69	8.01277e-68	2.00478e-66	4.87572e-65	1.15167e-63	2.6398e-62	5.86645e-61	1.26279e-59	2.63027e-58	5.29564e-57	1.02941e-55	1.92967e-54	3.48365e-53	6.04833e-52	1.0084e-50	1.61185e-49	2.46578e-48	3.60328e-47	5.01957e-46	6.65104e-45	8.362e-44	9.94879e-43	1.11686e-41	1.17923e-40	1.16686e-39	1.07783e-38	9.25303e-38	7.3468e-37	5.36556e-36	3.58233e-35	2.1714e-34	1.18556e-33	5.77828e-33	2.48762e-32	9.33972e-32	3.0087e-31	8.13329e-31	1.78611e-30	3.03354e-30	3.70899e-30	3.03354e-30	1.78611e-30	8.13329e-31	3.0087e-31	9.33972e-32	2.48762e-32	5.77828e-33	1.18556e-33	2.1714e-34	3.58233e-35	5.36557e-36	7.34682e-37	9.25306e-38	1.07783e-38	1.16687e-39	1.17924e-40	1.11687e-41	9.94892e-43	8.36214e-44	6.65118e-45	5.0197e-46	3.6034e-47	2.46588e-48	1.61193e-49	1.00846e-50	6.04872e-52	3.48391e-53	1.92984e-54	1.02952e-55	5.29624e-57	2.63061e-58	1.26297e-59	5.86739e-61	2.64027e-62	1.1519e-63	4.87676e-65	2.00536e-66	8.32595e-68	8.32595e-68	
7.42787e-68	7.42787e-68	1.83996e-66	4.60084e-65	1.11827e-63	2.6398e-62	6.04698e-61	1.34296e-59	2.88889e-58	6.01321e-57	1.20982e-55	2.35007e-54	4.40203e-53	7.94093e-52	1.37762e-50	2.29493e-49	3.66514e-48	5.60186e-47	8.17846e-46	1.13819e-44	1.50658e-43	1.89209e-42	2.24854e-41	2.52114e-40	2.65843e-39	2.62683e-38	2.42269e-37	2.0764e-36	1.64563e-35	1.19944e-34	7.99031e-34	4.83135e-33	2.63068e-32	1.27831e-31	5.48531e-31	2.05232e-30	6.58812e-30	1.77501e-29	3.88702e-29	6.58888e-29	8.04998e-29	6.58888e-29	3.88702e-29	1.77501e-29	6.58812e-30	2.05232e-30	5.48531e-31	1.27831e-31	2.63068e-32	4.83136e-33	7.99032e-34	1.19944e-34	1.64564e-35	2.0764e-36	2.42271e-37	2.62685e-38	2.65846e-39	2.52118e-40	2.24858e-41	1.89213e-42	1.50662e-43	1.13823e-44	8.1788e-46	5.60214e-47	3.66536e-48	2.29509e-49	1.37773e-50	7.94169e-52	4.40251e-53	2.35036e-54	1.20999e-55	6.01417e-57	2.88941e-58	1.34323e-59	6.0483e-61	2.64043e-62	1.11857e-63	4.60242e-65	1.91203e-66	1.91203e-66	
1.65478e-66	1.65478e-66	4.09654e-65	1.02372e-63	2.48671e-62	5.86645e-61	1.34296e-59	2.98058e-58	6.4073e-57	1.33275e-55	2.67949e-54	5.20105e-53	9.73494e-52	1.75473e-50	3.04169e-49	5.06278e-48	8.07848e-47	1.2336e-45	1.79927e-44	2.50153e-43	3.30768e-42	4.14942e-41	4.92531e-40	5.51546e-39	5.80795e-38	5.73058e-37	5.27693e-36	4.5149e-35	3.57153e-34	2.59777e-33	1.7266e-32	1.04134e-31	5.65413e-31	2.73893e-30	1.1713e-29	4.36659e-29	1.39656e-28	3.74954e-28	8.1866e-28	1.38486e-27	1.69063e-27	1.38486e-27	8.1866e-28	3.74954e-28	1.39656e-28	4.36659e-29	1.1713e-29	2.73893e-30	5.65413e-31	1.04134e-31	1.7266e-32	2.59778e-33	3.57154e-34	4.51492e-35	5.27696e-36	5.73064e-37	5.80803e-38	5.51556e-39	4.92542e-40	4.14954e-41	3.3078e-42	2.50164e-43	1.79937e-44	1.23368e-45	8.07909e-47	5.06324e-48	3.04201e-49	1.75494e-50	9.73629e-52	5.20187e-53	2.67996e-54	1.33301e-55	6.40871e-57	2.98131e-58	1.34332e-59	5.86817e-61	2.48751e-62	1.02414e-63	4.25736e-65	4.25736e-65	
3.57101e-65	3.57101e-65	8.83481e-64	2.20645e-62	5.35626e-61	1.26279e-59	2.88889e-58	6.4073e-57	1.37641e-55	2.86095e-54	5.74772e-53	1.11482e-51	2.08502e-50	3.75523e-49	6.50396e-48	1.08162e-46	1.72435e-45	2.63063e-44	3.83315e-43	5.32373e-42	7.03172e-41	8.81104e-40	1.04458e-38	1.16823e-37	1.22847e-36	1.21029e-35	1.11267e-34	9.50312e-34	7.50294e-33	5.44565e-32	3.61089e-31	2.17207e-30	1.17591e-29	5.67787e-29	2.41956e-28	8.98608e-28	2.86293e-27	7.65829e-27	1.66686e-26	2.81357e-26	3.43194e-26	2.81357e-26	1.66686e-26	7.65829e-27	2.86293e-27	8.98609e-28	2.41956e-28	5.67787e-29	1.17592e-29	2.17207e-30	3.61089e-31	5.44567e-32	7.50297e-33	9.50318e-34	1.11268e-34	1.21031e-35	1.22849e-36	1.16825e-37	1.04461e-38	8.81136e-40	7.03204e-41	5.32403e-42	3.83342e-43	2.63085e-44	1.72451e-45	1.08175e-46	6.50482e-48	3.75581e-49	2.08538e-50	1.11504e-51	5.74899e-53	2.86166e-54	1.37679e-55	6.40923e-57	2.88985e-58	1.26324e-59	5.35837e-61	2.20751e-62	9.18259e-64	9.18259e-64	
7.45736e-64	7.45736e-64	1.84379e-62	4.60185e-61	1.1164e-59	2.63027e-58	6.01321e-57	1.33275e-55	2.86095e-54	5.9423e-53	1.19292e-51	2.31199e-50	4.32056e-49	7.77512e-48	1.34547e-46	2.23555e-45	3.56066e-44	5.42681e-43	7.89952e-42	1.09597e-40	1.44597e-39	1.80971e-38	2.14279e-37	2.39322e-36	2.51302e-35	2.472e-34	2.26882e-33	1.93422e-32	1.52406e-31	1.10373e-30	7.30069e-30	4.37966e-29	2.36388e-28	1.13756e-27	4.82974e-27	1.78667e-26	5.66925e-26	1.51065e-25	3.27714e-25	5.51896e-25	6.726e-25	5.51896e-25	3.27714e-25	1.51065e-25	5.66925e-26	1.78667e-26	4.82974e-27	1.13756e-27	2.36388e-28	4.37966e-29	7.30071e-30	1.10373e-30	1.52407e-31	1.93424e-32	2.26885e-33	2.47205e-34	2.51308e-35	2.39329e-36	2.14287e-37	1.8098e-38	1.44605e-39	1.09605e-40	7.90023e-42	5.42739e-43	3.5611e-44	2.23588e-45	1.3457e-46	7.77662e-48	4.32151e-49	2.31256e-50	1.19325e-51	5.94413e-53	2.86192e-54	1.33324e-55	6.01567e-57	2.63144e-58	1.11694e-59	4.60451e-61	1.91661e-62	1.91661e-62	
1.50542e-62	1.50542e-62	3.71962e-61	9.2776e-60	2.24923e-58	5.29564e-57	1.20982e-55	2.67949e-54	5.74772e-53	1.19292e-51	2.39295e-50	4.63402e-49	8.65275e-48	1.55579e-46	2.68988e-45	4.46523e-44	7.10515e-43	1.08182e-41	1.5731e-40	2.1801e-39	2.87299e-38	3.59133e-37	4.2468e-36	4.73657e-35	4.9663e-34	4.87746e-33	4.46881e-32	3.80259e-31	2.99004e-30	2.16045e-29	1.42543e-28	8.52698e-28	4.58789e-27	2.20009e-26	9.30505e-26	3.42803e-25	1.08312e-24	2.87437e-24	6.21374e-24	1.0439e-23	1.27102e-23	1.0439e-23	6.21374e-24	2.87437e-24	1.08312e-24	3.42803e-25	9.30505e-26	2.20009e-26	4.58789e-27	8.527e-28	1.42543e-28	2.16047e-29	2.99006e-30	3.80263e-31	4.46889e-32	4.87757e-33	4.96646e-34	4.73675e-35	4.24702e-36	3.59155e-37	2.87322e-38	2.18031e-39	1.57328e-40	1.08197e-41	7.10629e-43	4.46606e-44	2.69046e-45	1.55617e-46	8.65515e-48	4.63547e-49	2.39378e-50	1.19338e-51	5.75016e-53	2.68073e-54	1.21043e-55	5.29854e-57	2.25056e-58	9.28405e-60	3.86709e-61	3.86709e-61	
2.9344e-61	2.9344e-61	7.24541e-60	1.80596e-58	4.37531e-57	1.02941e-55	2.35007e-54	5.20105e-53	1.11482e-51	2.31199e-50	4.63402e-49	8.96654e-48	1.67283e-46	3.00513e-45	5.19098e-44	8.60891e-43	1.36851e-41	2.08152e-40	3.02353e-39	4.18545e-38	5.5091e-37	6.87785e-36	8.12227e-35	9.04602e-34	9.47024e-33	9.28545e-32	8.49227e-31	7.21211e-30	5.65886e-29	4.07914e-28	2.68428e-27	1.60104e-26	8.58614e-26	4.10242e-25	1.72811e-24	6.33893e-24	1.9939e-23	5.26858e-23	1.13473e-22	1.9014e-22	2.31279e-22	1.9014e-22	1.13473e-22	5.26858e-23	1.99391e-23	6.33893e-24	1.72811e-24	4.10243e-25	8.58616e-26	1.60105e-26	2.68429e-27	4.07917e-28	5.65892e-29	7.21223e-30	8.49246e-31	9.28574e-32	9.47063e-33	9.0465e-34	8.12282e-35	6.87843e-36	5.50967e-37	4.18598e-38	3.02398e-39	2.08189e-40	1.3688e-41	8.61098e-43	5.19241e-44	3.00607e-45	1.67342e-46	8.97007e-48	4.63605e-49	2.3131e-50	1.11541e-51	5.20405e-53	2.35154e-54	1.03011e-55	4.37849e-57	1.80748e-58	7.53399e-60	7.53399e-60	
5.51618e-60	5.51618e-60	1.36106e-58	3.39019e-57	8.20762e-56	1.92967e-54	4.40203e-53	9.73494e-52	2.08502e-50	4.32056e-49	8.65275e-48	1.67283e-46	3.11813e-45	5.59644e-44	9.658e-43	1.60015e-41	2.54106e-40	3.86087e-39	5.60186e-38	7.74552e-37	1.01824e-35	1.26957e-34	1.49719e-33	1.66499e-32	1.74031e-31	1.70343e-30	1.55503e-29	1.31794e-28	1.0318e-27	7.4194e-27	4.86901e-26	2.89529e-25	1.5474e-24	7.3653e-24	3.08953e-23	1.12813e-22	3.53181e-22	9.2897e-22	1.99292e-21	3.33021e-21	4.04646e-21	3.33021e-21	1.99292e-21	9.2897e-22	3.53181e-22	1.12813e-22	3.08954e-23	7.36532e-24	1.54741e-24	2.8953e-25	4.86904e-26	7.41948e-27	1.03182e-27	1.31797e-28	1.55508e-29	1.7035e-30	1.7404e-31	1.66511e-32	1.49732e-33	1.26971e-34	1.01838e-35	7.74681e-37	5.60297e-38	3.86176e-39	2.54175e-40	1.60064e-41	9.66141e-43	5.59867e-44	3.11953e-45	1.67366e-46	8.65751e-48	4.32317e-49	2.08639e-50	9.74192e-52	4.40544e-53	1.93128e-54	8.21497e-56	3.39364e-57	1.41557e-58	1.41557e-58	
9.98746e-59	9.98746e-59	2.46252e-57	6.12938e-56	1.48283e-54	3.48365e-53	7.94093e-52	1.75473e-50	3.75523e-49	7.77512e-48	1.55579e-46	3.00513e-45	5.59644e-44	1.0035e-42	1.7301e-41	2.86352e-40	4.54252e-39	6.89423e-38	9.99148e-37	1.37981e-35	1.8116e-34	2.25568e-33	2.65627e-32	2.94944e-31	3.07777e-30	3.00719e-29	2.73991e-28	2.31729e-27	1.80999e-26	1.29819e-25	8.4952e-25	5.03551e-24	2.68168e-23	1.27134e-22	5.30942e-22	1.92945e-21	6.01041e-21	1.57326e-20	3.36098e-20	5.59977e-20	6.79645e-20	5.59977e-20	3.36098e-20	1.57326e-20	6.01041e-21	1.92945e-21	5.30943e-22	1.27135e-22	2.68169e-23	5.03554e-24	8.49529e-25	1.29821e-25	1.81003e-26	2.31736e-27	2.74003e-28	3.00736e-29	3.078e-30	2.94972e-31	2.65659e-32	2.25602e-33	1.81193e-34	1.38011e-35	9.99407e-37	6.89631e-38	4.54411e-39	2.86467e-40	1.73088e-41	1.00402e-42	5.59962e-44	3.00703e-45	1.55687e-46	7.78102e-48	3.75834e-49	1.7563e-50	7.94858e-52	3.48725e-53	1.48447e-54	6.13696e-56	2.5618e-57	2.5618e-57	
1.73926e-57	1.73926e-57	4.28514e-56	1.06581e-54	2.57649e-53	6.04833e-52	1.37762e-50	3.04169e-49	6.50396e-48	1.34547e-46	2.68988e-45	5.19098e-44	9.658e-43	1.7301e-41	2.97975e-40	4.92666e-39	7.80676e-38	1.18348e-36	1.7131e-35	2.36278e-34	3.09804e-33	3.85201e-32	4.5293e-31	5.02115e-30	5.23062e-29	5.10122e-28	4.6385e-27	3.91443e-26	3.05012e-25	2.18183e-24	1.42353e-23	8.40998e-23	4.46211e-22	2.1066e-21	8.75687e-21	3.16622e-20	9.81107e-20	2.5549e-19	5.43366e-19	9.0246e-19	1.09399e-18	9.0246e-19	5.43366e-19	2.5549e-19	9.81108e-20	3.16623e-20	8.75689e-21	2.10661e-21	4.46214e-22	8.41007e-23	1.42356e-23	2.18188e-24	3.05022e-25	3.9146e-26	4.63877e-27	5.10163e-28	5.23116e-29	5.02181e-30	4.53004e-31	3.85279e-32	3.09879e-33	2.36346e-34	1.71368e-35	1.18395e-36	7.81032e-38	4.92921e-39	2.98149e-40	1.73123e-41	9.66502e-43	5.19514e-44	2.69224e-45	1.34676e-46	6.51069e-48	3.04508e-49	1.37927e-50	6.05608e-52	2.58001e-53	1.06742e-54	4.45929e-56	4.45929e-56	
2.90884e-56	2.90884e-56	7.16117e-55	1.77978e-53	4.29908e-52	1.0084e-50	2.29493e-49	5.06278e-48	1.08162e-46	2.23555e-45	4.46523e-44	8.60891e-43	1.60015e-41	2.86352e-40	4.92666e-39	8.1367e-38	1.28786e-36	1.95003e-35	2.81915e-34	3.88316e-33	5.08448e-32	6.31261e-31	7.41094e-30	8.20201e-29	8.52889e-28	8.30184e-27	7.53298e-26	6.34255e-25	4.92968e-24	3.51652e-23	2.28724e-22	1.34657e-21	7.11668e-21	3.34513e-20	1.38375e-19	4.97656e-19	1.53345e-18	3.97135e-18	8.40568e-18	1.39136e-17	1.68444e-17	1.39136e-17	8.40568e-18	3.97135e-18	1.53345e-18	4.97657e-19	1.38375e-19	3.34515e-20	7.11674e-21	1.34659e-21	2.28729e-22	3.51663e-23	4.9299e-24	6.34294e-25	7.5336e-26	8.30275e-27	8.5301e-28	8.20348e-29	7.41258e-30	6.31432e-31	5.08614e-32	3.88466e-33	2.82042e-34	1.95104e-35	1.28863e-36	8.14218e-38	4.93038e-39	2.86593e-40	1.60163e-41	8.61769e-43	4.47019e-44	2.23825e-45	1.08303e-46	5.06986e-48	2.29836e-49	1.01001e-50	4.30634e-52	1.78307e-53	7.45503e-55	7.45503e-55	
4.66469e-55	4.66469e-55	1.14746e-53	2.84954e-52	6.87749e-51	1.61185e-49	3.66514e-48	8.07848e-47	1.72435e-45	3.56066e-44	7.10515e-43	1.36851e-41	2.54107e-40	4.54252e-39	7.80676e-38	1.28786e-36	2.03598e-35	3.07895e-34	4.44541e-33	6.1148e-32	7.99491e-31	9.91079e-30	1.16162e-28	1.28337e-27	1.33202e-26	1.29394e-25	1.17154e-24	9.84039e-24	7.62822e-23	5.42562e-22	3.51752e-21	2.06333e-20	1.08601e-19	5.08115e-19	2.09104e-18	7.47787e-18	2.29047e-17	5.89713e-17	1.24176e-16	2.04797e-16	2.47588e-16	2.04797e-16	1.24177e-16	5.89713e-17	2.29047e-17	7.47789e-18	2.09105e-18	5.08119e-19	1.08602e-19	2.06338e-20	3.51763e-21	5.42587e-22	7.6287e-23	9.84124e-24	1.17167e-24	1.29414e-25	1.33228e-26	1.28369e-27	1.16197e-28	9.91442e-30	7.9984e-31	6.11795e-32	4.44806e-33	3.08106e-34	2.03757e-35	1.28899e-36	7.8144e-38	4.54744e-39	2.54409e-40	1.37029e-41	7.11517e-43	3.56608e-44	1.72717e-45	8.09262e-47	3.67198e-48	1.61505e-49	6.89189e-51	2.856e-52	1.1951e-53	1.1951e-53	
7.16012e-54	7.16012e-54	1.75983e-52	4.36666e-51	1.05302e-49	2.46578e-48	5.60186e-47	1.2336e-45	2.63063e-44	5.42681e-43	1.08182e-41	2.08152e-40	3.86087e-39	6.89423e-38	1.18348e-36	1.95003e-35	3.07895e-34	4.65012e-33	6.7047e-32	9.20928e-31	1.20226e-29	1.48797e-28	1.74102e-27	1.92e-26	1.98888e-25	1.92793e-24	1.74153e-23	1.45914e-22	1.12799e-21	7.99838e-21	5.16777e-20	3.01974e-19	1.58254e-18	7.36824e-18	3.01571e-17	1.072e-16	3.26267e-16	8.3474e-16	1.748e-15	2.87154e-15	3.46624e-15	2.87154e-15	1.748e-15	8.34741e-16	3.26268e-16	1.072e-16	3.01574e-17	7.36833e-18	1.58257e-18	3.01983e-19	5.168e-20	7.99889e-21	1.12809e-21	1.45932e-22	1.74182e-23	1.92834e-24	1.98941e-25	1.92064e-26	1.74174e-27	1.48871e-28	1.20296e-29	9.21561e-31	6.71002e-32	4.65433e-33	3.08209e-34	1.95226e-35	1.18498e-36	6.90386e-38	3.86676e-39	2.08498e-40	1.08376e-41	5.43727e-43	2.63606e-44	1.23631e-45	5.61492e-47	2.47186e-48	1.05575e-49	4.37884e-51	1.83394e-52	1.83394e-52	
1.05002e-52	1.05002e-52	2.57851e-51	6.39251e-50	1.54019e-48	3.60328e-47	8.17846e-46	1.79928e-44	3.83316e-43	7.89953e-42	1.5731e-40	3.02353e-39	5.60186e-38	9.99148e-37	1.7131e-35	2.81915e-34	4.44541e-33	6.7047e-32	9.65321e-31	1.32392e-29	1.7256e-28	2.13208e-27	2.4902e-26	2.74092e-25	2.83339e-24	2.74046e-23	2.46952e-22	2.06361e-21	1.59064e-20	1.12426e-19	7.23772e-19	4.21219e-18	2.19739e-17	1.01782e-16	4.14168e-16	1.46283e-15	4.42194e-15	1.12369e-14	2.33901e-14	3.82605e-14	4.61079e-14	3.82605e-14	2.33901e-14	1.12369e-14	4.42195e-15	1.46284e-15	4.14172e-16	1.01784e-16	2.19745e-17	4.21238e-18	7.23818e-19	1.12436e-19	1.59085e-20	2.06397e-21	2.47009e-22	2.74127e-23	2.83446e-24	2.74219e-25	2.49161e-26	2.13352e-27	1.72698e-28	1.32514e-29	9.66341e-31	6.71274e-32	4.45138e-33	2.82336e-34	1.71592e-35	1.00095e-36	5.61286e-38	3.02995e-39	1.57669e-40	7.91882e-42	3.84313e-43	1.80424e-44	8.20233e-46	3.61436e-47	1.54516e-48	6.41451e-50	2.68898e-51	2.68898e-51	
1.46817e-51	1.46817e-51	3.60203e-50	8.92188e-49	2.14761e-47	5.01957e-46	1.13819e-44	2.50153e-43	5.32373e-42	1.09597e-40	2.1801e-39	4.18545e-38	7.74553e-37	1.37981e-35	2.36278e-34	3.88317e-33	6.11481e-32	9.20929e-31	1.32392e-29	1.81285e-28	2.35891e-27	2.90939e-26	3.39164e-25	3.72556e-24	3.84289e-23	3.70812e-22	3.33299e-21	2.77738e-20	2.13425e-19	1.50333e-18	9.64127e-18	5.58698e-17	2.90048e-16	1.33613e-15	5.40338e-15	1.89542e-14	5.68775e-14	1.4348e-13	2.96724e-13	4.83118e-13	5.81155e-13	4.83118e-13	2.96725e-13	1.43481e-13	5.68778e-14	1.89544e-14	5.40347e-15	1.33616e-15	2.9006e-16	5.58734e-17	9.64217e-18	1.50353e-18	2.13464e-19	2.77807e-20	3.33407e-21	3.70967e-22	3.84491e-23	3.72797e-24	3.39428e-25	2.91207e-26	2.36146e-27	1.8151e-28	1.32579e-29	9.22393e-31	6.12564e-32	3.89077e-33	2.36785e-34	1.38304e-35	7.76512e-37	4.19684e-38	2.18645e-39	1.09937e-40	5.34123e-42	2.51022e-43	1.14235e-44	5.03883e-46	2.15623e-47	8.9598e-49	3.75959e-50	3.75959e-50	
1.95295e-50	1.95295e-50	4.78678e-49	1.18451e-47	2.84848e-46	6.65104e-45	1.50658e-43	3.30768e-42	7.03173e-41	1.44597e-39	2.87299e-38	5.50911e-37	1.01825e-35	1.81161e-34	3.09804e-33	5.08449e-32	7.99492e-31	1.20226e-29	1.72561e-28	2.35892e-27	3.06402e-26	3.77194e-25	4.38837e-24	4.81011e-23	4.95018e-22	4.7647e-21	4.27111e-20	3.5486e-19	2.71799e-18	1.90759e-17	1.21844e-16	7.02858e-16	3.63008e-15	1.66246e-14	6.67869e-14	2.32559e-13	6.92363e-13	1.73275e-12	3.5581e-12	5.7638e-12	6.91969e-12	5.76381e-12	3.55811e-12	1.73276e-12	6.92369e-13	2.32563e-13	6.67886e-14	1.66252e-14	3.63031e-15	7.02923e-16	1.21861e-16	1.90796e-17	2.71871e-18	3.54986e-19	4.27309e-20	4.76751e-21	4.95382e-22	4.81442e-23	4.39308e-24	3.7767e-25	3.06851e-26	2.36286e-27	1.72887e-28	1.2048e-29	8.01363e-31	5.09756e-32	3.10672e-33	1.8171e-34	1.02157e-35	5.52834e-37	2.88367e-38	1.45166e-39	7.06098e-41	3.32216e-42	1.51349e-43	6.68294e-45	2.86272e-46	1.19074e-47	5.00148e-49	5.00148e-49	
2.46547e-49	2.46547e-49	6.03682e-48	1.49233e-46	3.58503e-45	8.36201e-44	1.89209e-42	4.14943e-41	8.81105e-40	1.80971e-38	3.59133e-37	6.87786e-36	1.26957e-34	2.25568e-33	3.85202e-32	6.31262e-31	9.9108e-30	1.48797e-28	2.13208e-27	2.90939e-26	3.77194e-25	4.63416e-24	5.38005e-23	5.8837e-22	6.04023e-21	5.79855e-20	5.18292e-19	4.29262e-18	3.27646e-17	2.29069e-16	1.45683e-15	8.36289e-15	4.29543e-14	1.95484e-13	7.79763e-13	2.69373e-12	7.9512e-12	1.97277e-11	4.01963e-11	6.47512e-11	7.75667e-11	6.47513e-11	4.01965e-11	1.97278e-11	7.9513e-12	2.69379e-12	7.79791e-13	1.95496e-13	4.29581e-14	8.36403e-15	1.45712e-15	2.29133e-16	3.27771e-17	4.2948e-18	5.18634e-19	5.80338e-20	6.04646e-21	5.89103e-22	5.38802e-23	4.64217e-24	3.77945e-25	2.91597e-26	2.13749e-27	1.49216e-28	9.9415e-30	6.33395e-31	3.86612e-32	2.26457e-33	1.27492e-34	6.9087e-36	3.60839e-37	1.81878e-38	8.85747e-40	4.17233e-41	1.90299e-42	8.41218e-44	3.60738e-45	1.50206e-46	6.31588e-48	6.31588e-48	
2.94614e-48	2.94614e-48	7.20599e-47	1.77946e-45	4.27013e-44	9.9488e-43	2.24855e-41	4.92532e-40	1.04459e-38	2.1428e-37	4.24681e-36	8.12229e-35	1.49719e-33	2.65627e-32	4.52931e-31	7.41095e-30	1.16162e-28	1.74103e-27	2.49021e-26	3.39165e-25	4.38838e-24	5.38006e-23	6.23188e-22	6.79875e-21	6.96144e-20	6.66405e-19	5.93826e-18	4.90167e-17	3.72746e-16	2.59525e-15	1.6429e-14	9.38184e-14	4.79026e-13	2.16534e-12	8.57113e-12	2.93554e-11	8.58441e-11	2.10977e-10	4.26218e-10	6.82348e-10	8.15417e-10	6.82349e-10	4.2622e-10	2.10979e-10	8.58457e-11	2.93564e-11	8.57159e-12	2.16553e-12	4.7909e-13	9.3837e-14	1.64337e-14	2.5963e-15	3.7295e-16	4.90523e-17	5.94382e-18	6.6719e-19	6.97149e-20	6.81054e-21	6.24462e-22	5.39282e-23	4.40027e-24	3.40201e-25	2.49868e-26	1.74756e-27	1.16639e-28	7.44391e-30	4.55099e-31	2.66988e-32	1.50535e-33	8.16913e-35	4.27263e-36	2.15647e-37	1.05156e-38	4.95962e-40	2.26483e-41	1.00235e-42	4.30332e-44	1.79385e-45	7.55135e-47	7.55135e-47	
3.32276e-47	3.32276e-47	8.11784e-46	2.00236e-44	4.79942e-43	1.11686e-41	2.52115e-40	5.51548e-39	1.16823e-37	2.39322e-36	4.73658e-35	9.04604e-34	1.665e-32	2.94945e-31	5.02117e-30	8.20204e-29	1.28338e-27	1.92001e-26	2.74093e-25	3.72558e-24	4.81013e-23	5.88372e-22	6.79876e-21	7.39796e-20	7.55383e-19	7.20927e-18	6.40294e-17	5.26615e-16	3.98866e-15	2.76479e-14	1.74152e-13	9.88903e-13	5.01692e-12	2.25123e-11	8.83695e-11	2.99826e-10	8.67849e-10	2.11071e-09	4.22384e-09	6.71567e-09	8.00361e-09	6.71569e-09	4.22387e-09	2.11074e-09	8.67873e-10	2.99841e-10	8.83765e-11	2.25151e-11	5.01788e-12	9.89187e-13	1.74224e-13	2.76639e-14	3.99179e-15	5.2716e-16	6.41144e-17	7.22122e-18	7.56909e-19	7.41579e-20	6.81795e-21	5.90283e-22	4.82786e-23	3.74096e-24	2.75345e-25	1.92962e-26	1.29035e-27	8.25008e-29	5.05263e-30	2.9691e-31	1.67674e-32	9.11319e-34	4.77345e-35	2.41269e-36	1.17813e-37	5.56399e-39	2.54412e-40	1.12738e-41	4.846e-43	2.02248e-44	8.52402e-46	8.52402e-46	
3.52578e-46	3.52578e-46	8.60326e-45	2.11951e-43	5.0739e-42	1.17923e-40	2.65844e-39	5.80797e-38	1.22847e-36	2.51303e-35	4.96632e-34	9.47028e-33	1.74032e-31	3.07778e-30	5.23065e-29	8.52894e-28	1.33203e-26	1.98889e-25	2.83341e-24	3.84292e-23	4.95021e-22	6.04027e-21	6.96148e-20	7.55385e-19	7.6898e-18	7.31511e-17	6.47386e-16	5.30372e-15	3.99979e-14	2.75919e-13	1.72861e-12	9.75581e-12	4.91488e-11	2.18787e-10	8.51005e-10	2.85767e-09	8.17849e-09	1.96613e-08	3.89307e-08	6.14208e-08	7.29771e-08	6.1421e-08	3.89311e-08	1.96618e-08	8.17881e-09	2.85787e-09	8.51102e-10	2.18827e-10	4.91624e-11	9.75984e-12	1.72964e-12	2.76147e-13	4.00426e-14	5.3115e-15	6.48598e-16	7.33213e-17	7.71146e-18	7.57906e-19	6.9885e-20	6.0671e-21	4.97501e-22	3.86434e-23	2.85078e-24	2.00217e-25	1.34163e-26	8.59473e-28	5.27356e-29	3.10448e-30	1.7562e-31	9.56079e-33	5.01585e-34	2.53909e-35	1.24168e-36	5.87253e-38	2.68892e-39	1.19315e-40	5.13541e-42	2.14599e-43	9.0562e-45	9.0562e-45	
3.5075e-45	3.5075e-45	8.54735e-44	2.10299e-42	5.0276e-41	1.16686e-39	2.62684e-38	5.73061e-37	1.2103e-35	2.47202e-34	4.87748e-33	9.28551e-32	1.70344e-30	3.00721e-29	5.10126e-28	8.30191e-27	1.29396e-25	1.92795e-24	2.74048e-23	3.70816e-22	4.76475e-21	5.79861e-20	6.66412e-19	7.20933e-18	7.31515e-17	6.93413e-16	6.11303e-15	4.98689e-14	3.74322e-13	2.56868e-12	1.59979e-11	8.96845e-11	4.48373e-10	1.97846e-09	7.61823e-09	2.52906e-08	7.14733e-08	1.69601e-07	3.31835e-07	5.18967e-07	6.14474e-07	5.18971e-07	3.3184e-07	1.69606e-07	7.14774e-08	2.5293e-08	7.61946e-09	1.97897e-09	4.4855e-10	8.97369e-11	1.60113e-11	2.57168e-12	3.74911e-13	4.99716e-14	6.12904e-15	6.9566e-16	7.3437e-17	7.24248e-18	6.69956e-19	5.83371e-20	4.79709e-21	3.736e-22	2.76299e-23	1.94509e-24	1.3063e-25	8.3862e-27	5.15603e-28	3.04116e-29	1.72356e-30	9.39976e-32	4.93979e-33	2.5047e-34	1.22681e-35	5.8111e-37	2.66475e-38	1.18413e-39	5.10374e-41	2.13567e-42	9.02504e-44	9.02504e-44	
3.25866e-44	3.25866e-44	7.92961e-43	1.94825e-41	4.65092e-40	1.07783e-38	2.42271e-37	5.27696e-36	1.11268e-34	2.26883e-33	4.46884e-32	8.49234e-31	1.55504e-29	2.73994e-28	4.63855e-27	7.53307e-26	1.17155e-24	1.74156e-23	2.46956e-22	3.33304e-21	4.27118e-20	5.18302e-19	5.93837e-18	6.40305e-17	6.47395e-16	6.11308e-15	5.3665e-14	4.3576e-13	3.25406e-12	2.22019e-11	1.37379e-10	7.64478e-10	3.78972e-09	1.65598e-08	6.3051e-08	2.06644e-07	5.75758e-07	1.34622e-06	2.59833e-06	4.02301e-06	4.7444e-06	4.02305e-06	2.59839e-06	1.34628e-06	5.75804e-07	2.06672e-07	6.30652e-08	1.65657e-08	3.7918e-09	7.65101e-10	1.3754e-10	2.2238e-11	3.26119e-12	4.37007e-13	5.38597e-14	6.14042e-15	6.50866e-16	6.44329e-17	5.98134e-18	5.22552e-19	4.31028e-20	3.36664e-21	2.49665e-22	1.76214e-23	1.18632e-24	7.63362e-26	4.70366e-27	2.78016e-28	1.5788e-29	8.62682e-31	4.54195e-32	2.30706e-33	1.13194e-34	5.37061e-36	2.4667e-37	1.09783e-38	4.73891e-40	1.98591e-41	8.40461e-43	8.40461e-43	
2.81516e-43	2.81516e-43	6.83979e-42	1.67791e-40	3.99924e-39	9.25309e-38	2.07641e-36	4.51493e-35	9.5032e-34	1.93424e-32	3.80263e-31	7.2122e-30	1.31796e-28	2.31732e-27	3.91449e-26	6.34266e-25	9.84058e-24	1.45917e-22	2.06366e-21	2.77745e-20	3.54869e-19	4.29275e-18	4.90182e-17	5.26631e-16	5.30387e-15	4.98701e-14	4.35767e-13	3.52036e-12	2.61394e-11	1.77211e-10	1.08865e-09	6.00843e-09	2.95046e-08	1.27519e-07	4.79401e-07	1.54848e-06	4.24503e-06	9.75863e-06	1.85408e-05	2.83736e-05	3.33058e-05	2.8374e-05	1.85414e-05	9.75921e-06	4.24549e-06	1.54877e-06	4.79548e-07	1.27581e-07	2.95267e-08	6.01511e-09	1.09039e-09	1.77605e-10	2.62177e-11	3.53414e-12	4.37927e-13	5.0174e-14	5.34249e-15	5.31109e-16	4.94966e-17	4.34007e-18	3.59222e-19	2.81485e-20	2.09378e-21	1.48201e-22	1.00041e-23	6.45373e-25	3.98621e-26	2.36149e-27	1.34397e-28	7.35901e-30	3.88221e-31	1.97574e-32	9.7118e-34	4.61611e-35	2.12384e-36	9.46818e-38	4.09372e-39	1.71825e-40	7.28347e-42	7.28347e-42	
2.25063e-42	2.25063e-42	5.45891e-41	1.33691e-39	3.18099e-38	7.34687e-37	1.64565e-35	3.57157e-34	7.50303e-33	1.52408e-31	2.99008e-30	5.65895e-29	1.03182e-27	1.81003e-26	3.05019e-25	4.92981e-24	7.62844e-23	1.12803e-21	1.5907e-20	2.13433e-19	2.71811e-18	3.27661e-17	3.72764e-16	3.98886e-15	3.99999e-14	3.74339e-13	3.25419e-12	2.614e-11	1.92869e-10	1.29828e-09	7.91146e-09	4.3262e-08	2.10177e-07	8.97131e-07	3.32405e-06	1.05581e-05	2.84041e-05	6.40134e-05	0.000119387	0.000180191	0.000210343	0.000180194	0.000119392	6.40184e-05	2.84081e-05	1.05607e-05	3.32539e-06	8.97709e-07	2.10386e-07	4.33261e-08	7.92835e-09	1.30214e-09	1.93645e-10	2.62774e-11	3.27586e-12	3.77401e-13	4.03898e-14	4.03415e-15	3.77614e-16	3.32469e-17	2.76242e-18	2.17244e-19	1.62141e-20	1.15131e-21	7.79499e-23	5.04271e-24	3.12295e-25	1.85473e-26	1.05808e-27	5.80679e-29	3.07002e-30	1.56567e-31	7.71158e-33	3.67252e-34	1.69287e-35	7.56065e-37	3.27474e-38	1.37686e-39	5.84645e-41	5.84645e-41	
1.65616e-41	1.65616e-41	4.00955e-40	9.80143e-39	2.3277e-37	5.36563e-36	1.19945e-34	2.59781e-33	5.44575e-32	1.10375e-30	2.1605e-29	4.07924e-28	7.4196e-27	1.29823e-25	2.1819e-24	3.51665e-23	5.42586e-22	7.99876e-21	1.12432e-19	1.50342e-18	1.90772e-17	2.29085e-16	2.59545e-15	2.76501e-14	2.75942e-13	2.56889e-12	2.22036e-11	1.77222e-10	1.29833e-09	8.66963e-09	5.23498e-08	2.83259e-07	1.35935e-06	5.71939e-06	2.08357e-05	6.48866e-05	0.000170703	0.000375678	0.000685146	0.00101686	0.001179	0.00101688	0.000685181	0.000375715	0.000170734	6.49065e-05	2.08464e-05	5.7241e-06	1.36109e-06	2.83802e-07	5.24949e-08	8.70328e-09	1.30516e-09	1.78445e-10	2.2398e-11	2.59655e-12	2.79479e-13	2.80626e-14	2.63982e-15	2.33505e-16	1.94863e-17	1.53872e-18	1.15283e-19	8.21511e-21	5.58068e-22	3.62154e-23	2.24941e-24	1.33963e-25	7.66237e-27	4.21564e-28	2.2341e-29	1.14197e-30	5.63701e-32	2.69022e-33	1.24261e-34	5.56071e-36	2.41314e-37	1.01649e-38	4.32436e-40	4.32436e-40	
1.11499e-40	1.11499e-40	2.69386e-39	6.57182e-38	1.55745e-36	3.58239e-35	7.99046e-34	1.72664e-32	3.61097e-31	7.30089e-30	1.42547e-28	2.68437e-27	4.8692e-26	8.49557e-25	1.4236e-23	2.28737e-22	3.51774e-21	5.16814e-20	7.2383e-19	9.64213e-18	1.21856e-16	1.45699e-15	1.6431e-14	1.74174e-13	1.72884e-12	1.60001e-11	1.37397e-10	1.08879e-09	7.91227e-09	5.23531e-08	3.12824e-07	1.67218e-06	7.9109e-06	3.27257e-05	0.000116841	0.00035531	0.000909583	0.00194393	0.00344784	0.00501026	0.00575969	0.00501038	0.00344804	0.00194416	0.000909777	0.000355442	0.000116914	3.27588e-05	7.9234e-06	1.67617e-06	3.13912e-07	5.26096e-08	7.96514e-09	1.09838e-09	1.38941e-10	1.62216e-11	1.75736e-12	1.7752e-13	1.67937e-14	1.49341e-15	1.25251e-16	9.93677e-18	7.47731e-19	5.35003e-20	3.64811e-21	2.37574e-22	1.48046e-23	8.84399e-25	5.07321e-26	2.79881e-27	1.48713e-28	7.62051e-30	3.7707e-31	1.8037e-32	8.34989e-34	3.74466e-35	1.62844e-36	6.87346e-38	2.93009e-39	2.93009e-39	
6.82101e-40	6.82101e-40	1.64425e-38	4.00224e-37	9.46298e-36	2.17145e-34	4.83148e-33	1.04137e-31	2.17214e-30	4.37983e-29	8.52735e-28	1.60112e-26	2.89545e-25	5.03583e-24	8.4106e-23	1.34668e-21	2.06353e-20	3.02006e-19	4.2127e-18	5.58774e-17	7.02964e-16	8.3643e-15	9.38357e-14	9.891e-13	9.75788e-12	8.97043e-11	7.64649e-10	6.00973e-09	4.32705e-08	2.83304e-07	1.67234e-06	8.81294e-06	4.09935e-05	0.000166166	0.000578839	0.00170889	0.00422622	0.00869884	0.0148816	0.0210374	0.0239142	0.021038	0.0148826	0.00869997	0.00422723	0.00170961	0.000579257	0.000166363	4.10699e-05	8.83796e-06	1.67933e-06	2.8499e-07	4.36248e-08	6.07515e-09	7.75335e-10	9.12573e-11	9.95958e-12	1.01298e-12	9.64543e-14	8.63026e-15	7.28019e-16	5.80715e-17	4.3919e-18	3.15709e-19	2.16205e-20	1.41358e-21	8.84128e-23	5.29974e-24	3.04988e-25	1.68768e-26	8.99313e-28	4.62102e-29	2.29254e-30	1.0994e-31	5.10189e-33	2.29343e-34	9.99619e-36	4.22862e-37	1.80664e-38	1.80664e-38	
3.76228e-39	3.76228e-39	9.04668e-38	2.19658e-36	5.18038e-35	1.1856e-33	2.63078e-32	5.65437e-31	1.17597e-29	2.36401e-28	4.58818e-27	8.58676e-26	1.54753e-24	2.68193e-23	4.46259e-22	7.11755e-21	1.08616e-19	1.58279e-18	2.19779e-17	2.90107e-16	3.63092e-15	4.29653e-14	4.79162e-13	5.01847e-12	4.91651e-11	4.4853e-10	3.79108e-09	2.95151e-08	2.10248e-07	1.35976e-06	7.91276e-06	4.09992e-05	0.000186857	0.000738712	0.0024948	0.0070894	0.016753	0.0327944	0.0534464	0.0727934	0.0815018	0.0727954	0.0534501	0.0327988	0.0167573	0.0070926	0.00249675	0.000739669	0.000187244	4.11302e-05	7.95051e-06	1.36912e-06	2.12265e-07	2.98961e-08	3.85455e-09	4.57905e-10	5.03968e-11	5.16614e-12	4.95614e-13	4.46643e-14	3.7934e-15	3.04514e-16	2.31659e-17	1.67428e-18	1.15226e-19	7.56768e-21	4.75287e-22	2.85994e-23	1.65171e-24	9.17046e-26	4.90213e-27	2.52649e-28	1.25703e-29	6.04482e-31	2.81264e-32	1.2676e-33	5.53874e-35	2.34866e-36	1.00588e-37	1.00588e-37	
1.85427e-38	1.85427e-38	4.44661e-37	1.07673e-35	2.53223e-34	5.77856e-33	1.27838e-31	2.7391e-30	5.67826e-29	1.13765e-27	2.20029e-26	4.10285e-25	7.36619e-24	1.27152e-22	2.10693e-21	3.34574e-20	5.08221e-19	7.37001e-18	1.0181e-16	1.33654e-15	1.66304e-14	1.95561e-13	2.16628e-12	2.2523e-11	2.18899e-10	1.97953e-09	1.6569e-08	1.2759e-07	8.97615e-07	5.72225e-06	3.27398e-05	0.000166221	0.000738851	0.0028305	0.00918311	0.0247999	0.0550902	0.100695	0.153661	0.199078	0.218439	0.199083	0.153671	0.100708	0.0551034	0.0248108	0.0091902	0.0028342	0.000740425	0.000166778	3.29064e-05	5.76504e-06	9.07143e-07	1.29443e-07	1.68855e-08	2.02723e-09	2.25252e-10	2.32972e-11	2.25451e-12	2.04889e-13	1.75414e-14	1.41872e-15	1.08676e-16	7.90375e-18	5.47039e-19	3.61127e-20	2.27866e-21	1.377e-22	7.98407e-24	4.4492e-25	2.38661e-26	1.23408e-27	6.15932e-29	2.97083e-30	1.38632e-31	6.26533e-33	2.745e-34	1.16704e-35	5.01126e-37	5.01126e-37	
8.07975e-38	8.07975e-38	1.93188e-36	4.6643e-35	1.09361e-33	2.48779e-32	5.48574e-31	1.17141e-29	2.4198e-28	4.8303e-27	9.30629e-26	1.72838e-24	3.09008e-23	5.3105e-22	8.75893e-21	1.38412e-19	2.0917e-18	3.0168e-17	4.14339e-16	5.40593e-15	6.68226e-14	7.80231e-13	8.57683e-12	8.84336e-11	8.51667e-10	7.62447e-09	6.31042e-08	4.79808e-07	3.3268e-06	2.08519e-05	0.000116923	0.000579178	0.00249588	0.00918528	0.0282644	0.07126	0.145575	0.242986	0.340976	0.415422	0.444931	0.415432	0.340995	0.243013	0.145605	0.0712867	0.0282835	0.00919606	0.00250077	0.000581011	0.0001175	2.10072e-05	3.36288e-06	4.87094e-07	6.43874e-08	7.82221e-09	8.7835e-10	9.17519e-11	8.96787e-12	8.2306e-13	7.11356e-14	5.80444e-15	4.48236e-16	3.28374e-17	2.28759e-18	1.51896e-19	9.63462e-21	5.84991e-22	3.40666e-23	1.90607e-24	1.02632e-25	5.32593e-27	2.66725e-28	1.29069e-29	6.04181e-31	2.73877e-32	1.20342e-33	5.13073e-35	2.20935e-36	2.20935e-36	
3.07231e-37	3.07231e-37	7.3234e-36	1.76272e-34	4.11976e-33	9.34062e-32	2.05255e-30	4.36714e-29	8.98739e-28	1.78697e-26	3.42869e-25	6.34034e-24	1.12842e-22	1.93003e-21	3.16732e-20	4.97856e-19	7.48136e-18	1.07257e-16	1.46374e-15	1.89677e-14	2.32747e-13	2.69618e-12	2.9385e-11	3.00155e-10	2.86103e-09	2.53217e-08	2.06905e-07	1.55044e-06	1.0571e-05	6.49616e-05	0.000355684	0.00171045	0.00709461	0.0248128	0.0712792	0.164305	0.301977	0.452829	0.580036	0.663844	0.694414	0.66386	0.580067	0.45287	0.302023	0.164349	0.0713137	0.0248343	0.00710526	0.00171476	0.000357144	6.53811e-05	1.06742e-05	1.57225e-06	2.10867e-07	2.59417e-08	2.94478e-09	3.10852e-10	3.07236e-11	2.85224e-12	2.49282e-13	2.0554e-14	1.60231e-15	1.18375e-16	8.30786e-18	5.55262e-19	3.54252e-20	2.16221e-21	1.26516e-22	7.10993e-24	3.84406e-25	2.00255e-26	1.00657e-27	4.88795e-29	2.29578e-30	1.04405e-31	4.60184e-33	1.96786e-34	8.49932e-36	8.49932e-36	
1.00247e-36	1.00247e-36	2.38222e-35	5.71619e-34	1.33167e-32	3.00911e-31	6.58915e-30	1.39681e-28	2.86352e-27	5.67062e-26	1.08343e-24	1.99455e-23	3.53314e-22	6.01305e-21	9.81609e-20	1.53436e-18	2.29206e-17	3.2653e-16	4.42606e-15	5.69383e-14	6.93205e-13	7.96207e-12	8.5974e-11	8.69277e-10	8.19283e-09	7.16039e-08	5.76827e-07	4.25283e-06	2.84543e-05	0.000170986	0.000910949	0.00423177	0.0167713	0.0551364	0.145656	0.302059	0.494711	0.668302	0.790601	0.860476	0.883899	0.860499	0.790646	0.668358	0.494765	0.302102	0.145688	0.0551579	0.0167835	0.00423746	0.000913147	0.000171693	2.86437e-05	4.29462e-06	5.84357e-07	7.27181e-08	8.33036e-09	8.87872e-10	8.88098e-11	8.35469e-12	7.3994e-13	6.177e-14	4.86902e-15	3.6322e-16	2.57078e-17	1.73089e-18	1.11146e-19	6.82312e-21	4.01325e-22	2.26619e-23	1.2307e-24	6.43816e-26	3.24895e-27	1.58365e-28	7.46489e-30	3.40651e-31	1.50645e-32	6.46248e-34	2.80004e-35	2.80004e-35	
2.74277e-36	2.74277e-36	6.49903e-35	1.55494e-33	3.61148e-32	8.13484e-31	1.7754e-29	3.7505e-28	7.66056e-27	1.51117e-25	2.87552e-24	5.27105e-23	9.29477e-22	1.57427e-20	2.55681e-19	3.97482e-18	5.90317e-17	8.35736e-16	1.12524e-14	1.43708e-13	1.73589e-12	1.97679e-11	2.11452e-10	2.11586e-09	1.97122e-08	1.70054e-07	1.34983e-06	9.78416e-06	6.4172e-05	0.000376534	0.0019479	0.00871425	0.0328432	0.100814	0.243196	0.453078	0.668481	0.830952	0.928661	0.977529	0.99254	0.977562	0.928723	0.831026	0.668537	0.453092	0.243178	0.100793	0.0328321	0.00871084	0.00194737	0.00037657	6.42037e-05	9.78416e-06	1.34565e-06	1.68376e-07	1.93356e-08	2.07256e-09	2.0982e-10	2.00511e-11	1.80513e-12	1.53e-13	1.22226e-14	9.22323e-16	6.59244e-17	4.47631e-18	2.8956e-19	1.78918e-20	1.05854e-21	6.00927e-23	3.27959e-24	1.72356e-25	8.73544e-27	4.27541e-28	2.02316e-29	9.26665e-31	4.11246e-32	1.77015e-33	7.69534e-35	7.69534e-35	
6.08468e-36	6.08468e-36	1.4383e-34	3.43286e-33	7.95281e-32	1.78659e-30	3.88822e-29	8.18956e-28	1.66756e-26	3.27874e-25	6.2173e-24	1.13549e-22	1.99448e-21	3.36408e-20	5.43955e-19	8.41638e-18	1.24362e-16	1.75105e-15	2.34375e-14	2.97418e-13	3.56758e-12	4.03167e-11	4.27626e-10	4.23889e-09	3.90767e-08	3.33106e-07	2.60818e-06	1.8608e-05	0.000119787	0.000687198	0.00345681	0.0149146	0.0535451	0.153891	0.341372	0.580525	0.791047	0.928941	1.00186	1.03421	1.04329	1.03425	1.00195	0.92904	0.79111	0.580491	0.341248	0.153757	0.0534586	0.0148753	0.00344296	0.000682989	0.000118551	1.82406e-05	2.50723e-06	3.10487e-07	3.51616e-08	3.75413e-09	3.84391e-10	3.7476e-11	3.44849e-12	2.98235e-13	2.42402e-14	1.85589e-15	1.34277e-16	9.21209e-18	6.01227e-19	3.744e-20	2.23048e-21	1.27419e-22	6.99393e-24	3.6951e-25	1.88202e-26	9.25379e-28	4.39797e-29	2.02264e-30	9.01095e-32	3.8928e-33	1.69838e-34	1.69838e-34	
1.0407e-35	1.0407e-35	2.45595e-34	5.85197e-33	1.35334e-31	3.03468e-30	6.59176e-29	1.38557e-27	2.81524e-26	5.52279e-25	1.04475e-23	1.90322e-22	3.33395e-21	5.60718e-20	9.03867e-19	1.39391e-17	2.05239e-16	2.8788e-15	3.83732e-14	4.8476e-13	5.78613e-12	6.50327e-11	6.85611e-10	6.75014e-09	6.17496e-08	5.21769e-07	4.04409e-06	2.85119e-05	0.000180972	0.00102062	0.00502545	0.0210888	0.0729373	0.199402	0.415983	0.664582	0.861246	0.978186	1.03461	1.05738	1.06329	1.05743	1.03471	0.978309	0.861316	0.664496	0.415722	0.199096	0.0727192	0.020979	0.00498187	0.00100549	0.000175983	2.69499e-05	3.61991e-06	4.30541e-07	4.66621e-08	4.87473e-09	5.03743e-10	5.04578e-11	4.79056e-12	4.26286e-13	3.54863e-14	2.77079e-15	2.03747e-16	1.41692e-17	9.35518e-19	5.88445e-20	3.53675e-21	2.03639e-22	1.12573e-23	5.98613e-25	3.06703e-26	1.5163e-27	7.24288e-29	3.34668e-30	1.49749e-31	6.49569e-33	2.8452e-34	2.8452e-34	
1.27592e-35	1.27592e-35	3.00918e-34	7.16574e-33	1.65608e-31	3.711e-30	8.05504e-29	1.69187e-27	3.43487e-26	6.73273e-25	1.27251e-23	2.31598e-22	4.05304e-21	6.80948e-20	1.09646e-18	1.68894e-17	2.48366e-16	3.47902e-15	4.63059e-14	5.84036e-13	6.95878e-12	7.80576e-11	8.21077e-10	8.06293e-09	7.35362e-08	6.19155e-07	4.7787e-06	3.35223e-05	0.000211498	0.0011841	0.00577802	0.0239679	0.0816346	0.218732	0.445492	0.695277	0.884963	0.993624	1.0442	1.06382	1.06874	1.06388	1.04431	0.993762	0.885029	0.695138	0.445111	0.218274	0.0812915	0.0237841	0.00569937	0.00115417	0.000200722	2.99845e-05	3.82078e-06	4.20233e-07	4.19701e-08	4.18275e-09	4.33064e-10	4.48009e-11	4.43088e-12	4.09445e-13	3.51742e-14	2.81779e-15	2.11613e-16	1.49771e-17	1.00372e-18	6.39509e-20	3.88704e-21	2.26037e-22	1.26063e-23	6.75687e-25	3.48684e-26	1.73512e-27	8.33754e-29	3.87351e-30	1.74191e-31	7.59081e-33	3.33954e-34	3.33954e-34	
1.04096e-35	1.04096e-35	2.45665e-34	5.85392e-33	1.35386e-31	3.03603e-30	6.59518e-29	1.3864e-27	2.81723e-26	5.52734e-25	1.04576e-23	1.90538e-22	3.33841e-21	5.61601e-20	9.05546e-19	1.39697e-17	2.05768e-16	2.8875e-15	3.85081e-14	4.86726e-13	5.81284e-12	6.53681e-11	6.8947e-10	6.79036e-09	6.21239e-08	5.24827e-07	4.06551e-06	2.86362e-05	0.000181536	0.00102236	0.00502735	0.0210755	0.0728568	0.1992	0.415762	0.664607	0.861679	0.978962	1.03558	1.05841	1.06433	1.05847	1.0357	0.979097	0.861716	0.664421	0.415341	0.198721	0.0724978	0.0208779	0.00493888	0.000986714	0.000168034	2.41222e-05	2.86828e-06	2.86807e-07	2.59426e-08	2.42173e-09	2.47278e-10	2.61591e-11	2.68056e-12	2.56412e-13	2.2683e-14	1.86148e-15	1.42615e-16	1.02648e-17	6.97882e-19	4.50233e-20	2.76674e-21	1.6246e-22	9.13951e-24	4.93708e-25	2.56579e-26	1.28499e-27	6.21075e-29	2.90088e-30	1.31092e-31	5.73839e-33	2.53543e-34	2.53543e-34	
