4.79067e-16	4.79067e-16	7.51872e-16	1.43247e-15	2.84674e-15	5.64132e-15	1.10276e-14	2.12096e-14	4.01083e-14	7.45531e-14	1.36189e-13	2.44453e-13	4.31071e-13	7.46681e-13	1.27023e-12	2.12186e-12	3.47992e-12	5.60233e-12	8.85207e-12	1.37254e-11	2.08805e-11	3.11618e-11	4.5614e-11	6.54791e-11	9.21651e-11	1.27182e-10	1.72033e-10	2.28069e-10	2.96296e-10	3.77167e-10	4.70363e-10	5.74609e-10	6.87546e-10	8.05706e-10	9.24602e-10	1.03896e-09	1.1431e-09	1.23133e-09	1.29854e-09	1.34063e-09	1.35497e-09	1.34063e-09	1.29854e-09	1.23133e-09	1.1431e-09	1.03896e-09	9.24602e-10	8.05706e-10	6.87546e-10	5.74609e-10	4.70363e-10	3.77167e-10	2.96296e-10	2.28069e-10	1.72033e-10	1.27182e-10	9.21651e-11	6.54791e-11	4.5614e-11	3.11618e-11	2.08805e-11	1.37254e-11	8.85207e-12	5.60233e-12	3.47992e-12	2.12186e-12	1.27023e-12	7.46681e-13	4.31072e-13	2.44453e-13	1.3619e-13	7.45541e-14	4.01106e-14	2.12148e-14	1.10393e-14	5.66729e-15	2.90324e-15	1.55341e-15	1.00655e-15	1.00655e-15	
4.79067e-16	4.79067e-16	7.51872e-16	1.43247e-15	2.84674e-15	5.64132e-15	1.10276e-14	2.12096e-14	4.01083e-14	7.45531e-14	1.36189e-13	2.44453e-13	4.31071e-13	7.46681e-13	1.27023e-12	2.12186e-12	3.47992e-12	5.60233e-12	8.85207e-12	1.37254e-11	2.08805e-11	3.11618e-11	4.5614e-11	6.54791e-11	9.21651e-11	1.27182e-10	1.72033e-10	2.28069e-10	2.96296e-10	3.77167e-10	4.70363e-10	5.74609e-10	6.87546e-10	8.05706e-10	9.24602e-10	1.03896e-09	1.1431e-09	1.23133e-09	1.29854e-09	1.34063e-09	1.35497e-09	1.34063e-09	1.29854e-09	1.23133e-09	1.1431e-09	1.03896e-09	9.24602e-10	8.05706e-10	6.87546e-10	5.74609e-10	4.70363e-10	3.77167e-10	2.96296e-10	2.28069e-10	1.72033e-10	1.27182e-10	9.21651e-11	6.54791e-11	4.5614e-11	3.11618e-11	2.08805e-11	1.37254e-11	8.85207e-12	5.60233e-12	3.47992e-12	2.12186e-12	1.27023e-12	7.46681e-13	4.31072e-13	2.44453e-13	1.3619e-13	7.45541e-14	4.01106e-14	2.12148e-14	1.10393e-14	5.66729e-15	2.90324e-15	1.55341e-15	1.00655e-15	1.00655e-15	
7.51872e-16	7.51872e-16	1.18013e-15	2.24863e-15	4.46922e-15	8.8577e-15	1.73174e-14	3.33123e-14	6.30063e-14	1.17138e-13	2.14026e-13	3.84253e-13	6.7776e-13	1.17429e-12	1.9982e-12	3.33887e-12	5.47754e-12	8.82112e-12	1.39426e-11	2.16259e-11	3.29112e-11	4.91341e-11	7.19484e-11	1.03321e-10	1.45485e-10	2.00836e-10	2.71765e-10	3.60421e-10	4.68412e-10	5.96471e-10	7.44109e-10	9.09315e-10	1.08836e-09	1.27575e-09	1.46437e-09	1.64584e-09	1.81112e-09	1.95119e-09	2.0579e-09	2.12474e-09	2.1475e-09	2.12474e-09	2.0579e-09	1.95119e-09	1.81112e-09	1.64584e-09	1.46437e-09	1.27575e-09	1.08836e-09	9.09315e-10	7.44109e-10	5.96471e-10	4.68412e-10	3.60421e-10	2.71765e-10	2.00836e-10	1.45485e-10	1.03321e-10	7.19484e-11	4.91341e-11	3.29112e-11	2.16259e-11	1.39426e-11	8.82112e-12	5.47754e-12	3.33887e-12	1.9982e-12	1.17429e-12	6.7776e-13	3.84253e-13	2.14027e-13	1.1714e-13	6.30099e-14	3.33206e-14	1.73359e-14	8.89845e-15	4.55788e-15	2.43845e-15	1.57986e-15	1.57986e-15	
1.43247e-15	1.43247e-15	2.24863e-15	4.28517e-15	8.51815e-15	1.68851e-14	3.30175e-14	6.3526e-14	1.20178e-13	2.23481e-13	4.08432e-13	7.33481e-13	1.29412e-12	2.2429e-12	3.81785e-12	6.38163e-12	1.04731e-11	1.68726e-11	2.66795e-11	4.13988e-11	6.30296e-11	9.414e-11	1.37914e-10	1.9814e-10	2.79127e-10	3.855e-10	5.21885e-10	6.92448e-10	9.00322e-10	1.14695e-09	1.43143e-09	1.74991e-09	2.09523e-09	2.45679e-09	2.82086e-09	3.17125e-09	3.49046e-09	3.76106e-09	3.96724e-09	4.0964e-09	4.14039e-09	4.0964e-09	3.96724e-09	3.76106e-09	3.49046e-09	3.17125e-09	2.82086e-09	2.45679e-09	2.09523e-09	1.74991e-09	1.43143e-09	1.14695e-09	9.00322e-10	6.92448e-10	5.21885e-10	3.855e-10	2.79127e-10	1.9814e-10	1.37914e-10	9.414e-11	6.30296e-11	4.13988e-11	2.66795e-11	1.68726e-11	1.04731e-11	6.38163e-12	3.81785e-12	2.2429e-12	1.29412e-12	7.33481e-13	4.08434e-13	2.23484e-13	1.20185e-13	6.35417e-14	3.30527e-14	1.69628e-14	8.68705e-15	4.64679e-15	3.01026e-15	3.01026e-15	
2.84674e-15	2.84674e-15	4.46922e-15	8.51815e-15	1.69352e-14	3.35755e-14	6.56664e-14	1.26368e-13	2.39115e-13	4.44762e-13	8.13055e-13	1.46053e-12	2.57766e-12	4.46887e-12	7.60945e-12	1.27239e-11	2.08895e-11	3.36669e-11	5.32567e-11	8.26738e-11	1.25925e-10	1.88164e-10	2.75782e-10	3.96399e-10	5.5868e-10	7.71951e-10	1.04554e-09	1.38789e-09	1.80534e-09	2.30089e-09	2.87278e-09	3.51335e-09	4.20821e-09	4.93606e-09	5.66923e-09	6.37512e-09	7.01838e-09	7.5638e-09	7.97946e-09	8.23988e-09	8.32858e-09	8.23988e-09	7.97946e-09	7.5638e-09	7.01838e-09	6.37512e-09	5.66923e-09	4.93606e-09	4.20821e-09	3.51335e-09	2.87278e-09	2.30089e-09	1.80534e-09	1.38789e-09	1.04554e-09	7.71951e-10	5.5868e-10	3.96399e-10	2.75782e-10	1.88164e-10	1.25925e-10	8.26738e-11	5.32567e-11	3.36669e-11	2.08895e-11	1.27239e-11	7.60945e-12	4.46887e-12	2.57766e-12	1.46053e-12	8.13057e-13	4.44768e-13	2.39129e-13	1.26399e-13	6.57361e-14	3.37298e-14	1.72708e-14	9.23677e-15	5.98292e-15	5.98292e-15	
5.64132e-15	5.64132e-15	8.8577e-15	1.68851e-14	3.35755e-14	6.65785e-14	1.30239e-13	2.50685e-13	4.7446e-13	8.82736e-13	1.61414e-12	2.9004e-12	5.12048e-12	8.88029e-12	1.51264e-11	2.53026e-11	4.15568e-11	6.7003e-11	1.06035e-10	1.64678e-10	2.50944e-10	3.75149e-10	5.50099e-10	7.91075e-10	1.11548e-09	1.54206e-09	2.08962e-09	2.77517e-09	3.61161e-09	4.60509e-09	5.75223e-09	7.03779e-09	8.433e-09	9.89512e-09	1.13685e-08	1.27877e-08	1.40813e-08	1.51784e-08	1.60147e-08	1.65387e-08	1.67172e-08	1.65387e-08	1.60147e-08	1.51784e-08	1.40813e-08	1.27877e-08	1.13685e-08	9.89512e-09	8.433e-09	7.03779e-09	5.75223e-09	4.60509e-09	3.61161e-09	2.77517e-09	2.08962e-09	1.54206e-09	1.11548e-09	7.91075e-10	5.50099e-10	3.75149e-10	2.50944e-10	1.64678e-10	1.06035e-10	6.7003e-11	4.15568e-11	2.53026e-11	1.51264e-11	8.88029e-12	5.12048e-12	2.90041e-12	1.61415e-12	8.82747e-13	4.74487e-13	2.50747e-13	1.30377e-13	6.68841e-14	3.42405e-14	1.83092e-14	1.18577e-14	1.18577e-14	
1.10276e-14	1.10276e-14	1.73174e-14	3.30175e-14	6.56664e-14	1.30239e-13	2.54823e-13	4.90602e-13	9.28772e-13	1.72846e-12	3.16153e-12	5.68266e-12	1.00358e-11	1.74109e-11	2.96684e-11	4.96473e-11	8.15746e-11	1.31582e-10	2.0833e-10	3.23699e-10	4.9351e-10	7.38143e-10	1.08293e-09	1.55813e-09	2.19825e-09	3.04052e-09	4.12234e-09	5.47764e-09	7.13229e-09	9.09877e-09	1.13708e-08	1.39183e-08	1.66847e-08	1.95852e-08	2.25094e-08	2.53269e-08	2.78962e-08	3.00758e-08	3.17376e-08	3.2779e-08	3.31337e-08	3.2779e-08	3.17376e-08	3.00758e-08	2.78962e-08	2.53269e-08	2.25094e-08	1.95852e-08	1.66847e-08	1.39183e-08	1.13708e-08	9.09877e-09	7.13229e-09	5.47764e-09	4.12234e-09	3.04052e-09	2.19825e-09	1.55813e-09	1.08293e-09	7.38143e-10	4.9351e-10	3.23699e-10	2.0833e-10	1.31582e-10	8.15746e-11	4.96473e-11	2.96684e-11	1.74109e-11	1.00358e-11	5.68266e-12	3.16154e-12	1.72848e-12	9.28825e-13	4.90722e-13	2.55093e-13	1.30836e-13	6.69661e-14	3.58011e-14	2.31823e-14	2.31823e-14	
2.12096e-14	2.12096e-14	3.33123e-14	6.3526e-14	1.26368e-13	2.50685e-13	4.90602e-13	9.44776e-13	1.78907e-12	3.33048e-12	6.09373e-12	1.09568e-11	1.93571e-11	3.35954e-11	5.72702e-11	9.58777e-11	1.57606e-10	2.54343e-10	4.02891e-10	6.26326e-10	9.55399e-10	1.42977e-09	2.09879e-09	3.02147e-09	4.26521e-09	5.90284e-09	8.00768e-09	1.06465e-08	1.38703e-08	1.77042e-08	2.21366e-08	2.71098e-08	3.25133e-08	3.81817e-08	4.38995e-08	4.94112e-08	5.4439e-08	5.87057e-08	6.19595e-08	6.39989e-08	6.46937e-08	6.39989e-08	6.19595e-08	5.87057e-08	5.4439e-08	4.94112e-08	4.38995e-08	3.81817e-08	3.25133e-08	2.71098e-08	2.21366e-08	1.77042e-08	1.38703e-08	1.06465e-08	8.00768e-09	5.90284e-09	4.26521e-09	3.02147e-09	2.09879e-09	1.42977e-09	9.55399e-10	6.26326e-10	4.02891e-10	2.54343e-10	1.57606e-10	9.58777e-11	5.72703e-11	3.35954e-11	1.93571e-11	1.09568e-11	6.09375e-12	3.33052e-12	1.78917e-12	9.45007e-13	4.91121e-13	2.51834e-13	1.28868e-13	6.88796e-14	4.45937e-14	4.45937e-14	
4.01083e-14	4.01083e-14	6.30063e-14	1.20178e-13	2.39115e-13	4.7446e-13	9.28772e-13	1.78907e-12	3.38888e-12	6.31064e-12	1.15505e-11	2.07759e-11	3.67186e-11	6.37536e-11	1.08729e-10	1.82111e-10	2.99504e-10	4.83584e-10	7.66427e-10	1.19213e-09	1.81952e-09	2.72454e-09	4.00183e-09	5.76469e-09	8.14272e-09	1.12762e-08	1.53068e-08	2.03635e-08	2.6546e-08	3.3904e-08	4.24168e-08	5.19747e-08	6.23662e-08	7.32741e-08	8.42829e-08	9.49001e-08	1.04589e-07	1.12815e-07	1.19089e-07	1.23023e-07	1.24363e-07	1.23023e-07	1.19089e-07	1.12815e-07	1.04589e-07	9.49001e-08	8.42829e-08	7.32741e-08	6.23662e-08	5.19747e-08	4.24168e-08	3.3904e-08	2.6546e-08	2.03635e-08	1.53068e-08	1.12762e-08	8.14272e-09	5.76469e-09	4.00183e-09	2.72454e-09	1.81952e-09	1.19213e-09	7.66427e-10	4.83584e-10	2.99504e-10	1.82111e-10	1.08729e-10	6.37536e-11	3.67186e-11	2.07759e-11	1.15505e-11	6.31072e-12	3.38907e-12	1.78951e-12	9.29754e-13	4.76631e-13	2.43841e-13	1.30301e-13	8.43426e-14	8.43426e-14	
7.45531e-14	7.45531e-14	1.17138e-13	2.23481e-13	4.44762e-13	8.82736e-13	1.72846e-12	3.33048e-12	6.31064e-12	1.17555e-11	2.15241e-11	3.8731e-11	6.84805e-11	1.18954e-10	2.02968e-10	3.40121e-10	5.59666e-10	9.04144e-10	1.43379e-09	2.23151e-09	3.40801e-09	5.10641e-09	7.50525e-09	1.08187e-08	1.52919e-08	2.11912e-08	2.87854e-08	3.83212e-08	4.99895e-08	6.38875e-08	7.99795e-08	9.80608e-08	1.17733e-07	1.38397e-07	1.59266e-07	1.79402e-07	1.97788e-07	2.13402e-07	2.25316e-07	2.32786e-07	2.35332e-07	2.32786e-07	2.25316e-07	2.13402e-07	1.97788e-07	1.79402e-07	1.59266e-07	1.38397e-07	1.17733e-07	9.80608e-08	7.99795e-08	6.38875e-08	4.99895e-08	3.83212e-08	2.87854e-08	2.11912e-08	1.52919e-08	1.08187e-08	7.50525e-09	5.10641e-09	3.40801e-09	2.23151e-09	1.43379e-09	9.04144e-10	5.59666e-10	3.40121e-10	2.02968e-10	1.18954e-10	6.84805e-11	3.8731e-11	2.15242e-11	1.17556e-11	6.311e-12	3.33129e-12	1.73028e-12	8.86769e-13	4.53545e-13	2.42298e-13	1.56804e-13	1.56804e-13	
1.36189e-13	1.36189e-13	2.14026e-13	4.08432e-13	8.13055e-13	1.61414e-12	3.16153e-12	6.09373e-12	1.15505e-11	2.15241e-11	3.94261e-11	7.09741e-11	1.25547e-10	2.18186e-10	3.72472e-10	6.24503e-10	1.02819e-09	1.66204e-09	2.6373e-09	4.10726e-09	6.2769e-09	9.41152e-09	1.38426e-08	1.99684e-08	2.82457e-08	3.91715e-08	5.32493e-08	7.09423e-08	9.26116e-08	1.18445e-07	1.48382e-07	1.82049e-07	2.18708e-07	2.57244e-07	2.96186e-07	3.33787e-07	3.68137e-07	3.97321e-07	4.19596e-07	4.33567e-07	4.38328e-07	4.33567e-07	4.19596e-07	3.97321e-07	3.68137e-07	3.33787e-07	2.96186e-07	2.57244e-07	2.18708e-07	1.82049e-07	1.48382e-07	1.18445e-07	9.26116e-08	7.09423e-08	5.32493e-08	3.91715e-08	2.82457e-08	1.99684e-08	1.38426e-08	9.41152e-09	6.2769e-09	4.10726e-09	2.6373e-09	1.66204e-09	1.02819e-09	6.24503e-10	3.72472e-10	2.18186e-10	1.25547e-10	7.09742e-11	3.94262e-11	2.15244e-11	1.15511e-11	6.09521e-12	3.16486e-12	1.62151e-12	8.29095e-13	4.42804e-13	2.86496e-13	2.86496e-13	
2.44453e-13	2.44453e-13	3.84253e-13	7.33481e-13	1.46053e-12	2.9004e-12	5.68266e-12	1.09568e-11	2.07759e-11	3.8731e-11	7.09741e-11	1.27824e-10	2.26219e-10	3.93345e-10	6.71857e-10	1.12711e-09	1.85683e-09	3.00341e-09	4.76895e-09	7.43222e-09	1.13665e-08	1.70555e-08	2.51048e-08	3.6243e-08	5.13078e-08	7.12122e-08	9.68844e-08	1.29181e-07	1.68776e-07	2.16026e-07	2.70836e-07	3.32531e-07	3.99769e-07	4.70508e-07	5.42049e-07	6.11172e-07	6.74356e-07	7.28064e-07	7.69074e-07	7.948e-07	8.03569e-07	7.948e-07	7.69074e-07	7.28064e-07	6.74356e-07	6.11172e-07	5.42049e-07	4.70508e-07	3.99769e-07	3.32531e-07	2.70836e-07	2.16026e-07	1.68776e-07	1.29181e-07	9.68844e-08	7.12122e-08	5.13078e-08	3.6243e-08	2.51048e-08	1.70555e-08	1.13665e-08	7.43222e-09	4.76895e-09	3.00341e-09	1.85683e-09	1.12711e-09	6.71857e-10	3.93345e-10	2.26219e-10	1.27824e-10	7.09744e-11	3.87315e-11	2.07771e-11	1.09595e-11	5.68863e-12	2.91362e-12	1.48931e-12	7.95174e-13	5.14353e-13	5.14353e-13	
4.31071e-13	4.31071e-13	6.7776e-13	1.29412e-12	2.57766e-12	5.12048e-12	1.00358e-11	1.93571e-11	3.67186e-11	6.84805e-11	1.25547e-10	2.26219e-10	4.00559e-10	6.96867e-10	1.19099e-09	1.99924e-09	3.29573e-09	5.33448e-09	8.47639e-09	1.322e-08	2.02338e-08	3.03855e-08	4.47633e-08	6.46785e-08	9.16428e-08	1.27307e-07	1.73357e-07	2.31353e-07	3.02533e-07	3.87566e-07	4.86309e-07	5.97572e-07	7.18951e-07	8.46769e-07	9.76147e-07	1.10125e-06	1.21568e-06	1.313e-06	1.38734e-06	1.43399e-06	1.44989e-06	1.43399e-06	1.38734e-06	1.313e-06	1.21568e-06	1.10125e-06	9.76147e-07	8.46769e-07	7.18951e-07	5.97572e-07	4.86309e-07	3.87566e-07	3.02533e-07	2.31353e-07	1.73357e-07	1.27307e-07	9.16428e-08	6.46785e-08	4.47633e-08	3.03855e-08	2.02338e-08	1.322e-08	8.47639e-09	5.33448e-09	3.29573e-09	1.99924e-09	1.19099e-09	6.96867e-10	4.00559e-10	2.26219e-10	1.25547e-10	6.84814e-11	3.67206e-11	1.93618e-11	1.00463e-11	5.14378e-12	2.62841e-12	1.40291e-12	9.07223e-13	9.07223e-13	
7.46681e-13	7.46681e-13	1.17429e-12	2.2429e-12	4.46887e-12	8.88029e-12	1.74109e-11	3.35954e-11	6.37536e-11	1.18954e-10	2.18186e-10	3.93345e-10	6.96867e-10	1.21307e-09	2.0745e-09	3.48464e-09	5.74839e-09	9.31118e-09	1.48067e-08	2.31115e-08	3.54027e-08	5.32114e-08	7.84604e-08	1.13472e-07	1.60931e-07	2.23776e-07	3.05018e-07	4.07459e-07	5.33338e-07	6.83898e-07	8.58939e-07	1.0564e-06	1.27206e-06	1.49938e-06	1.72971e-06	1.95261e-06	2.15665e-06	2.33029e-06	2.463e-06	2.5463e-06	2.5747e-06	2.5463e-06	2.463e-06	2.33029e-06	2.15665e-06	1.95261e-06	1.72971e-06	1.49938e-06	1.27206e-06	1.0564e-06	8.58939e-07	6.83898e-07	5.33338e-07	4.07459e-07	3.05018e-07	2.23776e-07	1.60931e-07	1.13472e-07	7.84604e-08	5.32114e-08	3.54027e-08	2.31115e-08	1.48067e-08	9.31118e-09	5.74839e-09	3.48464e-09	2.0745e-09	1.21307e-09	6.96867e-10	3.93345e-10	2.18187e-10	1.18956e-10	6.37572e-11	3.36035e-11	1.74291e-11	8.92062e-12	4.55675e-12	2.43132e-12	1.57183e-12	1.57183e-12	
1.27023e-12	1.27023e-12	1.9982e-12	3.81785e-12	7.60945e-12	1.51264e-11	2.96684e-11	5.72702e-11	1.08729e-10	2.02968e-10	3.72472e-10	6.71857e-10	1.19099e-09	2.0745e-09	3.54999e-09	5.96727e-09	9.85113e-09	1.59692e-08	2.54152e-08	3.97044e-08	6.0875e-08	9.15829e-08	1.3517e-07	1.95685e-07	2.77813e-07	3.86707e-07	5.2766e-07	7.05629e-07	9.24607e-07	1.18687e-06	1.49217e-06	1.83703e-06	2.21412e-06	2.61208e-06	3.01572e-06	3.40674e-06	3.76496e-06	4.07003e-06	4.30331e-06	4.4498e-06	4.49975e-06	4.4498e-06	4.30331e-06	4.07003e-06	3.76496e-06	3.40674e-06	3.01572e-06	2.61208e-06	2.21412e-06	1.83703e-06	1.49217e-06	1.18687e-06	9.24607e-07	7.05629e-07	5.2766e-07	3.86707e-07	2.77813e-07	1.95685e-07	1.3517e-07	9.15829e-08	6.0875e-08	3.97044e-08	2.54152e-08	1.59692e-08	9.85113e-09	5.96727e-09	3.54999e-09	2.0745e-09	1.19099e-09	6.71858e-10	3.72473e-10	2.0297e-10	1.08735e-10	5.7284e-11	2.96994e-11	1.5195e-11	7.7589e-12	4.13837e-12	2.67462e-12	2.67462e-12	
2.12186e-12	2.12186e-12	3.33887e-12	6.38163e-12	1.27239e-11	2.53026e-11	4.96473e-11	9.58777e-11	1.82111e-10	3.40121e-10	6.24503e-10	1.12711e-09	1.99924e-09	3.48464e-09	5.96727e-09	1.0038e-08	1.65844e-08	2.69067e-08	4.286e-08	6.70189e-08	1.02853e-07	1.54893e-07	2.28851e-07	3.31664e-07	4.71387e-07	6.56903e-07	8.97378e-07	1.20145e-06	1.57613e-06	2.02554e-06	2.54946e-06	3.1421e-06	3.79102e-06	4.47677e-06	5.17314e-06	5.84846e-06	6.46774e-06	6.99555e-06	7.3994e-06	7.6531e-06	7.73963e-06	7.6531e-06	7.3994e-06	6.99555e-06	6.46774e-06	5.84846e-06	5.17314e-06	4.47677e-06	3.79102e-06	3.1421e-06	2.54946e-06	2.02554e-06	1.57613e-06	1.20145e-06	8.97378e-07	6.56903e-07	4.71387e-07	3.31664e-07	2.28851e-07	1.54893e-07	1.02853e-07	6.70189e-08	4.286e-08	2.69067e-08	1.65844e-08	1.0038e-08	5.96727e-09	3.48464e-09	1.99924e-09	1.12711e-09	6.24505e-10	3.40126e-10	1.82121e-10	9.59007e-11	4.96991e-11	2.54171e-11	1.29735e-11	6.91702e-12	4.46904e-12	4.46904e-12	
3.47992e-12	3.47992e-12	5.47754e-12	1.04731e-11	2.08895e-11	4.15568e-11	8.15746e-11	1.57606e-10	2.99504e-10	5.59666e-10	1.02819e-09	1.85683e-09	3.29573e-09	5.74839e-09	9.85113e-09	1.65844e-08	2.74231e-08	4.4531e-08	7.10004e-08	1.11131e-07	1.70728e-07	2.57387e-07	3.80713e-07	5.52397e-07	7.86058e-07	1.09677e-06	1.50016e-06	2.01104e-06	2.64158e-06	3.39909e-06	4.28365e-06	5.28581e-06	6.38484e-06	7.54793e-06	8.73066e-06	9.87907e-06	1.09333e-05	1.18327e-05	1.25213e-05	1.29541e-05	1.31017e-05	1.29541e-05	1.25213e-05	1.18327e-05	1.09333e-05	9.87907e-06	8.73066e-06	7.54793e-06	6.38484e-06	5.28581e-06	4.28365e-06	3.39909e-06	2.64158e-06	2.01104e-06	1.50016e-06	1.09677e-06	7.86058e-07	5.52397e-07	3.80713e-07	2.57387e-07	1.70728e-07	1.11131e-07	7.10004e-08	4.4531e-08	2.74231e-08	1.65844e-08	9.85113e-09	5.74839e-09	3.29573e-09	1.85683e-09	1.0282e-09	5.59673e-10	2.9952e-10	1.57644e-10	8.16593e-11	4.17444e-11	2.12987e-11	1.13511e-11	7.33148e-12	7.33148e-12	
5.60233e-12	5.60233e-12	8.82112e-12	1.68726e-11	3.36669e-11	6.7003e-11	1.31582e-10	2.54343e-10	4.83584e-10	9.04144e-10	1.66204e-09	3.00341e-09	5.33448e-09	9.31118e-09	1.59692e-08	2.69067e-08	4.4531e-08	7.23796e-08	1.15517e-07	1.81e-07	2.78373e-07	4.20159e-07	6.22231e-07	9.03964e-07	1.28802e-06	1.79955e-06	2.4648e-06	3.3088e-06	4.35234e-06	5.60829e-06	7.07752e-06	8.74503e-06	1.05769e-05	1.25187e-05	1.44964e-05	1.64195e-05	1.8187e-05	1.96964e-05	2.0853e-05	2.15803e-05	2.18285e-05	2.15803e-05	2.0853e-05	1.96964e-05	1.8187e-05	1.64195e-05	1.44964e-05	1.25187e-05	1.05769e-05	8.74503e-06	7.07752e-06	5.60829e-06	4.35234e-06	3.3088e-06	2.4648e-06	1.79955e-06	1.28802e-06	9.03964e-07	6.22231e-07	4.20159e-07	2.78373e-07	1.81e-07	1.15517e-07	7.23796e-08	4.4531e-08	2.69067e-08	1.59692e-08	9.31118e-09	5.33448e-09	3.00342e-09	1.66204e-09	9.04155e-10	4.83611e-10	2.54404e-10	1.31719e-10	6.73049e-11	3.43254e-11	1.8286e-11	1.18065e-11	1.18065e-11	
8.85207e-12	8.85207e-12	1.39426e-11	2.66795e-11	5.32567e-11	1.06035e-10	2.0833e-10	4.02891e-10	7.66427e-10	1.43379e-09	2.6373e-09	4.76895e-09	8.47639e-09	1.48067e-08	2.54152e-08	4.286e-08	7.10004e-08	1.15517e-07	1.8456e-07	2.89503e-07	4.45775e-07	6.7366e-07	9.98948e-07	1.45322e-06	2.07354e-06	2.90127e-06	3.97973e-06	5.35061e-06	7.04895e-06	9.09706e-06	1.14978e-05	1.42279e-05	1.7233e-05	2.04244e-05	2.36805e-05	2.68517e-05	2.97705e-05	3.2266e-05	3.41801e-05	3.53845e-05	3.57957e-05	3.53845e-05	3.41801e-05	3.2266e-05	2.97705e-05	2.68517e-05	2.36805e-05	2.04244e-05	1.7233e-05	1.42279e-05	1.14978e-05	9.09706e-06	7.04895e-06	5.35061e-06	3.97973e-06	2.90127e-06	2.07354e-06	1.45322e-06	9.98948e-07	6.7366e-07	4.45775e-07	2.89503e-07	1.8456e-07	1.15517e-07	7.10004e-08	4.286e-08	2.54152e-08	1.48067e-08	8.47639e-09	4.76895e-09	2.6373e-09	1.43381e-09	7.66469e-10	4.02987e-10	2.08545e-10	1.06512e-10	5.42968e-11	2.89126e-11	1.86609e-11	1.86609e-11	
1.37254e-11	1.37254e-11	2.16259e-11	4.13988e-11	8.26738e-11	1.64678e-10	3.23699e-10	6.26327e-10	1.19213e-09	2.23151e-09	4.10726e-09	7.43222e-09	1.322e-08	2.31115e-08	3.97044e-08	6.70189e-08	1.11131e-07	1.81e-07	2.89503e-07	4.54658e-07	7.00958e-07	1.0607e-06	1.57507e-06	2.29468e-06	3.27916e-06	4.59538e-06	6.31383e-06	8.50285e-06	1.12206e-05	1.45055e-05	1.83644e-05	2.27627e-05	2.76145e-05	3.27782e-05	3.8057e-05	4.32075e-05	4.7956e-05	5.20214e-05	5.51429e-05	5.71085e-05	5.77798e-05	5.71085e-05	5.51429e-05	5.20214e-05	4.7956e-05	4.32075e-05	3.8057e-05	3.27782e-05	2.76145e-05	2.27627e-05	1.83644e-05	1.45055e-05	1.12206e-05	8.50285e-06	6.31383e-06	4.59538e-06	3.27916e-06	2.29468e-06	1.57507e-06	1.0607e-06	7.00958e-07	4.54658e-07	2.89503e-07	1.81e-07	1.11131e-07	6.70189e-08	3.97044e-08	2.31115e-08	1.322e-08	7.43222e-09	4.10727e-09	2.23154e-09	1.1922e-09	6.26475e-10	3.24033e-10	1.65417e-10	8.42859e-11	4.48612e-11	2.89436e-11	2.89436e-11	
2.08805e-11	2.08805e-11	3.29112e-11	6.30296e-11	1.25925e-10	2.50944e-10	4.9351e-10	9.55399e-10	1.81952e-09	3.40801e-09	6.2769e-09	1.13665e-08	2.02338e-08	3.54027e-08	6.0875e-08	1.02853e-07	1.70728e-07	2.78373e-07	4.45775e-07	7.00958e-07	1.08213e-06	1.6398e-06	2.43862e-06	3.55833e-06	5.09329e-06	7.14986e-06	9.8409e-06	1.32768e-05	1.7553e-05	2.2734e-05	2.88358e-05	3.58079e-05	4.35181e-05	5.17435e-05	6.01716e-05	6.84124e-05	7.60242e-05	8.25514e-05	8.75694e-05	9.07321e-05	9.18126e-05	9.07321e-05	8.75694e-05	8.25514e-05	7.60242e-05	6.84124e-05	6.01716e-05	5.17435e-05	4.35181e-05	3.58079e-05	2.88358e-05	2.2734e-05	1.7553e-05	1.32768e-05	9.8409e-06	7.14986e-06	5.09329e-06	3.55833e-06	2.43862e-06	1.6398e-06	1.08213e-06	7.00958e-07	4.45775e-07	2.78373e-07	1.70728e-07	1.02853e-07	6.0875e-08	3.54027e-08	2.02338e-08	1.13665e-08	6.27692e-09	3.40805e-09	1.81962e-09	9.55624e-10	4.94017e-10	2.52067e-10	1.28377e-10	6.82965e-11	4.40467e-11	4.40467e-11	
3.11618e-11	3.11618e-11	4.91341e-11	9.414e-11	1.88164e-10	3.75149e-10	7.38143e-10	1.42977e-09	2.72454e-09	5.10641e-09	9.41152e-09	1.70555e-08	3.03855e-08	5.32114e-08	9.15829e-08	1.54893e-07	2.57387e-07	4.20159e-07	6.7366e-07	1.0607e-06	1.6398e-06	2.4886e-06	3.70679e-06	5.41784e-06	7.7686e-06	1.09255e-05	1.50664e-05	2.0367e-05	2.69814e-05	3.50175e-05	4.45082e-05	5.53832e-05	6.74432e-05	8.03446e-05	9.35986e-05	0.00010659	0.000118616	0.000128947	0.000136902	0.00014192	0.000143636	0.00014192	0.000136902	0.000128947	0.000118616	0.00010659	9.35986e-05	8.03446e-05	6.74432e-05	5.53832e-05	4.45082e-05	3.50175e-05	2.69814e-05	2.0367e-05	1.50664e-05	1.09255e-05	7.7686e-06	5.41784e-06	3.70679e-06	2.4886e-06	1.6398e-06	1.0607e-06	6.7366e-07	4.20159e-07	2.57387e-07	1.54893e-07	9.15829e-08	5.32114e-08	3.03855e-08	1.70555e-08	9.41155e-09	5.10647e-09	2.72469e-09	1.4301e-09	7.38898e-10	3.76824e-10	1.91821e-10	1.02e-10	6.5757e-11	6.5757e-11	
4.5614e-11	4.5614e-11	7.19484e-11	1.37914e-10	2.75782e-10	5.50099e-10	1.08293e-09	2.09879e-09	4.00183e-09	7.50525e-09	1.38426e-08	2.51048e-08	4.47633e-08	7.84604e-08	1.3517e-07	2.28851e-07	3.80713e-07	6.22231e-07	9.98948e-07	1.57507e-06	2.43862e-06	3.70679e-06	5.53061e-06	8.09801e-06	1.16336e-05	1.63936e-05	2.26539e-05	3.069e-05	4.07473e-05	5.30034e-05	6.75235e-05	8.42144e-05	0.000102783	0.00012271	0.000143244	0.000163427	0.000182159	0.000198287	0.000210726	0.000218583	0.000221271	0.000218583	0.000210726	0.000198287	0.000182159	0.000163427	0.000143244	0.00012271	0.000102783	8.42144e-05	6.75235e-05	5.30034e-05	4.07473e-05	3.069e-05	2.26539e-05	1.63936e-05	1.16336e-05	8.09801e-06	5.53061e-06	3.70679e-06	2.43862e-06	1.57507e-06	9.98948e-07	6.22231e-07	3.80713e-07	2.28851e-07	1.3517e-07	7.84604e-08	4.47633e-08	2.51049e-08	1.38427e-08	7.50534e-09	4.00204e-09	2.09928e-09	1.08404e-09	5.5255e-10	2.81134e-10	1.49418e-10	9.62874e-11	9.62874e-11	
6.54791e-11	6.54791e-11	1.03321e-10	1.9814e-10	3.96399e-10	7.91075e-10	1.55813e-09	3.02147e-09	5.76469e-09	1.08187e-08	1.99684e-08	3.6243e-08	6.46785e-08	1.13472e-07	1.95685e-07	3.31664e-07	5.52397e-07	9.03965e-07	1.45322e-06	2.29468e-06	3.55833e-06	5.41784e-06	8.09801e-06	1.18798e-05	1.71011e-05	2.41496e-05	3.34467e-05	4.54175e-05	6.04479e-05	7.88263e-05	0.000100676	0.000125883	0.000154028	0.00018434	0.000215685	0.000246598	0.000275374	0.000300215	0.000319414	0.000331559	0.000335716	0.000331559	0.000319414	0.000300215	0.000275374	0.000246598	0.000215685	0.00018434	0.000154028	0.000125883	0.000100676	7.88263e-05	6.04479e-05	4.54175e-05	3.34467e-05	2.41496e-05	1.71011e-05	1.18798e-05	8.09801e-06	5.41784e-06	3.55833e-06	2.29468e-06	1.45322e-06	9.03965e-07	5.52397e-07	3.31664e-07	1.95685e-07	1.13472e-07	6.46785e-08	3.6243e-08	1.99684e-08	1.08188e-08	5.765e-09	3.02217e-09	1.55972e-09	7.94591e-10	4.04078e-10	2.14653e-10	1.3827e-10	1.3827e-10	
9.21651e-11	9.21651e-11	1.45485e-10	2.79127e-10	5.5868e-10	1.11548e-09	2.19825e-09	4.26521e-09	8.14272e-09	1.52919e-08	2.82457e-08	5.13078e-08	9.16428e-08	1.60931e-07	2.77813e-07	4.71387e-07	7.86058e-07	1.28802e-06	2.07354e-06	3.27916e-06	5.09329e-06	7.7686e-06	1.16336e-05	1.71011e-05	2.46701e-05	3.49182e-05	4.84781e-05	6.59965e-05	8.80707e-05	0.000115164	0.000147501	0.000184958	0.000226955	0.000272374	0.000319533	0.000366222	0.000409839	0.00044761	0.000476875	0.000495421	0.000501776	0.000495421	0.000476875	0.00044761	0.000409839	0.000366222	0.000319533	0.000272374	0.000226955	0.000184958	0.000147501	0.000115164	8.80707e-05	6.59965e-05	4.84781e-05	3.49182e-05	2.46701e-05	1.71011e-05	1.16336e-05	7.7686e-06	5.09329e-06	3.27916e-06	2.07354e-06	1.28802e-06	7.86058e-07	4.71387e-07	2.77813e-07	1.60931e-07	9.16428e-08	5.13079e-08	2.82458e-08	1.52921e-08	8.14316e-09	4.2662e-09	2.20048e-09	1.12042e-09	5.69485e-10	3.02367e-10	1.94691e-10	1.94691e-10	
1.27182e-10	1.27182e-10	2.00836e-10	3.855e-10	7.71951e-10	1.54206e-09	3.04052e-09	5.90284e-09	1.12762e-08	2.11912e-08	3.91715e-08	7.12122e-08	1.27307e-07	2.23776e-07	3.86707e-07	6.56903e-07	1.09677e-06	1.79955e-06	2.90127e-06	4.59539e-06	7.14986e-06	1.09255e-05	1.63936e-05	2.41496e-05	3.49182e-05	4.95444e-05	6.89633e-05	9.41433e-05	0.000125996	0.000165255	0.00021232	0.000267087	0.000328782	0.000395826	0.00046577	0.000535336	0.000600603	0.000657335	0.000701427	0.00072943	0.000739035	0.00072943	0.000701427	0.000657335	0.000600603	0.000535336	0.00046577	0.000395826	0.000328782	0.000267087	0.00021232	0.000165255	0.000125996	9.41433e-05	6.89633e-05	4.95444e-05	3.49182e-05	2.41496e-05	1.63936e-05	1.09255e-05	7.14986e-06	4.59539e-06	2.90127e-06	1.79955e-06	1.09677e-06	6.56903e-07	3.86707e-07	2.23776e-07	1.27307e-07	7.12122e-08	3.91716e-08	2.11914e-08	1.12768e-08	5.9042e-09	3.04359e-09	1.54888e-09	7.86854e-10	4.17568e-10	2.68756e-10	2.68756e-10	
1.72033e-10	1.72033e-10	2.71765e-10	5.21885e-10	1.04554e-09	2.08962e-09	4.12234e-09	8.00768e-09	1.53068e-08	2.87854e-08	5.32493e-08	9.68844e-08	1.73357e-07	3.05018e-07	5.2766e-07	8.97378e-07	1.50016e-06	2.4648e-06	3.97974e-06	6.31383e-06	9.8409e-06	1.50664e-05	2.26539e-05	3.34467e-05	4.84781e-05	6.89633e-05	9.62615e-05	0.0001318	0.000176951	0.000232857	0.000300209	0.000378993	0.000468226	0.000565734	0.000668028	0.000770326	0.000866797	0.000951037	0.00101676	0.00105861	0.00107299	0.00105861	0.00101676	0.000951037	0.000866797	0.000770326	0.000668028	0.000565734	0.000468226	0.000378993	0.000300209	0.000232857	0.000176951	0.0001318	9.62615e-05	6.89633e-05	4.84781e-05	3.34467e-05	2.26539e-05	1.50664e-05	9.8409e-06	6.31383e-06	3.97974e-06	2.4648e-06	1.50016e-06	8.97378e-07	5.2766e-07	3.05018e-07	1.73357e-07	9.68844e-08	5.32494e-08	2.87858e-08	1.53076e-08	8.00953e-09	4.12649e-09	2.09883e-09	1.0657e-09	5.6526e-10	3.63663e-10	3.63663e-10	
2.28069e-10	2.28069e-10	3.60421e-10	6.92448e-10	1.38789e-09	2.77517e-09	5.47764e-09	1.06465e-08	2.03635e-08	3.83212e-08	7.09423e-08	1.29181e-07	2.31353e-07	4.07459e-07	7.05629e-07	1.20145e-06	2.01104e-06	3.3088e-06	5.35061e-06	8.50285e-06	1.32768e-05	2.0367e-05	3.069e-05	4.54175e-05	6.59965e-05	9.41433e-05	0.0001318	0.000181036	0.000243885	0.000322104	0.000416859	0.00052835	0.000655412	0.000795155	0.000942721	0.00109126	0.00123221	0.00135598	0.00145301	0.00151501	0.00153635	0.00151501	0.00145301	0.00135598	0.00123221	0.00109126	0.000942721	0.000795155	0.000655412	0.00052835	0.000416859	0.000322104	0.000243885	0.000181036	0.0001318	9.41433e-05	6.59965e-05	4.54175e-05	3.069e-05	2.0367e-05	1.32768e-05	8.50285e-06	5.35061e-06	3.3088e-06	2.01104e-06	1.20145e-06	7.05629e-07	4.07459e-07	2.31353e-07	1.29182e-07	7.09425e-08	3.83217e-08	2.03646e-08	1.06489e-08	5.48314e-09	2.78738e-09	1.41459e-09	7.49947e-10	4.82286e-10	4.82286e-10	
2.96296e-10	2.96296e-10	4.68412e-10	9.00322e-10	1.80534e-09	3.61161e-09	7.13229e-09	1.38703e-08	2.6546e-08	4.99895e-08	9.26116e-08	1.68776e-07	3.02533e-07	5.33338e-07	9.24607e-07	1.57613e-06	2.64158e-06	4.35234e-06	7.04895e-06	1.12206e-05	1.7553e-05	2.69814e-05	4.07473e-05	6.04479e-05	8.80708e-05	0.000125996	0.000176951	0.000243885	0.000329766	0.000437254	0.000568266	0.000723444	0.000901554	0.00109891	0.00130893	0.00152199	0.00172572	0.00190588	0.00204796	0.00213918	0.00217065	0.00213918	0.00204796	0.00190588	0.00172572	0.00152199	0.00130894	0.00109891	0.000901554	0.000723444	0.000568266	0.000437254	0.000329766	0.000243885	0.000176951	0.000125996	8.80708e-05	6.04479e-05	4.07473e-05	2.69814e-05	1.7553e-05	1.12206e-05	7.04895e-06	4.35234e-06	2.64158e-06	1.57613e-06	9.24607e-07	5.33338e-07	3.02533e-07	1.68776e-07	9.26119e-08	4.99901e-08	2.65474e-08	1.38734e-08	7.13942e-09	3.62747e-09	1.84003e-09	9.75016e-10	6.26777e-10	6.26777e-10	
3.77167e-10	3.77167e-10	5.96471e-10	1.14695e-09	2.30089e-09	4.60509e-09	9.09877e-09	1.77042e-08	3.3904e-08	6.38875e-08	1.18445e-07	2.16026e-07	3.87566e-07	6.83898e-07	1.18687e-06	2.02554e-06	3.39909e-06	5.60829e-06	9.09706e-06	1.45055e-05	2.2734e-05	3.50175e-05	5.30034e-05	7.88263e-05	0.000115164	0.000165255	0.000232857	0.000322104	0.000437254	0.000582265	0.000760222	0.000972584	0.00121831	0.00149297	0.00178795	0.00209001	0.00238155	0.00264166	0.00284841	0.00298196	0.0030282	0.00298196	0.00284841	0.00264166	0.00238155	0.00209001	0.00178795	0.00149297	0.00121831	0.000972584	0.000760222	0.000582265	0.000437254	0.000322104	0.000232857	0.000165255	0.000115164	7.88263e-05	5.30034e-05	3.50175e-05	2.2734e-05	1.45055e-05	9.09706e-06	5.60829e-06	3.39909e-06	2.02554e-06	1.18687e-06	6.83898e-07	3.87566e-07	2.16027e-07	1.18445e-07	6.38883e-08	3.39058e-08	1.77082e-08	9.10784e-09	4.62525e-09	2.34502e-09	1.24203e-09	7.98112e-10	7.98112e-10	
4.70363e-10	4.70363e-10	7.44109e-10	1.43143e-09	2.87278e-09	5.75223e-09	1.13708e-08	2.21366e-08	4.24168e-08	7.99795e-08	1.48382e-07	2.70836e-07	4.86309e-07	8.58939e-07	1.49217e-06	2.54946e-06	4.28365e-06	7.07752e-06	1.14978e-05	1.83644e-05	2.88358e-05	4.45082e-05	6.75235e-05	0.000100676	0.000147501	0.00021232	0.000300209	0.000416859	0.000568266	0.000760223	0.000997568	0.00128318	0.00161673	0.00199334	0.00240219	0.00282565	0.0032391	0.00361216	0.00391174	0.00410689	0.00417485	0.00410689	0.00391174	0.00361216	0.0032391	0.00282565	0.00240219	0.00199334	0.00161673	0.00128318	0.000997568	0.000760223	0.000568266	0.000416859	0.000300209	0.00021232	0.000147501	0.000100676	6.75235e-05	4.45082e-05	2.88358e-05	1.83644e-05	1.14978e-05	7.07752e-06	4.28365e-06	2.54946e-06	1.49217e-06	8.58939e-07	4.86309e-07	2.70836e-07	1.48383e-07	7.99804e-08	4.2419e-08	2.21416e-08	1.13821e-08	5.77737e-09	2.9278e-09	1.54999e-09	9.95637e-10	9.95637e-10	
5.74609e-10	5.74609e-10	9.09315e-10	1.74991e-09	3.51335e-09	7.03779e-09	1.39183e-08	2.71098e-08	5.19747e-08	9.80608e-08	1.82049e-07	3.32531e-07	5.97572e-07	1.0564e-06	1.83703e-06	3.1421e-06	5.28581e-06	8.74503e-06	1.42279e-05	2.27627e-05	3.58079e-05	5.53832e-05	8.42145e-05	0.000125883	0.000184958	0.000267087	0.000378993	0.00052835	0.000723444	0.000972585	0.00128318	0.00166043	0.00210564	0.0026142	0.0031734	0.00376059	0.00434215	0.00487448	0.00530779	0.00559342	0.00569377	0.00559342	0.00530779	0.00487448	0.00434215	0.00376059	0.0031734	0.0026142	0.00210564	0.00166043	0.00128318	0.000972585	0.000723444	0.00052835	0.000378993	0.000267087	0.000184958	0.000125883	8.42145e-05	5.53832e-05	3.58079e-05	2.27627e-05	1.42279e-05	8.74503e-06	5.28581e-06	3.1421e-06	1.83703e-06	1.0564e-06	5.97572e-07	3.32531e-07	1.8205e-07	9.8062e-08	5.19774e-08	2.71159e-08	1.39322e-08	7.06848e-09	3.58053e-09	1.89474e-09	1.21666e-09	1.21666e-09	
6.87546e-10	6.87546e-10	1.08836e-09	2.09523e-09	4.20821e-09	8.433e-09	1.66847e-08	3.25133e-08	6.23662e-08	1.17733e-07	2.18708e-07	3.99769e-07	7.18952e-07	1.27206e-06	2.21412e-06	3.79102e-06	6.38484e-06	1.05769e-05	1.7233e-05	2.76145e-05	4.35181e-05	6.74432e-05	0.000102783	0.000154028	0.000226955	0.000328782	0.000468226	0.000655412	0.000901554	0.00121831	0.00161674	0.00210564	0.00268944	0.00336527	0.00411966	0.00492501	0.00573687	0.00649356	0.00712033	0.00754018	0.00768983	0.00754018	0.00712033	0.00649356	0.00573688	0.00492501	0.00411966	0.00336527	0.00268944	0.00210564	0.00161674	0.00121831	0.000901554	0.000655412	0.000468226	0.000328782	0.000226955	0.000154028	0.000102783	6.74432e-05	4.35181e-05	2.76145e-05	1.7233e-05	1.05769e-05	6.38484e-06	3.79102e-06	2.21412e-06	1.27206e-06	7.18952e-07	3.99769e-07	2.18709e-07	1.17735e-07	6.23694e-08	3.25206e-08	1.67012e-08	8.46971e-09	4.28857e-09	2.26851e-09	1.4562e-09	1.4562e-09	
8.05706e-10	8.05706e-10	1.27575e-09	2.45679e-09	4.93606e-09	9.89512e-09	1.95852e-08	3.81817e-08	7.32741e-08	1.38397e-07	2.57244e-07	4.70508e-07	8.46769e-07	1.49938e-06	2.61208e-06	4.47677e-06	7.54793e-06	1.25188e-05	2.04244e-05	3.27782e-05	5.17436e-05	8.03446e-05	0.00012271	0.00018434	0.000272375	0.000395827	0.000565735	0.000795156	0.00109891	0.00149298	0.00199334	0.0026142	0.00336528	0.00424805	0.00525082	0.00634269	0.00746726	0.00853842	0.00944384	0.0100617	0.0102863	0.0100617	0.00944384	0.00853842	0.00746726	0.00634269	0.00525082	0.00424805	0.00336528	0.0026142	0.00199334	0.00149298	0.00109891	0.000795156	0.000565735	0.000395827	0.000272375	0.00018434	0.00012271	8.03446e-05	5.17436e-05	3.27782e-05	2.04244e-05	1.25188e-05	7.54793e-06	4.47677e-06	2.61208e-06	1.49938e-06	8.46769e-07	4.70508e-07	2.57244e-07	1.38399e-07	7.32779e-08	3.81903e-08	1.96045e-08	9.93811e-09	5.03021e-09	2.65984e-09	1.70689e-09	1.70689e-09	
9.24602e-10	9.24602e-10	1.46437e-09	2.82086e-09	5.66923e-09	1.13685e-08	2.25094e-08	4.38995e-08	8.42829e-08	1.59266e-07	2.96186e-07	5.42049e-07	9.76147e-07	1.72971e-06	3.01572e-06	5.17314e-06	8.73066e-06	1.44965e-05	2.36805e-05	3.8057e-05	6.01717e-05	9.35987e-05	0.000143244	0.000215685	0.000319533	0.00046577	0.000668029	0.000942722	0.00130894	0.00178795	0.00240219	0.00317341	0.00411967	0.00525082	0.00656171	0.00802221	0.00956378	0.0110658	0.0123573	0.0132499	0.0135793	0.0132499	0.0123573	0.0110658	0.00956378	0.00802221	0.00656171	0.00525083	0.00411967	0.00317341	0.00240219	0.00178795	0.00130894	0.000942722	0.000668029	0.00046577	0.000319533	0.000215685	0.000143244	9.35987e-05	6.01717e-05	3.8057e-05	2.36805e-05	1.44965e-05	8.73066e-06	5.17314e-06	3.01572e-06	1.72971e-06	9.76147e-07	5.42049e-07	2.96187e-07	1.59267e-07	8.42872e-08	4.39093e-08	2.25315e-08	1.14179e-08	5.77725e-09	3.05386e-09	1.95922e-09	1.95922e-09	
1.03896e-09	1.03896e-09	1.64584e-09	3.17125e-09	6.37512e-09	1.27877e-08	2.53269e-08	4.94112e-08	9.49001e-08	1.79402e-07	3.33787e-07	6.11172e-07	1.10125e-06	1.95261e-06	3.40674e-06	5.84846e-06	9.87908e-06	1.64195e-05	2.68517e-05	4.32075e-05	6.84124e-05	0.00010659	0.000163427	0.000246598	0.000366222	0.000535336	0.000770327	0.00109126	0.001522	0.00209002	0.00282566	0.0037606	0.00492502	0.00634271	0.00802223	0.00994062	0.0120145	0.0140664	0.0158323	0.0170426	0.0174871	0.0170426	0.0158323	0.0140664	0.0120145	0.00994063	0.00802223	0.00634271	0.00492502	0.0037606	0.00282566	0.00209002	0.001522	0.00109126	0.000770327	0.000535336	0.000366222	0.000246598	0.000163427	0.00010659	6.84124e-05	4.32075e-05	2.68517e-05	1.64195e-05	9.87908e-06	5.84846e-06	3.40674e-06	1.95261e-06	1.10125e-06	6.11173e-07	3.33788e-07	1.79404e-07	9.49049e-08	4.94222e-08	2.53518e-08	1.2843e-08	6.49647e-09	3.43306e-09	2.20198e-09	2.20198e-09	
1.1431e-09	1.1431e-09	1.81112e-09	3.49046e-09	7.01838e-09	1.40813e-08	2.78962e-08	5.4439e-08	1.04589e-07	1.97788e-07	3.68137e-07	6.74356e-07	1.21568e-06	2.15665e-06	3.76497e-06	6.46775e-06	1.09333e-05	1.8187e-05	2.97705e-05	4.7956e-05	7.60242e-05	0.000118616	0.000182159	0.000275374	0.00040984	0.000600604	0.000866799	0.00123221	0.00172572	0.00238155	0.00323911	0.00434217	0.00573691	0.0074673	0.00956383	0.0120145	0.0147044	0.0173542	0.0195767	0.0210492	0.0215746	0.0210492	0.0195767	0.0173542	0.0147044	0.0120145	0.00956383	0.0074673	0.0057369	0.00434217	0.00323911	0.00238155	0.00172572	0.00123221	0.000866799	0.000600604	0.00040984	0.000275374	0.000182159	0.000118616	7.60242e-05	4.7956e-05	2.97705e-05	1.8187e-05	1.09333e-05	6.46775e-06	3.76497e-06	2.15665e-06	1.21568e-06	6.74356e-07	3.68138e-07	1.9779e-07	1.04595e-07	5.44511e-08	2.79235e-08	1.41422e-08	7.15187e-09	3.7785e-09	2.42308e-09	2.42308e-09	
1.23133e-09	1.23133e-09	1.95119e-09	3.76106e-09	7.5638e-09	1.51784e-08	3.00758e-08	5.87057e-08	1.12815e-07	2.13402e-07	3.97321e-07	7.28064e-07	1.313e-06	2.33029e-06	4.07003e-06	6.99555e-06	1.18327e-05	1.96964e-05	3.2266e-05	5.20214e-05	8.25514e-05	0.000128947	0.000198287	0.000300215	0.00044761	0.000657336	0.000951039	0.00135599	0.00190589	0.00264167	0.00361218	0.00487451	0.0064936	0.00853849	0.0110659	0.0140665	0.0173543	0.0205059	0.0230418	0.0246591	0.0252178	0.0246591	0.0230418	0.020506	0.0173543	0.0140665	0.0110659	0.00853849	0.0064936	0.0048745	0.00361217	0.00264167	0.00190589	0.00135598	0.000951039	0.000657336	0.00044761	0.000300215	0.000198287	0.000128947	8.25514e-05	5.20214e-05	3.2266e-05	1.96964e-05	1.18327e-05	6.99555e-06	4.07003e-06	2.33029e-06	1.313e-06	7.28064e-07	3.97322e-07	2.13405e-07	1.12821e-07	5.87188e-08	3.01053e-08	1.5244e-08	7.70757e-09	4.07132e-09	2.61046e-09	2.61046e-09	
1.29854e-09	1.29854e-09	2.0579e-09	3.96724e-09	7.97946e-09	1.60147e-08	3.17376e-08	6.19595e-08	1.19089e-07	2.25316e-07	4.19596e-07	7.69074e-07	1.38734e-06	2.463e-06	4.30331e-06	7.3994e-06	1.25213e-05	2.0853e-05	3.41801e-05	5.51429e-05	8.75695e-05	0.000136902	0.000210726	0.000319414	0.000476876	0.000701428	0.00101676	0.00145301	0.00204797	0.00284843	0.00391176	0.00530782	0.00712039	0.00944396	0.0123575	0.0158326	0.019577	0.023042	0.0257361	0.0274145	0.0279841	0.0274145	0.0257361	0.0230421	0.019577	0.0158326	0.0123575	0.00944394	0.00712038	0.00530782	0.00391176	0.00284842	0.00204797	0.00145301	0.00101676	0.000701428	0.000476876	0.000319414	0.000210726	0.000136902	8.75695e-05	5.51429e-05	3.41801e-05	2.0853e-05	1.25213e-05	7.3994e-06	4.30331e-06	2.463e-06	1.38734e-06	7.69074e-07	4.19598e-07	2.25319e-07	1.19095e-07	6.19733e-08	3.17686e-08	1.60838e-08	8.13106e-09	4.29443e-09	2.7532e-09	2.7532e-09	
1.34063e-09	1.34063e-09	2.12474e-09	4.0964e-09	8.23988e-09	1.65387e-08	3.2779e-08	6.39989e-08	1.23023e-07	2.32786e-07	4.33567e-07	7.948e-07	1.43399e-06	2.5463e-06	4.4498e-06	7.6531e-06	1.29541e-05	2.15803e-05	3.53845e-05	5.71086e-05	9.07321e-05	0.00014192	0.000218584	0.000331559	0.000495422	0.000729431	0.00105861	0.00151502	0.00213919	0.00298197	0.00410692	0.00559346	0.00754026	0.0100619	0.0132501	0.017043	0.0210497	0.0246596	0.0274148	0.0291136	0.0296861	0.0291136	0.0274148	0.0246596	0.0210497	0.0170429	0.0132501	0.0100618	0.00754023	0.00559344	0.00410691	0.00298197	0.00213919	0.00151502	0.00105861	0.000729431	0.000495422	0.000331559	0.000218584	0.00014192	9.07321e-05	5.71086e-05	3.53845e-05	2.15803e-05	1.29541e-05	7.6531e-06	4.4498e-06	2.5463e-06	1.43399e-06	7.94801e-07	4.33568e-07	2.32789e-07	1.23029e-07	6.40131e-08	3.2811e-08	1.66101e-08	8.39638e-09	4.43419e-09	2.84261e-09	2.84261e-09	
1.35497e-09	1.35497e-09	2.14751e-09	4.14039e-09	8.32858e-09	1.67172e-08	3.31337e-08	6.46938e-08	1.24363e-07	2.35332e-07	4.38328e-07	8.03569e-07	1.44989e-06	2.5747e-06	4.49975e-06	7.73963e-06	1.31017e-05	2.18285e-05	3.57957e-05	5.77798e-05	9.18127e-05	0.000143636	0.000221271	0.000335716	0.000501776	0.000739036	0.00107299	0.00153636	0.00217066	0.00302821	0.00417486	0.0056938	0.00768989	0.0102864	0.0135795	0.0174876	0.0215752	0.0252185	0.0279846	0.0296864	0.0302591	0.0296864	0.0279846	0.0252185	0.0215752	0.0174875	0.0135794	0.0102863	0.00768985	0.00569378	0.00417485	0.00302821	0.00217065	0.00153635	0.00107299	0.000739035	0.000501776	0.000335716	0.000221271	0.000143636	9.18127e-05	5.77798e-05	3.57957e-05	2.18285e-05	1.31017e-05	7.73963e-06	4.49975e-06	2.5747e-06	1.44989e-06	8.03569e-07	4.38329e-07	2.35335e-07	1.24369e-07	6.47081e-08	3.31662e-08	1.67893e-08	8.48675e-09	4.48179e-09	2.87306e-09	2.87306e-09	
1.34063e-09	1.34063e-09	2.12474e-09	4.0964e-09	8.23988e-09	1.65387e-08	3.2779e-08	6.39989e-08	1.23023e-07	2.32786e-07	4.33567e-07	7.948e-07	1.43399e-06	2.5463e-06	4.4498e-06	7.6531e-06	1.29541e-05	2.15803e-05	3.53845e-05	5.71086e-05	9.07321e-05	0.00014192	0.000218584	0.000331559	0.000495422	0.00072943	0.00105861	0.00151501	0.00213918	0.00298196	0.00410689	0.00559342	0.00754018	0.0100618	0.0132499	0.0170428	0.0210496	0.0246596	0.0274149	0.0291137	0.0296862	0.0291137	0.0274149	0.0246597	0.0210496	0.0170428	0.0132499	0.0100617	0.00754015	0.00559339	0.00410688	0.00298195	0.00213918	0.00151501	0.00105861	0.00072943	0.000495422	0.000331559	0.000218583	0.00014192	9.07321e-05	5.71085e-05	3.53845e-05	2.15803e-05	1.29541e-05	7.6531e-06	4.4498e-06	2.5463e-06	1.43399e-06	7.94801e-07	4.33568e-07	2.32789e-07	1.23029e-07	6.40131e-08	3.2811e-08	1.66101e-08	8.39638e-09	4.43419e-09	2.84261e-09	2.84261e-09	
