4.87023e-14	4.87023e-14	6.87395e-14	1.15777e-13	2.05671e-13	3.67408e-13	6.50436e-13	1.13634e-12	1.95667e-12	3.31928e-12	5.54628e-12	9.12707e-12	1.47904e-11	2.3599e-11	3.70703e-11	5.73223e-11	8.72444e-11	1.30683e-10	1.92625e-10	2.79366e-10	3.98611e-10	5.59488e-10	7.72411e-10	1.04875e-09	1.40029e-09	1.83839e-09	2.37291e-09	3.01097e-09	3.75552e-09	4.60393e-09	5.54681e-09	6.56715e-09	7.63999e-09	8.7329e-09	9.80721e-09	1.082e-08	1.17268e-08	1.24849e-08	1.30566e-08	1.34122e-08	1.35329e-08	1.34122e-08	1.30566e-08	1.24849e-08	1.17268e-08	1.082e-08	9.80721e-09	8.7329e-09	7.63999e-09	6.56715e-09	5.54681e-09	4.60393e-09	3.75552e-09	3.01097e-09	2.37291e-09	1.83839e-09	1.40029e-09	1.04875e-09	7.72411e-10	5.59488e-10	3.98611e-10	2.79366e-10	1.92625e-10	1.30683e-10	8.72444e-11	5.73223e-11	3.70703e-11	2.3599e-11	1.47904e-11	9.12712e-12	5.54638e-12	3.31948e-12	1.95708e-12	1.13718e-12	6.52117e-13	3.70722e-13	2.12111e-13	1.28115e-13	9.20317e-14	9.20317e-14	
4.87023e-14	4.87023e-14	6.87395e-14	1.15777e-13	2.05671e-13	3.67408e-13	6.50436e-13	1.13634e-12	1.95667e-12	3.31928e-12	5.54628e-12	9.12707e-12	1.47904e-11	2.3599e-11	3.70703e-11	5.73223e-11	8.72444e-11	1.30683e-10	1.92625e-10	2.79366e-10	3.98611e-10	5.59488e-10	7.72411e-10	1.04875e-09	1.40029e-09	1.83839e-09	2.37291e-09	3.01097e-09	3.75552e-09	4.60393e-09	5.54681e-09	6.56715e-09	7.63999e-09	8.7329e-09	9.80721e-09	1.082e-08	1.17268e-08	1.24849e-08	1.30566e-08	1.34122e-08	1.35329e-08	1.34122e-08	1.30566e-08	1.24849e-08	1.17268e-08	1.082e-08	9.80721e-09	8.7329e-09	7.63999e-09	6.56715e-09	5.54681e-09	4.60393e-09	3.75552e-09	3.01097e-09	2.37291e-09	1.83839e-09	1.40029e-09	1.04875e-09	7.72411e-10	5.59488e-10	3.98611e-10	2.79366e-10	1.92625e-10	1.30683e-10	8.72444e-11	5.73223e-11	3.70703e-11	2.3599e-11	1.47904e-11	9.12712e-12	5.54638e-12	3.31948e-12	1.95708e-12	1.13718e-12	6.52117e-13	3.70722e-13	2.12111e-13	1.28115e-13	9.20317e-14	9.20317e-14	
6.87395e-14	6.87395e-14	9.7039e-14	1.63482e-13	2.90488e-13	5.19055e-13	9.1914e-13	1.60622e-12	2.76654e-12	4.69455e-12	7.84674e-12	1.2917e-11	2.09391e-11	3.34217e-11	5.25197e-11	8.12432e-11	1.23701e-10	1.85366e-10	2.73341e-10	3.96598e-10	5.66126e-10	7.94958e-10	1.09798e-09	1.49145e-09	1.99226e-09	2.61669e-09	3.37896e-09	4.28934e-09	5.35216e-09	6.56384e-09	7.91104e-09	9.36952e-09	1.09037e-08	1.24671e-08	1.40045e-08	1.54542e-08	1.67525e-08	1.78382e-08	1.86569e-08	1.91663e-08	1.93392e-08	1.91663e-08	1.86569e-08	1.78382e-08	1.67525e-08	1.54542e-08	1.40045e-08	1.24671e-08	1.09037e-08	9.36952e-09	7.91104e-09	6.56384e-09	5.35216e-09	4.28934e-09	3.37896e-09	2.61669e-09	1.99226e-09	1.49145e-09	1.09798e-09	7.94958e-10	5.66126e-10	3.96598e-10	2.73341e-10	1.85366e-10	1.23701e-10	8.12432e-11	5.25197e-11	3.34218e-11	2.09392e-11	1.29171e-11	7.84688e-12	4.69483e-12	2.76712e-12	1.6074e-12	9.21511e-13	5.2373e-13	2.99577e-13	1.80895e-13	1.29921e-13	1.29921e-13	
1.15777e-13	1.15777e-13	1.63482e-13	2.75506e-13	4.89698e-13	8.75292e-13	1.55048e-12	2.71044e-12	4.67016e-12	7.92787e-12	1.32564e-11	2.18315e-11	3.54056e-11	5.65381e-11	8.88875e-11	1.37569e-10	2.09568e-10	3.14202e-10	4.63571e-10	6.72974e-10	9.61174e-10	1.35044e-09	1.86625e-09	2.53649e-09	3.39012e-09	4.45518e-09	5.75619e-09	7.311e-09	9.12732e-09	1.11993e-08	1.35043e-08	1.60012e-08	1.8629e-08	2.13082e-08	2.39438e-08	2.64301e-08	2.86575e-08	3.05206e-08	3.19259e-08	3.28004e-08	3.30972e-08	3.28004e-08	3.19259e-08	3.05206e-08	2.86575e-08	2.64301e-08	2.39438e-08	2.13082e-08	1.8629e-08	1.60012e-08	1.35043e-08	1.11993e-08	9.12732e-09	7.311e-09	5.75619e-09	4.45518e-09	3.39012e-09	2.53649e-09	1.86625e-09	1.35044e-09	9.61174e-10	6.72974e-10	4.63571e-10	3.14202e-10	2.09568e-10	1.37569e-10	8.88875e-11	5.65381e-11	3.54056e-11	2.18316e-11	1.32567e-11	7.92835e-12	4.67114e-12	2.71243e-12	1.55447e-12	8.83163e-13	5.05002e-13	3.04835e-13	2.18878e-13	2.18878e-13	
2.05671e-13	2.05671e-13	2.90488e-13	4.89698e-13	8.70692e-13	1.55679e-12	2.75859e-12	4.82405e-12	8.31503e-12	1.41207e-11	2.36212e-11	3.89173e-11	6.31427e-11	1.00877e-10	1.58672e-10	2.45693e-10	3.74473e-10	5.61734e-10	8.29226e-10	1.20446e-09	1.72123e-09	2.41969e-09	3.34582e-09	4.55004e-09	6.08479e-09	8.00097e-09	1.03432e-08	1.31443e-08	1.64185e-08	2.0156e-08	2.43164e-08	2.88255e-08	3.35736e-08	3.84171e-08	4.31838e-08	4.76822e-08	5.17137e-08	5.50866e-08	5.76313e-08	5.92149e-08	5.97526e-08	5.92149e-08	5.76313e-08	5.50866e-08	5.17137e-08	4.76822e-08	4.31838e-08	3.84171e-08	3.35736e-08	2.88255e-08	2.43164e-08	2.0156e-08	1.64185e-08	1.31443e-08	1.03432e-08	8.00097e-09	6.08479e-09	4.55004e-09	3.34582e-09	2.41969e-09	1.72123e-09	1.20446e-09	8.29226e-10	5.61734e-10	3.74473e-10	2.45693e-10	1.58672e-10	1.00877e-10	6.31428e-11	3.89175e-11	2.36216e-11	1.41215e-11	8.31677e-12	4.8276e-12	2.76567e-12	1.57076e-12	8.97872e-13	5.418e-13	3.88921e-13	3.88921e-13	
3.67408e-13	3.67408e-13	5.19055e-13	8.75292e-13	1.55679e-12	2.78442e-12	4.93558e-12	8.63408e-12	1.48877e-11	2.52924e-11	4.23266e-11	6.97652e-11	1.13243e-10	1.81002e-10	2.8484e-10	4.41277e-10	6.72921e-10	1.00996e-09	1.49171e-09	2.16794e-09	3.09986e-09	4.36028e-09	6.03268e-09	8.20876e-09	1.09841e-08	1.44515e-08	1.86929e-08	2.37685e-08	2.97057e-08	3.6487e-08	4.40406e-08	5.22322e-08	6.08626e-08	6.96709e-08	7.83436e-08	8.65317e-08	9.38724e-08	1.00015e-07	1.04651e-07	1.07537e-07	1.08516e-07	1.07537e-07	1.04651e-07	1.00015e-07	9.38724e-08	8.65317e-08	7.83436e-08	6.96709e-08	6.08626e-08	5.22322e-08	4.40406e-08	3.6487e-08	2.97057e-08	2.37685e-08	1.86929e-08	1.44515e-08	1.09841e-08	8.20876e-09	6.03268e-09	4.36028e-09	3.09986e-09	2.16794e-09	1.49171e-09	1.00996e-09	6.72921e-10	4.41277e-10	2.8484e-10	1.81002e-10	1.13244e-10	6.97655e-11	4.23273e-11	2.52939e-11	1.48908e-11	8.6404e-12	4.94822e-12	2.80937e-12	1.60533e-12	9.68366e-13	6.94939e-13	6.94939e-13	
6.50436e-13	6.50436e-13	9.1914e-13	1.55048e-12	2.75859e-12	4.93558e-12	8.7517e-12	1.53154e-11	2.64184e-11	4.48997e-11	7.51711e-11	1.23956e-10	2.013e-10	3.21903e-10	5.06828e-10	7.85592e-10	1.19863e-09	1.79998e-09	2.66008e-09	3.86823e-09	5.53434e-09	7.78935e-09	1.07836e-08	1.46825e-08	1.96587e-08	2.58805e-08	3.34967e-08	4.26174e-08	5.32939e-08	6.5497e-08	7.90988e-08	9.38588e-08	1.09419e-07	1.25308e-07	1.40961e-07	1.55746e-07	1.69005e-07	1.80105e-07	1.88483e-07	1.93699e-07	1.9547e-07	1.93699e-07	1.88483e-07	1.80105e-07	1.69005e-07	1.55746e-07	1.40961e-07	1.25308e-07	1.09419e-07	9.38588e-08	7.90988e-08	6.5497e-08	5.32939e-08	4.26174e-08	3.34967e-08	2.58805e-08	1.96587e-08	1.46825e-08	1.07836e-08	7.78935e-09	5.53434e-09	3.86823e-09	2.66008e-09	1.79998e-09	1.19863e-09	7.85592e-10	5.06828e-10	3.21903e-10	2.01301e-10	1.23957e-10	7.51724e-11	4.49024e-11	2.64239e-11	1.53266e-11	8.77407e-12	4.97973e-12	2.8445e-12	1.71525e-12	1.2306e-12	1.2306e-12	
1.13634e-12	1.13634e-12	1.60622e-12	2.71044e-12	4.82405e-12	8.63408e-12	1.53154e-11	2.68121e-11	4.62683e-11	7.8669e-11	1.31766e-10	2.17383e-10	3.53193e-10	5.65085e-10	8.90182e-10	1.38056e-09	2.1076e-09	3.16686e-09	4.68294e-09	6.81406e-09	9.75518e-09	1.37389e-08	1.90326e-08	2.59312e-08	3.47428e-08	4.57689e-08	5.92766e-08	7.54656e-08	9.44305e-08	1.16124e-07	1.40321e-07	1.66596e-07	1.94314e-07	2.22636e-07	2.50551e-07	2.7693e-07	3.00598e-07	3.20418e-07	3.35383e-07	3.447e-07	3.47863e-07	3.447e-07	3.35383e-07	3.20418e-07	3.00598e-07	2.7693e-07	2.50551e-07	2.22636e-07	1.94314e-07	1.66596e-07	1.40321e-07	1.16124e-07	9.44305e-08	7.54656e-08	5.92766e-08	4.57689e-08	3.47428e-08	2.59312e-08	1.90326e-08	1.37389e-08	9.75518e-09	6.81406e-09	4.68294e-09	3.16686e-09	2.1076e-09	1.38056e-09	8.90182e-10	5.65085e-10	3.53193e-10	2.17384e-10	1.31768e-10	7.86737e-11	4.62779e-11	2.68316e-11	1.53545e-11	8.71118e-12	4.97411e-12	2.9983e-12	2.15049e-12	2.15049e-12	
1.95667e-12	1.95667e-12	2.76654e-12	4.67016e-12	8.31503e-12	1.48877e-11	2.64184e-11	4.62683e-11	7.98768e-11	1.35873e-10	2.27687e-10	3.75814e-10	6.10919e-10	9.77956e-10	1.54145e-09	2.39198e-09	3.65388e-09	5.49371e-09	8.12898e-09	1.18362e-08	1.69565e-08	2.38975e-08	3.31287e-08	4.51685e-08	6.05603e-08	7.98368e-08	1.03472e-07	1.31823e-07	1.65064e-07	2.03117e-07	2.45596e-07	2.9176e-07	3.40492e-07	3.90319e-07	4.3946e-07	4.85922e-07	5.27628e-07	5.62566e-07	5.88952e-07	6.05384e-07	6.10964e-07	6.05384e-07	5.88952e-07	5.62566e-07	5.27628e-07	4.85922e-07	4.3946e-07	3.90319e-07	3.40492e-07	2.9176e-07	2.45596e-07	2.03117e-07	1.65064e-07	1.31823e-07	1.03472e-07	7.98368e-08	6.05603e-08	4.51685e-08	3.31287e-08	2.38975e-08	1.69565e-08	1.18362e-08	8.12898e-09	5.49371e-09	3.65388e-09	2.39198e-09	1.54145e-09	9.77956e-10	6.10919e-10	3.75815e-10	2.27691e-10	1.35881e-10	7.98933e-11	4.63019e-11	2.64856e-11	1.50204e-11	8.57333e-12	5.16582e-12	3.70401e-12	3.70401e-12	
3.31928e-12	3.31928e-12	4.69455e-12	7.92787e-12	1.41207e-11	2.52924e-11	4.48997e-11	7.8669e-11	1.35873e-10	2.31234e-10	3.87678e-10	6.40222e-10	1.04131e-09	1.66787e-09	2.63044e-09	4.08439e-09	6.24314e-09	9.39299e-09	1.39083e-08	2.02654e-08	2.90532e-08	4.09764e-08	5.68478e-08	7.75668e-08	1.04079e-07	1.37313e-07	1.781e-07	2.27071e-07	2.84539e-07	3.50387e-07	4.23958e-07	5.03977e-07	5.88514e-07	6.75013e-07	7.60379e-07	8.41139e-07	9.13669e-07	9.74454e-07	1.02038e-06	1.04898e-06	1.05869e-06	1.04898e-06	1.02038e-06	9.74454e-07	9.13669e-07	8.41139e-07	7.60379e-07	6.75013e-07	5.88514e-07	5.03977e-07	4.23958e-07	3.50387e-07	2.84539e-07	2.27071e-07	1.781e-07	1.37313e-07	1.04079e-07	7.75668e-08	5.68478e-08	4.09764e-08	2.90532e-08	2.02654e-08	1.39083e-08	9.39299e-09	6.24314e-09	4.08439e-09	2.63044e-09	1.66787e-09	1.04131e-09	6.40225e-10	3.87684e-10	2.31248e-10	1.35901e-10	7.87259e-11	4.50136e-11	2.55173e-11	1.45588e-11	8.76871e-12	6.28536e-12	6.28536e-12	
5.54628e-12	5.54628e-12	7.84674e-12	1.32564e-11	2.36212e-11	4.23266e-11	7.51711e-11	1.31766e-10	2.27687e-10	3.87678e-10	6.50303e-10	1.07452e-09	1.74868e-09	2.80257e-09	4.42279e-09	6.87195e-09	1.05112e-08	1.58256e-08	2.34503e-08	3.41947e-08	4.90609e-08	6.92499e-08	9.61504e-08	1.31302e-07	1.76326e-07	2.32823e-07	3.02231e-07	3.85649e-07	4.8364e-07	5.96031e-07	7.21722e-07	8.58554e-07	1.00324e-06	1.1514e-06	1.29773e-06	1.43625e-06	1.56073e-06	1.6651e-06	1.74398e-06	1.79312e-06	1.80981e-06	1.79312e-06	1.74398e-06	1.6651e-06	1.56073e-06	1.43625e-06	1.29773e-06	1.1514e-06	1.00324e-06	8.58554e-07	7.21722e-07	5.96031e-07	4.8364e-07	3.85649e-07	3.02231e-07	2.32823e-07	1.76326e-07	1.31302e-07	9.61504e-08	6.92499e-08	4.90609e-08	3.41947e-08	2.34503e-08	1.58256e-08	1.05112e-08	6.87196e-09	4.42279e-09	2.80257e-09	1.74868e-09	1.07452e-09	6.50314e-10	3.877e-10	2.27734e-10	1.31861e-10	7.53613e-11	4.27023e-11	2.4353e-11	1.46614e-11	1.05057e-11	1.05057e-11	
9.12707e-12	9.12707e-12	1.2917e-11	2.18315e-11	3.89173e-11	6.97652e-11	1.23956e-10	2.17383e-10	3.75814e-10	6.40222e-10	1.07452e-09	1.77649e-09	2.89283e-09	4.63921e-09	7.32612e-09	1.13909e-08	1.7436e-08	2.62713e-08	3.89591e-08	5.68551e-08	8.16405e-08	1.15334e-07	1.60276e-07	2.19064e-07	2.94445e-07	3.89139e-07	5.056e-07	6.45723e-07	8.10507e-07	9.99708e-07	1.21152e-06	1.44235e-06	1.68665e-06	1.93705e-06	2.18455e-06	2.41902e-06	2.62985e-06	2.80671e-06	2.94043e-06	3.02376e-06	3.05207e-06	3.02376e-06	2.94043e-06	2.80671e-06	2.62985e-06	2.41902e-06	2.18455e-06	1.93705e-06	1.68665e-06	1.44235e-06	1.21152e-06	9.99708e-07	8.10507e-07	6.45723e-07	5.056e-07	3.89139e-07	2.94445e-07	2.19064e-07	1.60276e-07	1.15334e-07	8.16405e-08	5.68551e-08	3.89591e-08	2.62713e-08	1.7436e-08	1.13909e-08	7.32612e-09	4.63921e-09	2.89283e-09	1.77649e-09	1.07454e-09	6.40259e-10	3.7589e-10	2.17539e-10	1.24269e-10	7.03831e-11	4.01211e-11	2.41435e-11	1.72941e-11	1.72941e-11	
1.47904e-11	1.47904e-11	2.09391e-11	3.54056e-11	6.31427e-11	1.13243e-10	2.013e-10	3.53193e-10	6.10919e-10	1.04131e-09	1.74868e-09	2.89283e-09	4.71369e-09	7.56438e-09	1.19539e-08	1.86e-08	2.84928e-08	4.29652e-08	6.37681e-08	9.31401e-08	1.33862e-07	1.89281e-07	2.63281e-07	3.60193e-07	4.84604e-07	6.41074e-07	8.33744e-07	1.06584e-06	1.33911e-06	1.65324e-06	2.00533e-06	2.38944e-06	2.79642e-06	3.21396e-06	3.62705e-06	4.01871e-06	4.37113e-06	4.66693e-06	4.89068e-06	5.03016e-06	5.07755e-06	5.03016e-06	4.89068e-06	4.66693e-06	4.37113e-06	4.01871e-06	3.62705e-06	3.21396e-06	2.79642e-06	2.38944e-06	2.00533e-06	1.65324e-06	1.33911e-06	1.06584e-06	8.33744e-07	6.41074e-07	4.84604e-07	3.60193e-07	2.63281e-07	1.89281e-07	1.33862e-07	9.31401e-08	6.37681e-08	4.29652e-08	2.84928e-08	1.86e-08	1.19539e-08	7.56438e-09	4.71369e-09	2.89284e-09	1.74871e-09	1.04137e-09	6.11043e-10	3.53445e-10	2.01806e-10	1.14244e-10	6.50927e-11	3.91522e-11	2.80348e-11	2.80348e-11	
2.3599e-11	2.3599e-11	3.34217e-11	5.65381e-11	1.00877e-10	1.81002e-10	3.21903e-10	5.65085e-10	9.77956e-10	1.66787e-09	2.80257e-09	4.63921e-09	7.56438e-09	1.21477e-08	1.9211e-08	2.99152e-08	4.58633e-08	6.92174e-08	1.02822e-07	1.50319e-07	2.16245e-07	3.06068e-07	4.26153e-07	5.83611e-07	7.86006e-07	1.04089e-06	1.35514e-06	1.7342e-06	2.18109e-06	2.69548e-06	3.27276e-06	3.90331e-06	4.57218e-06	5.25919e-06	5.93955e-06	6.58522e-06	7.16664e-06	7.65499e-06	8.02455e-06	8.255e-06	8.33332e-06	8.255e-06	8.02455e-06	7.65499e-06	7.16664e-06	6.58522e-06	5.93955e-06	5.25919e-06	4.57218e-06	3.90331e-06	3.27276e-06	2.69548e-06	2.18109e-06	1.7342e-06	1.35514e-06	1.04089e-06	7.86006e-07	5.83611e-07	4.26153e-07	3.06068e-07	2.16245e-07	1.50319e-07	1.02822e-07	6.92174e-08	4.58633e-08	2.99152e-08	1.9211e-08	1.21477e-08	7.56439e-09	4.63923e-09	2.80261e-09	1.66796e-09	9.78154e-10	5.65488e-10	3.2271e-10	1.82598e-10	1.03987e-10	6.25161e-11	4.47474e-11	4.47474e-11	
3.70703e-11	3.70703e-11	5.25197e-11	8.88875e-11	1.58672e-10	2.8484e-10	5.06828e-10	8.90182e-10	1.54145e-09	2.63044e-09	4.42279e-09	7.32612e-09	1.19539e-08	1.9211e-08	3.0405e-08	4.73852e-08	7.27092e-08	1.09832e-07	1.63307e-07	2.38977e-07	3.44132e-07	4.87583e-07	6.79612e-07	9.31741e-07	1.25627e-06	1.66552e-06	2.17084e-06	2.78124e-06	3.50191e-06	4.33261e-06	5.26618e-06	6.2873e-06	7.37191e-06	8.48729e-06	9.59314e-06	1.06437e-05	1.15905e-05	1.23864e-05	1.2989e-05	1.33649e-05	1.34927e-05	1.33649e-05	1.2989e-05	1.23864e-05	1.15905e-05	1.06437e-05	9.59314e-06	8.48729e-06	7.37191e-06	6.2873e-06	5.26618e-06	4.33261e-06	3.50191e-06	2.78124e-06	2.17084e-06	1.66552e-06	1.25627e-06	9.31741e-07	6.79612e-07	4.87583e-07	3.44132e-07	2.38977e-07	1.63307e-07	1.09832e-07	7.27092e-08	4.73852e-08	3.0405e-08	1.9211e-08	1.19539e-08	7.32615e-09	4.42287e-09	2.63059e-09	1.54176e-09	8.90814e-10	5.08094e-10	2.87344e-10	1.63556e-10	9.82779e-11	7.03171e-11	7.03171e-11	
5.73223e-11	5.73223e-11	8.12432e-11	1.37569e-10	2.45693e-10	4.41277e-10	7.85592e-10	1.38056e-09	2.39198e-09	4.08439e-09	6.87195e-09	1.13909e-08	1.86e-08	2.99152e-08	4.73852e-08	7.3912e-08	1.13515e-07	1.71635e-07	2.55452e-07	3.74206e-07	5.39443e-07	7.65158e-07	1.06773e-06	1.46557e-06	1.97841e-06	2.62613e-06	3.42712e-06	4.39621e-06	5.54218e-06	6.8652e-06	8.35437e-06	9.98568e-06	1.17209e-05	1.35079e-05	1.52819e-05	1.6969e-05	1.84911e-05	1.97716e-05	2.07418e-05	2.13473e-05	2.15532e-05	2.13473e-05	2.07418e-05	1.97716e-05	1.84911e-05	1.6969e-05	1.52819e-05	1.35079e-05	1.17209e-05	9.98568e-06	8.35437e-06	6.8652e-06	5.54218e-06	4.39621e-06	3.42712e-06	2.62613e-06	1.97841e-06	1.46557e-06	1.06773e-06	7.65158e-07	5.39443e-07	3.74206e-07	2.55452e-07	1.71635e-07	1.13515e-07	7.3912e-08	4.73852e-08	2.99152e-08	1.86001e-08	1.1391e-08	6.87207e-09	4.08462e-09	2.39246e-09	1.38153e-09	7.87548e-10	4.45147e-10	2.53242e-10	1.52089e-10	1.08774e-10	1.08774e-10	
8.72444e-11	8.72444e-11	1.23701e-10	2.09568e-10	3.74473e-10	6.72921e-10	1.19863e-09	2.1076e-09	3.65388e-09	6.24314e-09	1.05112e-08	1.7436e-08	2.84928e-08	4.58633e-08	7.27092e-08	1.13515e-07	1.74504e-07	2.64114e-07	3.93506e-07	5.77068e-07	8.32832e-07	1.18271e-06	1.65241e-06	2.27098e-06	3.06962e-06	4.07998e-06	5.33155e-06	6.84838e-06	8.64518e-06	1.07232e-05	1.30663e-05	1.56373e-05	1.83766e-05	2.12019e-05	2.40107e-05	2.66855e-05	2.91014e-05	3.11357e-05	3.26781e-05	3.36413e-05	3.39688e-05	3.36413e-05	3.26781e-05	3.11357e-05	2.91014e-05	2.66855e-05	2.40107e-05	2.12019e-05	1.83766e-05	1.56373e-05	1.30663e-05	1.07232e-05	8.64518e-06	6.84838e-06	5.33155e-06	4.07998e-06	3.06962e-06	2.27098e-06	1.65241e-06	1.18271e-06	8.32832e-07	5.77068e-07	3.93506e-07	2.64114e-07	1.74504e-07	1.13515e-07	7.27092e-08	4.58633e-08	2.84928e-08	1.74361e-08	1.05114e-08	6.2435e-09	3.65461e-09	2.10909e-09	1.2016e-09	6.78806e-10	3.85959e-10	2.31668e-10	1.6562e-10	1.6562e-10	
1.30683e-10	1.30683e-10	1.85366e-10	3.14202e-10	5.61734e-10	1.00996e-09	1.79998e-09	3.16686e-09	5.49371e-09	9.39299e-09	1.58256e-08	2.62713e-08	4.29652e-08	6.92174e-08	1.09832e-07	1.71635e-07	2.64114e-07	4.00159e-07	5.96861e-07	8.76298e-07	1.26622e-06	1.80043e-06	2.51875e-06	3.46631e-06	4.69185e-06	6.24507e-06	8.17264e-06	1.05132e-05	1.3291e-05	1.65098e-05	2.01461e-05	2.41437e-05	2.84107e-05	3.28194e-05	3.72094e-05	4.13962e-05	4.51826e-05	4.83744e-05	5.07965e-05	5.23098e-05	5.28245e-05	5.23098e-05	5.07965e-05	4.83744e-05	4.51826e-05	4.13962e-05	3.72094e-05	3.28194e-05	2.84107e-05	2.41437e-05	2.01461e-05	1.65098e-05	1.3291e-05	1.05132e-05	8.17264e-06	6.24507e-06	4.69185e-06	3.46631e-06	2.51875e-06	1.80043e-06	1.26622e-06	8.76298e-07	5.96861e-07	4.00159e-07	2.64114e-07	1.71635e-07	1.09832e-07	6.92175e-08	4.29652e-08	2.62715e-08	1.58259e-08	9.39351e-09	5.4948e-09	3.16907e-09	1.80443e-09	1.01877e-09	5.78932e-10	3.47305e-10	2.48182e-10	2.48182e-10	
1.92625e-10	1.92625e-10	2.73341e-10	4.63571e-10	8.29226e-10	1.49171e-09	2.66008e-09	4.68294e-09	8.12898e-09	1.39083e-08	2.34503e-08	3.89591e-08	6.37681e-08	1.02822e-07	1.63307e-07	2.55452e-07	3.93506e-07	5.96861e-07	8.9129e-07	1.31018e-06	1.89558e-06	2.69893e-06	3.78102e-06	5.21099e-06	7.06395e-06	9.41691e-06	1.23429e-05	1.5903e-05	2.01373e-05	2.50542e-05	3.06206e-05	3.6753e-05	4.33123e-05	5.01025e-05	5.68765e-05	6.33477e-05	6.92089e-05	7.41556e-05	7.79131e-05	8.02623e-05	8.10616e-05	8.02623e-05	7.79131e-05	7.41556e-05	6.92089e-05	6.33477e-05	5.68765e-05	5.01025e-05	4.33123e-05	3.6753e-05	3.06206e-05	2.50542e-05	2.01373e-05	1.5903e-05	1.23429e-05	9.41691e-06	7.06395e-06	5.21099e-06	3.78102e-06	2.69893e-06	1.89558e-06	1.31018e-06	8.9129e-07	5.96861e-07	3.93506e-07	2.55452e-07	1.63307e-07	1.02822e-07	6.37682e-08	3.89592e-08	2.34507e-08	1.3909e-08	8.13058e-09	4.6862e-09	2.66663e-09	1.50469e-09	8.54565e-10	5.12364e-10	3.65971e-10	3.65971e-10	
2.79366e-10	2.79366e-10	3.96598e-10	6.72974e-10	1.20446e-09	2.16794e-09	3.86823e-09	6.81406e-09	1.18362e-08	2.02654e-08	3.41947e-08	5.68551e-08	9.31401e-08	1.50319e-07	2.38977e-07	3.74206e-07	5.77068e-07	8.76298e-07	1.31018e-06	1.92841e-06	2.79385e-06	3.98355e-06	5.589e-06	7.71468e-06	1.04747e-05	1.3987e-05	1.83642e-05	2.37022e-05	3.00657e-05	3.74725e-05	4.58776e-05	5.51594e-05	6.51101e-05	7.54341e-05	8.57551e-05	9.56337e-05	0.000104596	0.000112171	0.000117932	0.000121536	0.000122763	0.000121536	0.000117932	0.000112171	0.000104596	9.56337e-05	8.57551e-05	7.54341e-05	6.51101e-05	5.51594e-05	4.58776e-05	3.74725e-05	3.00657e-05	2.37022e-05	1.83642e-05	1.3987e-05	1.04747e-05	7.71468e-06	5.589e-06	3.98355e-06	2.79385e-06	1.92841e-06	1.31018e-06	8.76298e-07	5.77068e-07	3.74206e-07	2.38977e-07	1.5032e-07	9.31403e-08	5.68553e-08	3.41953e-08	2.02665e-08	1.18385e-08	6.81878e-09	3.87772e-09	2.18675e-09	1.2412e-09	7.43738e-10	5.30996e-10	5.30996e-10	
3.98611e-10	3.98611e-10	5.66126e-10	9.61174e-10	1.72123e-09	3.09986e-09	5.53434e-09	9.75518e-09	1.69565e-08	2.90532e-08	4.90609e-08	8.16405e-08	1.33862e-07	2.16245e-07	3.44132e-07	5.39443e-07	8.32832e-07	1.26622e-06	1.89558e-06	2.79385e-06	4.05347e-06	5.78829e-06	8.13393e-06	1.12461e-05	1.5296e-05	2.04614e-05	2.69142e-05	3.48029e-05	4.42314e-05	5.52344e-05	6.77536e-05	8.1615e-05	9.65143e-05	0.000112012	0.000127542	0.000142439	0.000155981	0.000167446	0.000176176	0.000181643	0.000183504	0.000181643	0.000176176	0.000167446	0.000155981	0.000142439	0.000127542	0.000112012	9.65143e-05	8.1615e-05	6.77536e-05	5.52344e-05	4.42314e-05	3.48029e-05	2.69142e-05	2.04614e-05	1.5296e-05	1.12461e-05	8.13393e-06	5.78829e-06	4.05347e-06	2.79385e-06	1.89558e-06	1.26622e-06	8.32832e-07	5.39443e-07	3.44132e-07	2.16246e-07	1.33862e-07	8.16409e-08	4.90617e-08	2.90549e-08	1.69598e-08	9.76191e-09	5.54786e-09	3.12667e-09	1.77363e-09	1.06214e-09	7.57974e-10	7.57974e-10	
5.59488e-10	5.59488e-10	7.94958e-10	1.35044e-09	2.41969e-09	4.36028e-09	7.78935e-09	1.37389e-08	2.38975e-08	4.09764e-08	6.92499e-08	1.15334e-07	1.89281e-07	3.06068e-07	4.87583e-07	7.65158e-07	1.18271e-06	1.80043e-06	2.69893e-06	3.98355e-06	5.78829e-06	8.27875e-06	1.16532e-05	1.61404e-05	2.19932e-05	2.94768e-05	3.88501e-05	5.03404e-05	6.41121e-05	8.02304e-05	9.8624e-05	0.00011905	0.000141071	0.000164042	0.000187124	0.000209323	0.000229549	0.000246705	0.000259789	0.000267991	0.000270785	0.000267991	0.000259789	0.000246705	0.000229549	0.000209323	0.000187124	0.000164042	0.000141071	0.00011905	9.8624e-05	8.02304e-05	6.41121e-05	5.03404e-05	3.88501e-05	2.94768e-05	2.19932e-05	1.61404e-05	1.16532e-05	8.27875e-06	5.78829e-06	3.98355e-06	2.69893e-06	1.80043e-06	1.18271e-06	7.65158e-07	4.87583e-07	3.06068e-07	1.89281e-07	1.15335e-07	6.9251e-08	4.09786e-08	2.39021e-08	1.37483e-08	7.80831e-09	4.39787e-09	2.4932e-09	1.49216e-09	1.06435e-09	1.06435e-09	
7.72411e-10	7.72411e-10	1.09798e-09	1.86625e-09	3.34582e-09	6.03268e-09	1.07836e-08	1.90326e-08	3.31287e-08	5.68478e-08	9.61504e-08	1.60276e-07	2.63281e-07	4.26153e-07	6.79612e-07	1.06773e-06	1.65241e-06	2.51875e-06	3.78102e-06	5.589e-06	8.13393e-06	1.16532e-05	1.64322e-05	2.28024e-05	3.11323e-05	4.18119e-05	5.52261e-05	7.17191e-05	9.15485e-05	0.000114832	0.000141489	0.000171192	0.000203321	0.000236947	0.000270844	0.00030354	0.000333409	0.000358804	0.000378205	0.000390383	0.000394535	0.000390383	0.000378205	0.000358804	0.000333409	0.00030354	0.000270844	0.000236947	0.000203321	0.000171192	0.000141489	0.000114832	9.15485e-05	7.17191e-05	5.52261e-05	4.18119e-05	3.11323e-05	2.28024e-05	1.64322e-05	1.16532e-05	8.13393e-06	5.589e-06	3.78102e-06	2.51875e-06	1.65241e-06	1.06773e-06	6.79612e-07	4.26153e-07	2.63282e-07	1.60276e-07	9.61519e-08	5.68509e-08	3.31351e-08	1.90457e-08	1.08098e-08	6.08454e-09	3.44726e-09	2.0619e-09	1.47006e-09	1.47006e-09	
1.04875e-09	1.04875e-09	1.49145e-09	2.53649e-09	4.55004e-09	8.20876e-09	1.46825e-08	2.59312e-08	4.51685e-08	7.75668e-08	1.31302e-07	2.19064e-07	3.60193e-07	5.83612e-07	9.31741e-07	1.46557e-06	2.27098e-06	3.46631e-06	5.21099e-06	7.71468e-06	1.12461e-05	1.61404e-05	2.28024e-05	3.17049e-05	4.33781e-05	5.83875e-05	7.72985e-05	0.000100626	0.000128768	0.000161931	0.000200041	0.000242665	0.000288947	0.00033757	0.000386763	0.000434379	0.000478015	0.000515215	0.000543697	0.000561601	0.000567711	0.000561601	0.000543697	0.000515215	0.000478015	0.000434379	0.000386763	0.00033757	0.000288947	0.000242665	0.000200041	0.000161931	0.000128768	0.000100626	7.72985e-05	5.83875e-05	4.33781e-05	3.17049e-05	2.28024e-05	1.61404e-05	1.12461e-05	7.71468e-06	5.21099e-06	3.46631e-06	2.27098e-06	1.46557e-06	9.31741e-07	5.83612e-07	3.60193e-07	2.19065e-07	1.31304e-07	7.7571e-08	4.51772e-08	2.59488e-08	1.4718e-08	8.27912e-09	4.68771e-09	2.80213e-09	1.99688e-09	1.99688e-09	
1.40029e-09	1.40029e-09	1.99226e-09	3.39012e-09	6.08479e-09	1.09841e-08	1.96587e-08	3.47428e-08	6.05603e-08	1.04079e-07	1.76326e-07	2.94445e-07	4.84604e-07	7.86006e-07	1.25627e-06	1.97841e-06	3.06962e-06	4.69185e-06	7.06395e-06	1.04747e-05	1.5296e-05	2.19932e-05	3.11323e-05	4.33781e-05	5.94819e-05	8.0253e-05	0.000106511	0.000139017	0.000178381	0.000224951	0.000278691	0.000339055	0.000404885	0.000474345	0.000544922	0.000613513	0.000676607	0.00073057	0.000771994	0.000798083	0.000806994	0.000798083	0.000771994	0.00073057	0.000676607	0.000613513	0.000544922	0.000474345	0.000404885	0.000339055	0.000278691	0.000224951	0.000178381	0.000139017	0.000106511	8.0253e-05	5.94819e-05	4.33781e-05	3.11323e-05	2.19932e-05	1.5296e-05	1.04747e-05	7.06395e-06	4.69185e-06	3.06962e-06	1.97841e-06	1.25627e-06	7.86006e-07	4.84604e-07	2.94446e-07	1.76328e-07	1.04084e-07	6.05718e-08	3.47663e-08	1.9706e-08	1.10779e-08	6.26853e-09	3.7448e-09	2.66739e-09	2.66739e-09	
1.83839e-09	1.83839e-09	2.61669e-09	4.45518e-09	8.00097e-09	1.44515e-08	2.58805e-08	4.57689e-08	7.98368e-08	1.37313e-07	2.32823e-07	3.89139e-07	6.41074e-07	1.04089e-06	1.66553e-06	2.62613e-06	4.07998e-06	6.24507e-06	9.41691e-06	1.3987e-05	2.04614e-05	2.94768e-05	4.18119e-05	5.83875e-05	8.0253e-05	0.00010855	0.000144453	0.000189071	0.000243327	0.000307799	0.000382543	0.000466907	0.000559369	0.000657422	0.00075755	0.000855328	0.000945673	0.00102325	0.00108299	0.0011207	0.00113359	0.0011207	0.00108299	0.00102325	0.000945673	0.000855328	0.00075755	0.000657422	0.000559369	0.000466907	0.000382543	0.000307799	0.000243327	0.000189071	0.000144453	0.00010855	8.0253e-05	5.83875e-05	4.18119e-05	2.94768e-05	2.04614e-05	1.3987e-05	9.41691e-06	6.24507e-06	4.07998e-06	2.62613e-06	1.66553e-06	1.04089e-06	6.41075e-07	3.8914e-07	2.32827e-07	1.3732e-07	7.98519e-08	4.57997e-08	2.59425e-08	1.45747e-08	8.24209e-09	4.92082e-09	3.50343e-09	3.50343e-09	
2.37291e-09	2.37291e-09	3.37896e-09	5.75619e-09	1.03432e-08	1.86929e-08	3.34967e-08	5.92766e-08	1.03472e-07	1.781e-07	3.02231e-07	5.056e-07	8.33744e-07	1.35514e-06	2.17084e-06	3.42712e-06	5.33155e-06	8.17265e-06	1.23429e-05	1.83642e-05	2.69142e-05	3.88501e-05	5.52261e-05	7.72985e-05	0.000106511	0.000144453	0.000192779	0.000253092	0.000326768	0.000414745	0.00051727	0.000633626	0.000761877	0.000898679	0.00103919	0.0011772	0.0013054	0.001416	0.00150152	0.00155565	0.00157419	0.00155565	0.00150152	0.001416	0.0013054	0.0011772	0.00103919	0.000898679	0.000761877	0.000633626	0.00051727	0.000414745	0.000326768	0.000253092	0.000192779	0.000144453	0.000106511	7.72985e-05	5.52261e-05	3.88501e-05	2.69142e-05	1.83642e-05	1.23429e-05	8.17265e-06	5.33155e-06	3.42712e-06	2.17084e-06	1.35514e-06	8.33745e-07	5.05602e-07	3.02236e-07	1.7811e-07	1.03492e-07	5.93163e-08	3.35766e-08	1.88517e-08	1.06543e-08	6.3572e-09	4.524e-09	4.524e-09	
3.01097e-09	3.01097e-09	4.28934e-09	7.311e-09	1.31443e-08	2.37685e-08	4.26174e-08	7.54656e-08	1.31823e-07	2.27071e-07	3.85649e-07	6.45723e-07	1.06584e-06	1.7342e-06	2.78124e-06	4.39621e-06	6.84838e-06	1.05132e-05	1.5903e-05	2.37022e-05	3.48029e-05	5.03404e-05	7.17191e-05	0.000100626	0.000139017	0.000189071	0.000253092	0.000333358	0.000431899	0.000550204	0.000688873	0.000847225	0.00102291	0.00121157	0.0014067	0.00159965	0.00178005	0.00193663	0.00205828	0.00213558	0.0021621	0.00213558	0.00205828	0.00193663	0.00178005	0.00159965	0.0014067	0.00121157	0.00102291	0.000847225	0.000688873	0.000550204	0.000431899	0.000333358	0.000253092	0.000189071	0.000139017	0.000100626	7.17191e-05	5.03404e-05	3.48029e-05	2.37022e-05	1.5903e-05	1.05132e-05	6.84838e-06	4.39621e-06	2.78124e-06	1.7342e-06	1.06584e-06	6.45725e-07	3.85654e-07	2.27083e-07	1.31848e-07	7.55159e-08	4.27188e-08	2.39699e-08	1.35388e-08	8.07361e-09	5.74287e-09	5.74287e-09	
3.75552e-09	3.75552e-09	5.35216e-09	9.12732e-09	1.64185e-08	2.97057e-08	5.32939e-08	9.44306e-08	1.65064e-07	2.84539e-07	4.8364e-07	8.10507e-07	1.33911e-06	2.18109e-06	3.50191e-06	5.54218e-06	8.64519e-06	1.3291e-05	2.01373e-05	3.00657e-05	4.42314e-05	6.41121e-05	9.15485e-05	0.000128768	0.000178381	0.000243327	0.000326768	0.000431899	0.000561667	0.00071839	0.000903281	0.00111589	0.00135354	0.00161077	0.00187896	0.00214634	0.00239834	0.00261866	0.00279094	0.00290092	0.00293875	0.00290092	0.00279094	0.00261866	0.00239834	0.00214634	0.00187896	0.00161077	0.00135354	0.00111589	0.000903281	0.00071839	0.000561667	0.000431899	0.000326768	0.000243327	0.000178381	0.000128768	9.15485e-05	6.41121e-05	4.42314e-05	3.00657e-05	2.01373e-05	1.3291e-05	8.64518e-06	5.54218e-06	3.50191e-06	2.18109e-06	1.33911e-06	8.1051e-07	4.83647e-07	2.84554e-07	1.65094e-07	9.44932e-08	5.34202e-08	2.99566e-08	1.69105e-08	1.00785e-08	7.16585e-09	7.16585e-09	
4.60393e-09	4.60393e-09	6.56384e-09	1.11993e-08	2.0156e-08	3.6487e-08	6.5497e-08	1.16124e-07	2.03117e-07	3.50387e-07	5.96031e-07	9.99708e-07	1.65325e-06	2.69548e-06	4.33261e-06	6.8652e-06	1.07232e-05	1.65098e-05	2.50542e-05	3.74725e-05	5.52345e-05	8.02305e-05	0.000114832	0.000161931	0.000224951	0.000307799	0.000414746	0.000550204	0.00071839	0.000922836	0.00116576	0.00144732	0.00176471	0.0021114	0.00247636	0.0028438	0.00319351	0.00350211	0.00374539	0.0039017	0.00395568	0.0039017	0.00374539	0.00350211	0.00319351	0.0028438	0.00247636	0.0021114	0.00176471	0.00144732	0.00116576	0.000922836	0.00071839	0.000550204	0.000414746	0.000307799	0.000224951	0.000161931	0.000114832	8.02305e-05	5.52345e-05	3.74725e-05	2.50542e-05	1.65098e-05	1.07232e-05	6.8652e-06	4.33261e-06	2.69549e-06	1.65325e-06	9.99712e-07	5.96039e-07	3.50406e-07	2.03155e-07	1.162e-07	6.56517e-08	3.67945e-08	2.07588e-08	1.23653e-08	8.78811e-09	8.78811e-09	
5.54681e-09	5.54681e-09	7.91104e-09	1.35043e-08	2.43164e-08	4.40406e-08	7.90988e-08	1.40321e-07	2.45596e-07	4.23958e-07	7.21722e-07	1.21152e-06	2.00533e-06	3.27276e-06	5.26618e-06	8.35437e-06	1.30663e-05	2.01461e-05	3.06206e-05	4.58777e-05	6.77536e-05	9.86241e-05	0.000141489	0.000200041	0.000278691	0.000382544	0.000517271	0.000688874	0.000903281	0.00116576	0.00148012	0.00184769	0.00226608	0.00272793	0.00321966	0.00372065	0.00420325	0.00463415	0.00497752	0.00520007	0.00527737	0.00520007	0.00497752	0.00463415	0.00420325	0.00372065	0.00321966	0.00272793	0.00226608	0.00184769	0.00148012	0.00116576	0.000903281	0.000688874	0.000517271	0.000382544	0.000278691	0.000200041	0.000141489	9.86241e-05	6.77536e-05	4.58777e-05	3.06206e-05	2.01461e-05	1.30663e-05	8.35437e-06	5.26618e-06	3.27276e-06	2.00533e-06	1.21153e-06	7.21733e-07	4.2398e-07	2.45641e-07	1.40413e-07	7.92849e-08	4.44108e-08	2.50424e-08	1.49092e-08	1.05918e-08	1.05918e-08	
6.56715e-09	6.56715e-09	9.36952e-09	1.60012e-08	2.88255e-08	5.22322e-08	9.38588e-08	1.66596e-07	2.9176e-07	5.03977e-07	8.58554e-07	1.44235e-06	2.38944e-06	3.90331e-06	6.2873e-06	9.98569e-06	1.56373e-05	2.41437e-05	3.6753e-05	5.51594e-05	8.16151e-05	0.00011905	0.000171192	0.000242665	0.000339055	0.000466908	0.000633626	0.000847226	0.0011159	0.00144732	0.00184769	0.00232041	0.00286443	0.00347233	0.00412825	0.00480616	0.00546898	0.00606964	0.00655502	0.00687344	0.006985	0.00687344	0.00655502	0.00606965	0.00546898	0.00480616	0.00412825	0.00347233	0.00286443	0.00232041	0.00184769	0.00144732	0.0011159	0.000847226	0.000633626	0.000466908	0.000339055	0.000242665	0.000171192	0.00011905	8.16151e-05	5.51594e-05	3.6753e-05	2.41437e-05	1.56373e-05	9.98569e-06	6.2873e-06	3.90331e-06	2.38944e-06	1.44235e-06	8.58566e-07	5.04003e-07	2.91813e-07	1.66705e-07	9.4079e-08	5.26702e-08	2.96849e-08	1.76644e-08	1.25445e-08	1.25445e-08	
7.63999e-09	7.63999e-09	1.09037e-08	1.8629e-08	3.35736e-08	6.08627e-08	1.09419e-07	1.94314e-07	3.40492e-07	5.88514e-07	1.00324e-06	1.68665e-06	2.79642e-06	4.57218e-06	7.37191e-06	1.17209e-05	1.83766e-05	2.84107e-05	4.33123e-05	6.51101e-05	9.65144e-05	0.000141071	0.000203322	0.000288948	0.000404885	0.00055937	0.000761879	0.00102291	0.00135355	0.00176472	0.00226608	0.00286444	0.00356156	0.00435147	0.00521722	0.00612748	0.00703381	0.00787032	0.00855807	0.00901622	0.00917874	0.00901622	0.00855807	0.00787033	0.00703382	0.00612748	0.00521722	0.00435147	0.00356156	0.00286444	0.00226608	0.00176472	0.00135355	0.00102291	0.000761879	0.00055937	0.000404885	0.000288948	0.000203322	0.000141071	9.65144e-05	6.51101e-05	4.33123e-05	2.84107e-05	1.83766e-05	1.17209e-05	7.37191e-06	4.57219e-06	2.79642e-06	1.68666e-06	1.00325e-06	5.88544e-07	3.40554e-07	1.94441e-07	1.09675e-07	6.13719e-08	3.4573e-08	2.05639e-08	1.45985e-08	1.45985e-08	
8.7329e-09	8.7329e-09	1.24671e-08	2.13082e-08	3.84171e-08	6.96709e-08	1.25308e-07	2.22636e-07	3.90319e-07	6.75013e-07	1.1514e-06	1.93705e-06	3.21396e-06	5.25919e-06	8.48729e-06	1.35079e-05	2.12019e-05	3.28194e-05	5.01025e-05	7.54342e-05	0.000112012	0.000164042	0.000236948	0.00033757	0.000474346	0.000657424	0.000898681	0.00121158	0.00161077	0.00211141	0.00272794	0.00347234	0.00435148	0.00536349	0.00649292	0.00770463	0.00893717	0.0100986	0.0110709	0.0117287	0.0119653	0.0117287	0.0110709	0.0100986	0.00893718	0.00770463	0.00649293	0.00536349	0.00435148	0.00347234	0.00272794	0.0021114	0.00161077	0.00121158	0.000898681	0.000657423	0.000474345	0.00033757	0.000236948	0.000164042	0.000112012	7.54342e-05	5.01025e-05	3.28194e-05	2.12019e-05	1.35079e-05	8.48729e-06	5.25919e-06	3.21396e-06	1.93705e-06	1.15142e-06	6.75048e-07	3.90389e-07	2.22781e-07	1.25601e-07	7.02527e-08	3.95591e-08	2.35198e-08	1.66917e-08	1.66917e-08	
9.80721e-09	9.80721e-09	1.40045e-08	2.39438e-08	4.31838e-08	7.83437e-08	1.40961e-07	2.50551e-07	4.3946e-07	7.60379e-07	1.29773e-06	2.18455e-06	3.62705e-06	5.93955e-06	9.59315e-06	1.52819e-05	2.40107e-05	3.72094e-05	5.68765e-05	8.57552e-05	0.000127542	0.000187125	0.000270845	0.000386764	0.000544923	0.000757552	0.0010392	0.0014067	0.00187897	0.00247637	0.00321967	0.00412827	0.00521724	0.00649294	0.00794599	0.00954061	0.0111998	0.0127926	0.0141416	0.0150599	0.0153923	0.0150599	0.0141416	0.0127926	0.0111998	0.00954062	0.00794599	0.00649294	0.00521724	0.00412826	0.00321967	0.00247637	0.00187897	0.0014067	0.0010392	0.000757552	0.000544923	0.000386764	0.000270845	0.000187125	0.000127542	8.57551e-05	5.68765e-05	3.72094e-05	2.40107e-05	1.52819e-05	9.59315e-06	5.93956e-06	3.62705e-06	2.18456e-06	1.29775e-06	7.60418e-07	4.39539e-07	2.50714e-07	1.41289e-07	7.89967e-08	4.4466e-08	2.64275e-08	1.87499e-08	1.87499e-08	
1.082e-08	1.082e-08	1.54542e-08	2.64301e-08	4.76822e-08	8.65317e-08	1.55746e-07	2.7693e-07	4.85922e-07	8.4114e-07	1.43625e-06	2.41902e-06	4.01871e-06	6.58522e-06	1.06437e-05	1.6969e-05	2.66855e-05	4.13962e-05	6.33478e-05	9.56338e-05	0.000142439	0.000209323	0.00030354	0.000434379	0.000613514	0.000855331	0.0011772	0.00159965	0.00214635	0.00284381	0.00372067	0.00480618	0.00612751	0.00770467	0.00954065	0.011602	0.0137871	0.0159	0.0176781	0.0188727	0.0193008	0.0188727	0.0176782	0.0159	0.0137871	0.011602	0.00954066	0.00770467	0.00612751	0.00480618	0.00372067	0.00284381	0.00214635	0.00159965	0.0011772	0.00085533	0.000613514	0.000434379	0.00030354	0.000209323	0.000142439	9.56338e-05	6.33478e-05	4.13962e-05	2.66855e-05	1.6969e-05	1.06437e-05	6.58522e-06	4.01872e-06	2.41903e-06	1.43627e-06	8.41182e-07	4.8601e-07	2.7711e-07	1.56107e-07	8.72519e-08	4.90966e-08	2.91703e-08	2.06908e-08	2.06908e-08	
1.17268e-08	1.17268e-08	1.67525e-08	2.86575e-08	5.17137e-08	9.38724e-08	1.69005e-07	3.00599e-07	5.27628e-07	9.13669e-07	1.56073e-06	2.62985e-06	4.37113e-06	7.16664e-06	1.15905e-05	1.84912e-05	2.91014e-05	4.51827e-05	6.92089e-05	0.000104596	0.000155981	0.000229549	0.00033341	0.000478016	0.000676608	0.000945676	0.0013054	0.00178006	0.00239835	0.00319353	0.00420328	0.00546902	0.00703388	0.00893726	0.0111999	0.0137871	0.0165474	0.0191833	0.0213416	0.0227491	0.0232422	0.0227491	0.0213416	0.0191833	0.0165474	0.0137872	0.0111999	0.00893726	0.00703387	0.00546902	0.00420327	0.00319352	0.00239835	0.00178006	0.0013054	0.000945675	0.000676608	0.000478016	0.00033341	0.000229549	0.000155981	0.000104596	6.92089e-05	4.51826e-05	2.91014e-05	1.84912e-05	1.15905e-05	7.16664e-06	4.37113e-06	2.62986e-06	1.56075e-06	9.13715e-07	5.27723e-07	3.00793e-07	1.69397e-07	9.46526e-08	5.32463e-08	3.16273e-08	2.24291e-08	2.24291e-08	
1.24849e-08	1.24849e-08	1.78382e-08	3.05206e-08	5.50866e-08	1.00015e-07	1.80105e-07	3.20418e-07	5.62566e-07	9.74454e-07	1.6651e-06	2.80671e-06	4.66694e-06	7.65499e-06	1.23864e-05	1.97716e-05	3.11357e-05	4.83744e-05	7.41557e-05	0.000112171	0.000167446	0.000246706	0.000358805	0.000515216	0.000730571	0.00102325	0.001416	0.00193663	0.00261867	0.00350213	0.00463418	0.0060697	0.00787042	0.0100987	0.0127928	0.0159002	0.0191835	0.0222302	0.0246402	0.0261664	0.0266898	0.0261664	0.0246402	0.0222303	0.0191835	0.0159002	0.0127928	0.0100987	0.0078704	0.00606968	0.00463417	0.00350212	0.00261867	0.00193663	0.001416	0.00102325	0.000730571	0.000515216	0.000358804	0.000246705	0.000167446	0.000112171	7.41557e-05	4.83744e-05	3.11357e-05	1.97716e-05	1.23864e-05	7.65499e-06	4.66694e-06	2.80672e-06	1.66512e-06	9.74503e-07	5.62667e-07	3.20625e-07	1.80522e-07	1.00846e-07	5.6718e-08	3.36824e-08	2.38826e-08	2.38826e-08	
1.30566e-08	1.30566e-08	1.8657e-08	3.19259e-08	5.76313e-08	1.04651e-07	1.88483e-07	3.35383e-07	5.88953e-07	1.02038e-06	1.74398e-06	2.94043e-06	4.89068e-06	8.02455e-06	1.2989e-05	2.07418e-05	3.26782e-05	5.07965e-05	7.79132e-05	0.000117932	0.000176176	0.000259789	0.000378205	0.000543698	0.000771995	0.00108299	0.00150152	0.00205829	0.00279095	0.00374541	0.00497755	0.00655508	0.00855818	0.0110711	0.0141419	0.0176786	0.0213421	0.0246405	0.0271805	0.0287595	0.0292944	0.0287595	0.0271805	0.0246405	0.0213421	0.0176786	0.0141419	0.0110711	0.00855813	0.00655505	0.00497752	0.0037454	0.00279094	0.00205828	0.00150152	0.00108299	0.000771995	0.000543697	0.000378205	0.000259789	0.000176176	0.000117932	7.79132e-05	5.07965e-05	3.26782e-05	2.07418e-05	1.2989e-05	8.02455e-06	4.89069e-06	2.94044e-06	1.744e-06	1.02043e-06	5.89058e-07	3.35599e-07	1.88919e-07	1.0552e-07	5.93373e-08	3.52324e-08	2.49788e-08	2.49788e-08	
1.34122e-08	1.34122e-08	1.91663e-08	3.28004e-08	5.9215e-08	1.07537e-07	1.93699e-07	3.447e-07	6.05384e-07	1.04898e-06	1.79312e-06	3.02376e-06	5.03016e-06	8.25501e-06	1.33649e-05	2.13473e-05	3.36413e-05	5.23098e-05	8.02623e-05	0.000121536	0.000181643	0.000267991	0.000390383	0.000561602	0.000798083	0.0011207	0.00155565	0.00213558	0.00290092	0.00390171	0.00520008	0.00687348	0.00901631	0.0117289	0.0150603	0.0188733	0.0227498	0.026167	0.0287598	0.0303576	0.0308959	0.0303576	0.0287599	0.026167	0.0227498	0.0188732	0.0150602	0.0117288	0.00901621	0.00687342	0.00520005	0.00390168	0.00290091	0.00213557	0.00155565	0.00112069	0.000798082	0.000561601	0.000390383	0.000267991	0.000181643	0.000121536	8.02623e-05	5.23098e-05	3.36413e-05	2.13473e-05	1.33649e-05	8.25501e-06	5.03016e-06	3.02377e-06	1.79314e-06	1.04903e-06	6.05493e-07	3.44922e-07	1.94147e-07	1.08429e-07	6.09673e-08	3.61969e-08	2.56608e-08	2.56608e-08	
1.35329e-08	1.35329e-08	1.93393e-08	3.30972e-08	5.97526e-08	1.08516e-07	1.9547e-07	3.47863e-07	6.10965e-07	1.05869e-06	1.80981e-06	3.05207e-06	5.07755e-06	8.33332e-06	1.34927e-05	2.15532e-05	3.39688e-05	5.28245e-05	8.10616e-05	0.000122763	0.000183504	0.000270785	0.000394535	0.000567711	0.000806993	0.00113359	0.00157418	0.00216209	0.00293874	0.00395566	0.00527734	0.00698497	0.00917873	0.0119653	0.0153925	0.0193012	0.0232427	0.0266903	0.0292945	0.0308957	0.0314346	0.0308958	0.0292946	0.0266903	0.0232427	0.0193011	0.0153923	0.0119651	0.0091786	0.00698489	0.0052773	0.00395564	0.00293873	0.00216209	0.00157418	0.00113359	0.000806992	0.00056771	0.000394534	0.000270785	0.000183504	0.000122763	8.10616e-05	5.28245e-05	3.39688e-05	2.15532e-05	1.34927e-05	8.33332e-06	5.07755e-06	3.05208e-06	1.80984e-06	1.05875e-06	6.11074e-07	3.48087e-07	1.95921e-07	1.09416e-07	6.15206e-08	3.65243e-08	2.58923e-08	2.58923e-08	
1.34122e-08	1.34122e-08	1.91663e-08	3.28004e-08	5.9215e-08	1.07537e-07	1.93699e-07	3.447e-07	6.05384e-07	1.04898e-06	1.79312e-06	3.02376e-06	5.03016e-06	8.25501e-06	1.33649e-05	2.13473e-05	3.36413e-05	5.23098e-05	8.02623e-05	0.000121536	0.000181643	0.00026799	0.000390382	0.0005616	0.000798081	0.00112069	0.00155564	0.00213556	0.00290088	0.00390164	0.00519998	0.00687329	0.00901599	0.0117284	0.0150596	0.0188724	0.0227488	0.0261659	0.0287585	0.030356	0.0308942	0.030356	0.0287586	0.0261659	0.0227488	0.0188723	0.0150594	0.0117282	0.00901585	0.00687321	0.00519993	0.00390162	0.00290087	0.00213555	0.00155564	0.00112069	0.000798079	0.0005616	0.000390382	0.00026799	0.000181642	0.000121536	8.02623e-05	5.23098e-05	3.36413e-05	2.13473e-05	1.33649e-05	8.25501e-06	5.03016e-06	3.02377e-06	1.79314e-06	1.04903e-06	6.05493e-07	3.44922e-07	1.94147e-07	1.08429e-07	6.09673e-08	3.61969e-08	2.56608e-08	2.56608e-08	
