2.67199e-145	2.67199e-145	7.0897e-143	1.83237e-140	4.59278e-138	1.11548e-135	2.62299e-133	5.96599e-131	1.31128e-128	2.78219e-126	5.69208e-124	1.1216e-121	2.12583e-119	3.87039e-117	6.75886e-115	1.1303e-112	1.80703e-110	2.75658e-108	4.00424e-106	5.52631e-104	7.22837e-102	8.93608e-100	1.04096e-97	1.13872e-95	1.16531e-93	1.11075e-91	9.81283e-90	7.9891e-88	5.95452e-86	4.0314e-84	2.45638e-82	1.33202e-80	6.34092e-79	2.60519e-77	9.04233e-76	2.58067e-74	5.85678e-73	1.01821e-71	1.31958e-70	1.28184e-69	8.43574e-69	1.28184e-69	1.31958e-70	1.01821e-71	5.85678e-73	2.58067e-74	9.04233e-76	2.60519e-77	6.34092e-79	1.33202e-80	2.45638e-82	4.01864e-84	-3.67759e-85	-1.14265e-83	-2.28752e-82	-3.05029e-81	-2.04345e-80	-3.05029e-81	-2.28752e-82	-1.14273e-83	-4.27304e-85	-1.27533e-86	-3.16421e-88	-6.71225e-90	-1.24272e-91	-2.03993e-93	-3.00597e-95	-4.01649e-97	-4.90688e-99	-5.51936e-101	-5.75012e-103	-5.57689e-105	-5.05791e-107	-4.30641e-109	-3.45407e-111	-2.61796e-113	-1.88026e-115	-1.28287e-117	-8.38554e-120	-8.38554e-120	
2.67199e-145	2.67199e-145	7.0897e-143	1.83237e-140	4.59278e-138	1.11548e-135	2.62299e-133	5.96599e-131	1.31128e-128	2.78219e-126	5.69208e-124	1.1216e-121	2.12583e-119	3.87039e-117	6.75886e-115	1.1303e-112	1.80703e-110	2.75658e-108	4.00424e-106	5.52631e-104	7.22837e-102	8.93608e-100	1.04096e-97	1.13872e-95	1.16531e-93	1.11075e-91	9.81283e-90	7.9891e-88	5.95452e-86	4.0314e-84	2.45638e-82	1.33202e-80	6.34092e-79	2.60519e-77	9.04233e-76	2.58067e-74	5.85678e-73	1.01821e-71	1.31958e-70	1.28184e-69	8.43574e-69	1.28184e-69	1.31958e-70	1.01821e-71	5.85678e-73	2.58067e-74	9.04233e-76	2.60519e-77	6.34092e-79	1.33202e-80	2.45638e-82	4.01864e-84	-3.67759e-85	-1.14265e-83	-2.28752e-82	-3.05029e-81	-2.04345e-80	-3.05029e-81	-2.28752e-82	-1.14273e-83	-4.27304e-85	-1.27533e-86	-3.16421e-88	-6.71225e-90	-1.24272e-91	-2.03993e-93	-3.00597e-95	-4.01649e-97	-4.90688e-99	-5.51936e-101	-5.75012e-103	-5.57689e-105	-5.05791e-107	-4.30641e-109	-3.45407e-111	-2.61796e-113	-1.88026e-115	-1.28287e-117	-8.38554e-120	-8.38554e-120	
7.0897e-143	7.0897e-143	1.87634e-140	4.83718e-138	1.20934e-135	2.92975e-133	6.87163e-131	1.55897e-128	3.41779e-126	7.23313e-124	1.47605e-121	2.90105e-119	5.48446e-117	9.95965e-115	1.73479e-112	2.89365e-110	4.61417e-108	7.02058e-106	1.01716e-103	1.40014e-101	1.82657e-99	2.25215e-97	2.61656e-95	2.85467e-93	2.91346e-91	2.76953e-89	2.44001e-87	1.98101e-85	1.47234e-83	9.9395e-82	6.03837e-80	3.2644e-78	1.549e-76	6.34237e-75	2.19309e-73	6.23202e-72	1.40689e-70	2.42907e-69	3.11946e-68	3.00203e-67	1.96969e-66	3.00203e-67	3.11946e-68	2.42907e-69	1.40689e-70	6.23202e-72	2.19309e-73	6.34237e-75	1.549e-76	3.2644e-78	6.03837e-80	9.90461e-82	-1.01861e-82	-3.10917e-81	-6.20749e-80	-8.2548e-79	-5.5151e-78	-8.2548e-79	-6.20749e-80	-3.10937e-81	-1.16585e-82	-3.48894e-84	-8.67951e-86	-1.84609e-87	-3.42694e-89	-5.64015e-91	-8.33293e-93	-1.11633e-94	-1.36735e-96	-1.54202e-98	-1.61065e-100	-1.56616e-102	-1.42406e-104	-1.21559e-106	-9.77495e-109	-7.42773e-111	-5.34833e-113	-3.65839e-115	-2.39744e-117	-2.39744e-117	
1.83237e-140	1.83237e-140	4.83718e-138	1.24386e-135	3.1019e-133	7.49561e-131	1.75361e-128	3.96835e-126	8.67782e-124	1.83184e-121	3.72867e-119	7.30969e-117	1.37837e-114	2.49669e-112	4.33761e-110	7.2166e-108	1.14778e-105	1.74186e-103	2.51711e-101	3.45579e-99	4.49649e-97	5.52954e-95	6.40722e-93	6.97163e-91	7.09608e-89	6.72719e-87	5.91052e-85	4.78532e-83	3.54652e-81	2.38728e-79	1.446e-77	7.79323e-76	3.6861e-74	1.50407e-72	5.18117e-71	1.46591e-69	3.29169e-68	5.64355e-67	7.18021e-66	6.84348e-65	4.47649e-64	6.84348e-65	7.18021e-66	5.64355e-67	3.29169e-68	1.46591e-69	5.18117e-71	1.50407e-72	3.6861e-74	7.79323e-76	1.446e-77	2.37796e-79	-2.75127e-80	-8.26075e-79	-1.64476e-77	-2.18124e-76	-1.45334e-75	-2.18124e-76	-1.64476e-77	-8.26123e-79	-3.10592e-80	-9.31994e-82	-2.32476e-83	-4.95783e-85	-9.22774e-87	-1.52273e-88	-2.25564e-90	-3.0297e-92	-3.72064e-94	-4.2068e-96	-4.40539e-98	-4.29474e-100	-3.91513e-102	-3.35055e-104	-2.70118e-106	-2.0578e-108	-1.48549e-110	-1.0187e-112	-6.69286e-115	-6.69286e-115	
4.59278e-138	4.59278e-138	1.20934e-135	3.1019e-133	7.71583e-131	1.85977e-128	4.33993e-126	9.79612e-124	2.13673e-121	4.49902e-119	9.13435e-117	1.78612e-114	3.35944e-112	6.06946e-110	1.05176e-107	1.74534e-105	2.76873e-103	4.19089e-101	6.04036e-99	8.27125e-97	1.07338e-94	1.3165e-92	1.5214e-90	1.65098e-88	1.67591e-86	1.58445e-84	1.38826e-82	1.12083e-80	8.28306e-79	5.55939e-77	3.35733e-75	1.80383e-73	8.50418e-72	3.45799e-70	1.18664e-68	3.34257e-67	7.46515e-66	1.27077e-64	1.60132e-63	1.51098e-62	9.85311e-62	1.51098e-62	1.60132e-63	1.27077e-64	7.46515e-66	3.34257e-67	1.18664e-68	3.45799e-70	8.50418e-72	1.80383e-73	3.35732e-75	5.53518e-77	-7.21742e-78	-2.13407e-76	-4.23737e-75	-5.60397e-74	-3.72362e-73	-5.60397e-74	-4.23737e-75	-2.13419e-76	-8.04572e-78	-2.42084e-79	-6.05483e-81	-1.29473e-82	-2.41623e-84	-3.99777e-86	-5.93756e-88	-7.99607e-90	-9.84529e-92	-1.11607e-93	-1.17179e-95	-1.14531e-97	-1.04677e-99	-8.98128e-102	-7.25918e-104	-5.5443e-106	-4.01256e-108	-2.75868e-110	-1.8171e-112	-1.8171e-112	
1.11548e-135	1.11548e-135	2.92975e-133	7.49561e-131	1.85977e-128	4.47129e-126	1.04076e-123	2.34324e-121	5.09808e-119	1.0707e-116	2.16828e-114	4.22899e-112	7.93374e-110	1.42969e-107	2.47111e-105	4.09005e-103	6.47147e-101	9.77006e-99	1.40448e-96	1.91815e-94	2.48267e-92	3.03689e-90	3.50018e-88	3.78808e-86	3.83483e-84	3.6156e-82	3.1591e-80	2.54335e-78	1.87418e-76	1.25422e-74	7.55143e-73	4.04458e-71	1.90057e-69	7.70104e-68	2.63245e-66	7.3821e-65	1.63964e-63	2.77079e-62	3.45716e-61	3.2282e-60	2.09849e-59	3.2282e-60	3.45716e-61	2.77079e-62	1.63964e-63	7.3821e-65	2.63245e-66	7.70104e-68	1.90057e-69	4.04458e-71	7.55142e-73	1.24811e-74	-1.83779e-75	-5.35698e-74	-1.06072e-72	-1.3989e-71	-9.26933e-71	-1.3989e-71	-1.06072e-72	-5.35723e-74	-2.02521e-75	-6.11024e-77	-1.5324e-78	-3.28564e-80	-6.14815e-82	-1.01995e-83	-1.51887e-85	-2.05085e-87	-2.53177e-89	-2.87755e-91	-3.02908e-93	-2.96832e-95	-2.71995e-97	-2.33972e-99	-1.89596e-101	-1.45178e-103	-1.05338e-105	-7.2606e-108	-4.79471e-110	-4.79471e-110	
2.62299e-133	2.62299e-133	6.87163e-131	1.75361e-128	4.33993e-126	1.04076e-123	2.41638e-121	5.42656e-119	1.17762e-116	2.46692e-114	4.98301e-112	9.69391e-110	1.81394e-107	3.26038e-105	5.62073e-103	9.27905e-101	1.46436e-98	2.20499e-96	3.16144e-94	4.30632e-92	5.5589e-90	6.78172e-88	7.7953e-86	8.41364e-84	8.4942e-82	7.98649e-80	6.95861e-78	5.58638e-76	4.10468e-74	2.73877e-72	1.64396e-70	8.77736e-69	4.11086e-67	1.6598e-65	5.65148e-64	1.57766e-62	3.48459e-61	5.84477e-60	7.21862e-59	6.66756e-58	4.3203e-57	6.66756e-58	7.21862e-59	5.84477e-60	3.48459e-61	1.57766e-62	5.65148e-64	1.6598e-65	4.11086e-67	8.77736e-69	1.64395e-70	2.7238e-72	-4.5394e-73	-1.30568e-71	-2.57809e-70	-3.39046e-69	-2.24027e-68	-3.39046e-69	-2.57809e-70	-1.30574e-71	-4.94987e-73	-1.49754e-74	-3.76602e-76	-8.09672e-78	-1.51916e-79	-2.52699e-81	-3.77312e-83	-5.10816e-85	-6.32266e-87	-7.20506e-89	-7.60429e-91	-7.47117e-93	-6.8638e-95	-5.91956e-97	-4.8092e-99	-3.69198e-101	-2.68569e-103	-1.8559e-105	-1.22873e-107	-1.22873e-107	
5.96599e-131	5.96599e-131	1.55897e-128	3.96835e-126	9.79612e-124	2.34324e-121	5.42656e-119	1.21556e-116	2.63115e-114	5.49773e-112	1.10766e-109	2.1493e-107	4.01145e-105	7.19157e-103	1.23658e-100	2.03612e-98	3.20488e-96	4.81317e-94	6.88281e-92	9.35051e-90	1.20382e-87	1.46469e-85	1.67906e-83	1.80731e-81	1.8196e-79	1.70608e-77	1.48232e-75	1.1866e-73	8.69334e-72	5.78318e-70	3.46072e-68	1.84185e-66	8.5974e-65	3.45881e-63	1.17303e-61	3.25958e-60	7.15862e-59	1.19161e-57	1.4563e-56	1.32992e-55	8.58904e-55	1.32992e-55	1.4563e-56	1.19161e-57	7.15862e-59	3.25958e-60	1.17303e-61	3.45881e-63	8.5974e-65	1.84185e-66	3.46071e-68	5.74756e-70	-1.0869e-70	-3.0877e-69	-6.07943e-68	-7.97231e-67	-5.2528e-66	-7.97231e-67	-6.07943e-68	-3.08782e-69	-1.17384e-70	-3.56125e-72	-8.98056e-74	-1.93606e-75	-3.64245e-77	-6.07525e-79	-9.09547e-81	-1.23465e-82	-1.53226e-84	-1.75071e-86	-1.85257e-88	-1.8249e-90	-1.68091e-92	-1.45343e-94	-1.18386e-96	-9.1118e-99	-6.64533e-101	-4.60391e-103	-3.05596e-105	-3.05596e-105	
1.31128e-128	1.31128e-128	3.41779e-126	8.67782e-124	2.13673e-121	5.09808e-119	1.17762e-116	2.63115e-114	5.68073e-112	1.18393e-109	2.37921e-107	4.60474e-105	8.57209e-103	1.53279e-100	2.62877e-98	4.31717e-96	6.7775e-94	1.01519e-91	1.44787e-89	1.96175e-87	2.51887e-85	3.05647e-83	3.49428e-81	3.75088e-79	3.76593e-77	3.5211e-75	3.05061e-73	2.43498e-71	1.77868e-69	1.17969e-67	7.03755e-66	3.73343e-64	1.73679e-62	6.96184e-61	2.35156e-59	6.50403e-58	1.42015e-56	2.34559e-55	2.83561e-54	2.55895e-53	1.64709e-52	2.55895e-53	2.83561e-54	2.34559e-55	1.42015e-56	6.50403e-58	2.35156e-59	6.96184e-61	1.73679e-62	3.73343e-64	7.03753e-66	1.17148e-67	-2.52091e-68	-7.07886e-67	-1.38978e-65	-1.81724e-64	-1.19389e-63	-1.81724e-64	-1.38978e-65	-7.07911e-67	-2.69878e-68	-8.21073e-70	-2.07631e-71	-4.48854e-73	-8.46776e-75	-1.41618e-76	-2.12594e-78	-2.89358e-80	-3.60063e-82	-4.12488e-84	-4.37639e-86	-4.32234e-88	-3.99171e-90	-3.46051e-92	-2.82599e-94	-2.1807e-96	-1.59451e-98	-1.10752e-100	-7.37043e-103	-7.37043e-103	
2.78219e-126	2.78219e-126	7.23313e-124	1.83184e-121	4.49902e-119	1.0707e-116	2.46692e-114	5.49773e-112	1.18393e-109	2.46113e-107	4.93312e-105	9.52293e-103	1.76818e-100	3.15351e-98	5.39423e-96	8.83565e-94	1.38346e-91	2.06677e-89	2.93984e-87	3.9726e-85	5.08706e-83	6.15606e-81	7.01863e-79	7.51325e-77	7.52237e-75	7.01349e-73	6.05894e-71	4.82215e-69	3.51198e-67	2.3222e-65	1.38098e-63	7.30227e-62	3.38534e-60	1.352e-58	4.54813e-57	1.25198e-55	2.71762e-54	4.45285e-53	5.32294e-52	4.74416e-51	3.04308e-50	4.74416e-51	5.32294e-52	4.45285e-53	2.71762e-54	1.25198e-55	4.54813e-57	1.352e-58	3.38534e-60	7.30227e-62	1.38098e-63	2.30387e-65	-5.65918e-66	-1.572e-64	-3.07733e-63	-4.01206e-62	-2.62816e-61	-4.01206e-62	-3.07733e-63	-1.57205e-64	-6.01038e-66	-1.83379e-67	-4.65029e-69	-1.0081e-70	-1.90706e-72	-3.19819e-74	-4.81412e-76	-6.5701e-78	-8.19745e-80	-9.41605e-82	-1.00167e-83	-9.9191e-86	-9.18441e-88	-7.983e-90	-6.53622e-92	-5.05684e-94	-3.70708e-96	-2.58152e-98	-1.72241e-100	-1.72241e-100	
5.69208e-124	5.69208e-124	1.47605e-121	3.72867e-119	9.13435e-117	2.16828e-114	4.98301e-112	1.10766e-109	2.37921e-107	4.93312e-105	9.86248e-103	1.89893e-100	3.51671e-98	6.25563e-96	1.06726e-93	1.74355e-91	2.72279e-89	4.05684e-87	5.75516e-85	7.75605e-83	9.90504e-81	1.19538e-78	1.35913e-76	1.45087e-74	1.44854e-72	1.34671e-70	1.16006e-68	9.20546e-67	6.68425e-65	4.40619e-63	2.61199e-61	1.37659e-59	6.35968e-58	2.53036e-56	8.47685e-55	2.32223e-53	5.01051e-52	8.14286e-51	9.62136e-50	8.46389e-49	5.40979e-48	8.46389e-49	9.62136e-50	8.14286e-51	5.01051e-52	2.32223e-53	8.47685e-55	2.53036e-56	6.35968e-58	1.37659e-59	2.61198e-61	4.36655e-63	-1.22862e-63	-3.37843e-62	-6.59411e-61	-8.57155e-60	-5.59825e-59	-8.57155e-60	-6.59411e-61	-3.37852e-62	-1.29546e-63	-3.96386e-65	-1.00805e-66	-2.19143e-68	-4.15718e-70	-6.99095e-72	-1.05521e-73	-1.44402e-75	-1.80656e-77	-2.08068e-79	-2.21931e-81	-2.20351e-83	-2.04569e-85	-1.78276e-87	-1.46349e-89	-1.1352e-91	-8.34351e-94	-5.82525e-96	-3.89675e-98	-3.89675e-98	
1.1216e-121	1.1216e-121	2.90105e-119	7.30969e-117	1.78612e-114	4.22899e-112	9.69391e-110	2.1493e-107	4.60474e-105	9.52293e-103	1.89893e-100	3.64673e-98	6.73594e-96	1.19507e-93	2.03353e-91	3.31337e-89	5.16055e-87	7.66847e-85	1.08495e-82	1.45821e-80	1.85717e-78	2.23516e-76	2.53429e-74	2.69777e-72	2.68583e-70	2.48984e-68	2.1385e-66	1.69193e-64	1.22481e-62	8.04871e-61	4.75594e-59	2.49812e-57	1.15003e-55	4.55828e-54	1.52061e-52	4.14529e-51	8.88926e-50	1.43257e-48	1.67238e-47	1.45112e-46	9.24105e-46	1.45112e-46	1.67238e-47	1.43257e-48	8.88926e-50	4.14529e-51	1.52061e-52	4.55828e-54	1.15003e-55	2.49812e-57	4.75592e-59	7.96586e-61	-2.57722e-61	-7.01988e-60	-1.36607e-58	-1.77038e-57	-1.15278e-56	-1.77038e-57	-1.36607e-58	-7.02005e-60	-2.6997e-61	-8.28466e-63	-2.11294e-64	-4.60644e-66	-8.7631e-68	-1.47776e-69	-2.23669e-71	-3.06923e-73	-3.85024e-75	-4.44645e-77	-4.75543e-79	-4.73419e-81	-4.40676e-83	-3.85051e-85	-3.16922e-87	-2.46473e-89	-1.81626e-91	-1.27136e-93	-8.52677e-96	-8.52677e-96	
2.12583e-119	2.12583e-119	5.48446e-117	1.37837e-114	3.35944e-112	7.93374e-110	1.81394e-107	4.01145e-105	8.57209e-103	1.76818e-100	3.51671e-98	6.73594e-96	1.24095e-93	2.19589e-91	3.72665e-89	6.05598e-87	9.40701e-85	1.39411e-82	1.9671e-80	2.63665e-78	3.34883e-76	4.01926e-74	4.54443e-72	4.82393e-70	4.78883e-68	4.4265e-66	3.79067e-64	2.99009e-62	2.15792e-60	1.41358e-58	8.32553e-57	4.35823e-55	1.99914e-53	7.89323e-52	2.62184e-50	7.11156e-49	1.51548e-47	2.42135e-46	2.79152e-45	2.38737e-44	1.51459e-43	2.38737e-44	2.79152e-45	2.42135e-46	1.51548e-47	7.11156e-49	2.62184e-50	7.89323e-52	1.99914e-53	4.35823e-55	8.32548e-57	1.39685e-58	-5.21846e-59	-1.40882e-57	-2.73327e-56	-3.53135e-55	-2.29236e-54	-3.53135e-55	-2.73327e-56	-1.40885e-57	-5.43425e-59	-1.67255e-60	-4.27813e-62	-9.35364e-64	-1.78446e-65	-3.0177e-67	-4.58022e-69	-6.30245e-71	-7.92788e-73	-9.18042e-75	-9.84489e-77	-9.82721e-79	-9.17195e-81	-8.03546e-83	-6.63116e-85	-5.17065e-87	-3.82021e-89	-2.68107e-91	-1.80284e-93	-1.80284e-93	
3.87039e-117	3.87039e-117	9.95965e-115	2.49669e-112	6.06946e-110	1.42969e-107	3.26038e-105	7.19157e-103	1.53279e-100	3.15351e-98	6.25563e-96	1.19507e-93	2.19589e-91	3.87541e-89	6.55955e-87	1.06312e-84	1.64696e-82	2.4342e-80	3.42534e-78	4.57866e-76	5.79932e-74	6.94093e-72	7.82575e-70	8.28338e-68	8.19937e-66	7.55677e-64	6.45201e-62	5.07387e-60	3.65038e-58	2.38358e-56	1.39921e-54	7.29925e-53	3.33597e-51	1.31196e-49	4.33878e-48	1.17086e-46	2.47915e-45	3.92609e-44	4.4678e-43	3.76298e-42	2.37794e-41	3.76298e-42	4.4678e-43	3.92609e-44	2.47915e-45	1.17086e-46	4.33878e-48	1.31196e-49	3.33597e-51	7.29925e-53	1.3992e-54	2.351e-56	-1.01891e-56	-2.72786e-55	-5.27604e-54	-6.79527e-53	-4.39728e-52	-6.79527e-53	-5.27604e-54	-2.72791e-55	-1.05541e-56	-3.25807e-58	-8.35827e-60	-1.83276e-61	-3.50657e-63	-5.94683e-65	-9.05144e-67	-1.24897e-68	-1.57542e-70	-1.82933e-72	-1.96707e-74	-1.96884e-76	-1.84249e-78	-1.6185e-80	-1.33919e-82	-1.04699e-84	-7.75576e-87	-5.45732e-89	-3.6793e-91	-3.6793e-91	
6.75886e-115	6.75886e-115	1.73479e-112	4.33761e-110	1.05176e-107	2.47111e-105	5.62073e-103	1.23658e-100	2.62877e-98	5.39423e-96	1.06726e-93	2.03353e-91	3.72665e-89	6.55955e-87	1.10731e-84	1.78983e-82	2.76529e-80	4.076e-78	5.71994e-76	7.62477e-74	9.63063e-72	1.1494e-69	1.29224e-67	1.36387e-65	1.3461e-63	1.23692e-61	1.0529e-59	8.25452e-58	5.91993e-56	3.85297e-54	2.25416e-52	1.17179e-50	5.33551e-49	2.08991e-47	6.88063e-46	1.84712e-44	3.88541e-43	6.09722e-42	6.84516e-41	5.67272e-40	3.57016e-39	5.67272e-40	6.84516e-41	6.09722e-42	3.88541e-43	1.84712e-44	6.88063e-46	2.08991e-47	5.33551e-49	1.17179e-50	2.25414e-52	3.7918e-54	-1.91623e-54	-5.09002e-53	-9.81387e-52	-1.25995e-50	-8.12709e-50	-1.25995e-50	-9.81387e-52	-5.09011e-53	-1.97543e-54	-6.11671e-56	-1.57389e-57	-3.46135e-59	-6.6418e-61	-1.12963e-62	-1.72426e-64	-2.38594e-66	-3.01797e-68	-3.51406e-70	-3.78901e-72	-3.80275e-74	-3.56832e-76	-3.14293e-78	-2.60748e-80	-2.04396e-82	-1.51809e-84	-1.07101e-86	-7.23971e-89	-7.23971e-89	
1.1303e-112	1.1303e-112	2.89365e-110	7.2166e-108	1.74534e-105	4.09005e-103	9.27905e-101	2.03612e-98	4.31717e-96	8.83565e-94	1.74355e-91	3.31337e-89	6.05598e-87	1.06312e-84	1.78983e-82	2.88524e-80	4.44559e-78	6.53481e-76	9.14516e-74	1.21567e-71	1.53117e-69	1.82224e-67	2.04281e-65	2.14977e-63	2.11549e-61	1.93807e-59	1.64469e-57	1.28537e-55	9.18877e-54	5.96072e-52	3.47534e-50	1.80013e-48	8.16541e-47	3.18525e-45	1.04389e-43	2.78737e-42	5.82381e-41	9.05354e-40	1.00217e-38	8.16365e-38	5.11598e-37	8.16365e-38	1.00217e-38	9.05354e-40	5.82381e-41	2.78737e-42	1.04389e-43	3.18525e-45	8.16541e-47	1.80013e-48	3.47531e-50	5.85018e-52	-3.46701e-52	-9.14131e-51	-1.75685e-49	-2.24817e-48	-1.44538e-47	-2.24817e-48	-1.75685e-49	-9.14144e-51	-3.5589e-52	-1.10539e-53	-2.85293e-55	-6.29308e-57	-1.21111e-58	-2.06586e-60	-3.1624e-62	-4.38839e-64	-5.56652e-66	-6.49961e-68	-7.02755e-70	-7.07236e-72	-6.65444e-74	-5.87697e-76	-4.88882e-78	-3.84249e-80	-2.86147e-82	-2.02408e-84	-1.37184e-86	-1.37184e-86	
1.80703e-110	1.80703e-110	4.61417e-108	1.14778e-105	2.76873e-103	6.47147e-101	1.46436e-98	3.20488e-96	6.7775e-94	1.38346e-91	2.72279e-89	5.16055e-87	9.40701e-85	1.64696e-82	2.76529e-80	4.44559e-78	6.83107e-76	1.00137e-73	1.39747e-71	1.85246e-69	2.3266e-67	2.76094e-65	3.08614e-63	3.23816e-61	3.17698e-59	2.90169e-57	2.45479e-55	1.91238e-53	1.36265e-51	8.80975e-50	5.11849e-48	2.64154e-46	1.19355e-44	4.63638e-43	1.51235e-41	4.01611e-40	8.33307e-39	1.28292e-37	1.39933e-36	1.11924e-35	6.98273e-35	1.11924e-35	1.39933e-36	1.28292e-37	8.33307e-39	4.01611e-40	1.51235e-41	4.63638e-43	1.19355e-44	2.64154e-46	5.11844e-48	8.61772e-50	-6.02694e-50	-1.578e-48	-3.02279e-47	-3.85523e-46	-2.47022e-45	-3.85523e-46	-3.02279e-47	-1.57802e-48	-6.16321e-50	-1.92033e-51	-4.97158e-53	-1.09998e-54	-2.12328e-56	-3.6325e-58	-5.57681e-60	-7.76112e-62	-9.87273e-64	-1.15601e-65	-1.2534e-67	-1.26488e-69	-1.1934e-71	-1.05684e-73	-8.81514e-76	-6.94707e-78	-5.18723e-80	-3.67897e-82	-2.50007e-84	-2.50007e-84	
2.75658e-108	2.75658e-108	7.02058e-106	1.74186e-103	4.19089e-101	9.77006e-99	2.20499e-96	4.81317e-94	1.01519e-91	2.06677e-89	4.05684e-87	7.66847e-85	1.39411e-82	2.4342e-80	4.076e-78	6.53481e-76	1.00137e-73	1.46383e-71	2.03713e-69	2.69273e-67	3.37224e-65	3.99019e-63	4.44707e-61	4.6522e-59	4.55046e-57	4.1433e-55	3.49411e-53	2.71327e-51	1.92689e-49	1.24149e-47	7.18734e-46	3.69535e-44	1.66306e-42	6.43238e-41	2.0881e-39	5.51378e-38	1.13592e-36	1.73134e-35	1.85954e-34	1.45857e-33	9.05706e-33	1.45857e-33	1.85954e-34	1.73134e-35	1.13592e-36	5.51378e-38	2.0881e-39	6.43238e-41	1.66306e-42	3.69535e-44	7.18726e-46	1.20946e-47	-1.00523e-47	-2.61448e-46	-4.99146e-45	-6.34421e-44	-4.05093e-43	-6.34421e-44	-4.99146e-45	-2.6145e-46	-1.0245e-47	-3.20239e-49	-8.31693e-51	-1.84586e-52	-3.57389e-54	-6.13253e-56	-9.4428e-58	-1.31797e-59	-1.68138e-61	-1.97436e-63	-2.14672e-65	-2.17242e-67	-2.05532e-69	-1.82512e-71	-1.52649e-73	-1.20625e-75	-9.031e-78	-6.42219e-80	-4.3759e-82	-4.3759e-82	
4.00424e-106	4.00424e-106	1.01716e-103	2.51711e-101	6.04036e-99	1.40448e-96	3.16144e-94	6.88281e-92	1.44787e-89	2.93984e-87	5.75516e-85	1.08495e-82	1.9671e-80	3.42534e-78	5.71994e-76	9.14516e-74	1.39747e-71	2.03713e-69	2.82694e-67	3.72601e-65	4.65276e-63	5.48918e-61	6.09948e-59	6.36152e-57	6.20324e-55	5.63045e-53	4.733e-51	3.66319e-49	2.59269e-47	1.6646e-45	9.60166e-44	4.91772e-42	2.20415e-40	8.48742e-39	2.74157e-37	7.19728e-36	1.47185e-34	2.22014e-33	2.3463e-32	1.80229e-31	1.11358e-30	1.80229e-31	2.3463e-32	2.22014e-33	1.47185e-34	7.19728e-36	2.74157e-37	8.48742e-39	2.20415e-40	4.91772e-42	9.60153e-44	1.61341e-45	-1.6062e-45	-4.15113e-44	-7.89789e-43	-1.00029e-41	-6.36423e-41	-1.00029e-41	-7.89789e-43	-4.15117e-44	-1.63212e-45	-5.11852e-47	-1.33361e-48	-2.96917e-50	-5.76661e-52	-9.92522e-54	-1.53286e-55	-2.14579e-57	-2.74545e-59	-3.23313e-61	-3.52538e-63	-3.57764e-65	-3.39424e-67	-3.02241e-69	-2.53481e-71	-2.00849e-73	-1.50778e-75	-1.0751e-77	-7.34512e-80	-7.34512e-80	
5.52631e-104	5.52631e-104	1.40014e-101	3.45579e-99	8.27125e-97	1.91815e-94	4.30632e-92	9.35051e-90	1.96175e-87	3.9726e-85	7.75605e-83	1.45821e-80	2.63665e-78	4.57866e-76	7.62477e-74	1.21567e-71	1.85246e-69	2.69273e-67	3.72601e-65	4.89679e-63	6.09679e-61	7.17142e-59	7.94467e-57	8.26052e-55	8.02978e-53	7.26503e-51	6.08706e-49	4.69535e-47	3.3117e-45	2.11859e-43	1.21746e-41	6.21094e-40	2.77208e-38	1.06256e-36	3.41469e-35	8.9106e-34	1.80838e-32	2.69846e-31	2.80378e-30	2.10584e-29	1.29426e-28	2.10584e-29	2.80378e-30	2.69846e-31	1.80838e-32	8.9106e-34	3.41469e-35	1.06256e-36	2.77208e-38	6.21094e-40	1.21744e-41	2.04031e-43	-2.45461e-43	-6.30547e-42	-1.19542e-40	-1.50852e-39	-9.56224e-39	-1.50852e-39	-1.19542e-40	-6.30552e-42	-2.48773e-43	-7.82811e-45	-2.0463e-46	-4.57059e-48	-8.90488e-50	-1.53742e-51	-2.38163e-53	-3.34395e-55	-4.2911e-57	-5.06807e-59	-5.5421e-61	-5.64028e-63	-5.36622e-65	-4.7917e-67	-4.02977e-69	-3.20179e-71	-2.41015e-73	-1.72316e-75	-1.18045e-77	-1.18045e-77	
7.22837e-102	7.22837e-102	1.82657e-99	4.49649e-97	1.07338e-94	2.48267e-92	5.5589e-90	1.20382e-87	2.51887e-85	5.08706e-83	9.90504e-81	1.85717e-78	3.34883e-76	5.79932e-74	9.63063e-72	1.53117e-69	2.3266e-67	3.37224e-65	4.65276e-63	6.09679e-61	7.5683e-59	8.87541e-57	9.80223e-55	1.01601e-52	9.84479e-51	8.87816e-49	7.41377e-47	5.69908e-45	4.00537e-43	2.55291e-41	1.4614e-39	7.42513e-38	3.29963e-36	1.25881e-34	4.02395e-33	1.04352e-31	2.10109e-30	3.10017e-29	3.1641e-28	2.31954e-27	1.41754e-26	2.31954e-27	3.1641e-28	3.10017e-29	2.10109e-30	1.04352e-31	4.02395e-33	1.25881e-34	3.29963e-36	7.42513e-38	1.46137e-39	2.43857e-41	-3.58128e-41	-9.14617e-40	-1.72763e-38	-2.17192e-37	-1.37144e-36	-2.17192e-37	-1.72763e-38	-9.14622e-40	-3.62133e-41	-1.14347e-42	-2.99916e-44	-6.72094e-46	-1.31366e-47	-2.27518e-49	-3.53544e-51	-4.97909e-53	-6.40854e-55	-7.59128e-57	-8.32554e-59	-8.49743e-61	-8.10756e-63	-7.25993e-65	-6.12257e-67	-4.87805e-69	-3.68201e-71	-2.63966e-73	-1.81321e-75	-1.81321e-75	
8.93608e-100	8.93608e-100	2.25215e-97	5.52954e-95	1.3165e-92	3.03689e-90	6.78172e-88	1.46469e-85	3.05647e-83	6.15606e-81	1.19538e-78	2.23516e-76	4.01926e-74	6.94093e-72	1.1494e-69	1.82224e-67	2.76094e-65	3.99019e-63	5.48918e-61	7.17142e-59	8.87541e-57	1.03764e-54	1.14241e-52	1.18035e-50	1.14001e-48	1.02465e-46	8.52715e-45	6.53186e-43	4.57393e-41	2.90425e-39	1.65592e-37	8.37819e-36	3.70645e-34	1.40708e-32	4.47322e-31	1.15252e-29	2.30153e-28	3.35629e-27	3.36142e-26	2.40034e-25	1.45796e-24	2.40034e-25	3.36142e-26	3.35629e-27	2.30153e-28	1.15252e-29	4.47322e-31	1.40708e-32	3.70645e-34	8.37819e-36	1.65588e-37	2.74503e-39	-4.97864e-39	-1.26433e-37	-2.37917e-36	-2.97931e-35	-1.87372e-34	-2.97931e-35	-2.37917e-36	-1.26434e-37	-5.02438e-39	-1.59215e-40	-4.19045e-42	-9.42226e-44	-1.84772e-45	-3.21046e-47	-5.00454e-49	-7.06993e-51	-9.12737e-53	-1.08443e-54	-1.19284e-56	-1.22102e-58	-1.16835e-60	-1.04918e-62	-8.87306e-65	-7.08918e-67	-5.3658e-69	-3.85733e-71	-2.65689e-73	-2.65689e-73	
1.04096e-97	1.04096e-97	2.61656e-95	6.40722e-93	1.5214e-90	3.50018e-88	7.7953e-86	1.67906e-83	3.49428e-81	7.01863e-79	1.35913e-76	2.53429e-74	4.54443e-72	7.82575e-70	1.29224e-67	2.04281e-65	3.08614e-63	4.44707e-61	6.09948e-59	7.94467e-57	9.80223e-55	1.14241e-52	1.25377e-50	1.2912e-48	1.24292e-46	1.11335e-44	9.23282e-43	7.04682e-41	4.91602e-39	3.10926e-37	1.76554e-35	8.89398e-34	3.91629e-32	1.47917e-30	4.67543e-29	1.19649e-27	2.36885e-26	3.41224e-25	3.34981e-24	2.32467e-23	1.40263e-22	2.32467e-23	3.34981e-24	3.41224e-25	2.36885e-26	1.19649e-27	4.67543e-29	1.47917e-30	3.91629e-32	8.89398e-34	1.76548e-35	2.8984e-37	-6.58061e-37	-1.66199e-35	-3.11518e-34	-3.88507e-33	-2.43312e-32	-3.88507e-33	-3.11518e-34	-1.66199e-35	-6.62977e-37	-2.10859e-38	-5.56951e-40	-1.25665e-41	-2.47263e-43	-4.31041e-45	-6.74083e-47	-9.55288e-49	-1.23711e-50	-1.4743e-52	-1.62655e-54	-1.66989e-56	-1.60253e-58	-1.44322e-60	-1.22402e-62	-9.80696e-65	-7.4436e-67	-5.3658e-69	-3.70612e-71	-3.70612e-71	
1.13872e-95	1.13872e-95	2.85467e-93	6.97163e-91	1.65098e-88	3.78808e-86	8.41364e-84	1.80731e-81	3.75088e-79	7.51325e-77	1.45087e-74	2.69777e-72	4.82393e-70	8.28338e-68	1.36387e-65	2.14977e-63	3.23816e-61	4.6522e-59	6.36152e-57	8.26052e-55	1.01601e-52	1.18035e-50	1.2912e-48	1.32534e-46	1.27144e-44	1.13491e-42	9.37776e-41	7.13077e-39	4.95533e-37	3.12144e-35	1.76491e-33	8.85065e-32	3.87826e-30	1.457e-28	4.57772e-27	1.16319e-25	2.28221e-24	3.2452e-23	3.11884e-22	2.09782e-21	1.25653e-20	2.09782e-21	3.11884e-22	3.2452e-23	2.28221e-24	1.16319e-25	4.57772e-27	1.457e-28	3.87826e-30	8.85065e-32	1.76484e-33	2.85646e-35	-8.25038e-35	-2.07248e-33	-3.86869e-32	-4.80423e-31	-2.99549e-30	-4.80423e-31	-3.86869e-32	-2.07249e-33	-8.29993e-35	-2.64984e-36	-7.02488e-38	-1.59068e-39	-3.14073e-41	-5.49356e-43	-8.61941e-45	-1.22545e-46	-1.59199e-48	-1.90311e-50	-2.10603e-52	-2.16864e-54	-2.0873e-56	-1.88529e-58	-1.60356e-60	-1.28844e-62	-9.80696e-65	-7.08918e-67	-4.91007e-69	-4.91007e-69	
1.16531e-93	1.16531e-93	2.91346e-91	7.09608e-89	1.67591e-86	3.83483e-84	8.4942e-82	1.8196e-79	3.76593e-77	7.52237e-75	1.44854e-72	2.68583e-70	4.78883e-68	8.19937e-66	1.3461e-63	2.11549e-61	3.17698e-59	4.55046e-57	6.20324e-55	8.02978e-53	9.84479e-51	1.14001e-48	1.24292e-46	1.27144e-44	1.21548e-42	1.08106e-40	8.89961e-39	6.74114e-37	4.66579e-35	2.92671e-33	1.64747e-31	8.22272e-30	3.58476e-28	1.33921e-26	4.18102e-25	1.05446e-23	2.04925e-22	2.87441e-21	2.70057e-20	1.75514e-19	1.04279e-18	1.75514e-19	2.70057e-20	2.87441e-21	2.04925e-22	1.05446e-23	4.18102e-25	1.33921e-26	3.58476e-28	8.22272e-30	1.64739e-31	2.61156e-33	-9.78575e-33	-2.44507e-31	-4.54464e-30	-5.61831e-29	-3.48676e-28	-5.61831e-29	-4.54464e-30	-2.44508e-31	-9.83241e-33	-3.15151e-34	-8.38668e-36	-1.90603e-37	-3.7768e-39	-6.62904e-41	-1.04361e-42	-1.48863e-44	-1.94012e-46	-2.3266e-48	-2.58266e-50	-2.66754e-52	-2.5752e-54	-2.33283e-56	-1.99001e-58	-1.60356e-60	-1.22402e-62	-8.87306e-65	-6.16286e-67	-6.16286e-67	
1.11075e-91	1.11075e-91	2.76953e-89	6.72719e-87	1.58445e-84	3.6156e-82	7.98649e-80	1.70608e-77	3.5211e-75	7.01349e-73	1.34671e-70	2.48984e-68	4.4265e-66	7.55677e-64	1.23692e-61	1.93807e-59	2.90169e-57	4.1433e-55	5.63045e-53	7.26503e-51	8.87816e-49	1.02465e-46	1.11335e-44	1.13491e-42	1.08106e-40	9.57939e-39	7.85577e-37	5.92673e-35	4.08501e-33	2.55118e-31	1.42943e-29	7.09911e-28	3.07833e-26	1.14321e-24	3.54524e-23	8.87038e-22	1.70653e-20	2.35922e-19	2.16332e-18	1.35354e-17	7.96899e-17	1.35354e-17	2.16332e-18	2.35922e-19	1.70653e-20	8.87038e-22	3.54524e-23	1.14321e-24	3.07833e-26	7.09911e-28	1.42934e-29	2.19749e-31	-1.09487e-30	-2.72108e-29	-5.03486e-28	-6.19484e-27	-3.82551e-26	-6.19484e-27	-5.03486e-28	-2.72109e-29	-1.09895e-30	-3.53691e-32	-9.44953e-34	-2.15576e-35	-4.28738e-37	-7.55206e-39	-1.19304e-40	-1.70753e-42	-2.23275e-44	-2.68615e-46	-2.99121e-48	-3.0991e-50	-3.00093e-52	-2.72666e-54	-2.33283e-56	-1.88529e-58	-1.44322e-60	-1.04918e-62	-7.30785e-65	-7.30785e-65	
9.81283e-90	9.81283e-90	2.44001e-87	5.91052e-85	1.38826e-82	3.1591e-80	6.95861e-78	1.48232e-75	3.05061e-73	6.05894e-71	1.16006e-68	2.1385e-66	3.79067e-64	6.45201e-62	1.0529e-59	1.64469e-57	2.45479e-55	3.49411e-53	4.733e-51	6.08706e-49	7.41377e-47	8.52715e-45	9.23282e-43	9.37776e-41	8.89961e-39	7.85577e-37	6.41662e-35	4.82087e-33	3.30834e-31	2.05666e-29	1.14674e-27	5.66539e-26	2.44269e-24	9.01457e-23	2.77557e-21	6.88589e-20	1.31049e-18	1.78384e-17	1.59343e-16	9.55637e-16	5.56835e-15	9.55637e-16	1.59343e-16	1.78384e-17	1.31049e-18	6.88589e-20	2.77557e-21	9.01457e-23	2.44269e-24	5.66538e-26	1.14664e-27	1.68331e-29	-1.15175e-28	-2.8471e-27	-5.24294e-26	-6.41833e-25	-3.94252e-24	-6.41833e-25	-5.24294e-26	-2.84711e-27	-1.15506e-28	-3.73354e-30	-1.0016e-31	-2.29403e-33	-4.57977e-35	-8.0968e-37	-1.28366e-38	-1.8436e-40	-2.41882e-42	-2.91959e-44	-3.26164e-46	-3.38996e-48	-3.29276e-50	-3.00093e-52	-2.5752e-54	-2.0873e-56	-1.60253e-58	-1.16835e-60	-8.16122e-63	-8.16122e-63	
7.9891e-88	7.9891e-88	1.98101e-85	4.78532e-83	1.12083e-80	2.54335e-78	5.58638e-76	1.1866e-73	2.43498e-71	4.82215e-69	9.20546e-67	1.69193e-64	2.99009e-62	5.07387e-60	8.25452e-58	1.28537e-55	1.91238e-53	2.71327e-51	3.66319e-49	4.69535e-47	5.69908e-45	6.53186e-43	7.04682e-41	7.13077e-39	6.74114e-37	5.92673e-35	4.82087e-33	3.60625e-31	2.4635e-29	1.52407e-27	8.45402e-26	4.1535e-24	1.77999e-22	6.52475e-21	1.99356e-19	4.90072e-18	9.21874e-17	1.23406e-15	1.07146e-14	6.12743e-14	3.5278e-13	6.12743e-14	1.07146e-14	1.23406e-15	9.21874e-17	4.90072e-18	1.99356e-19	6.52475e-21	1.77999e-22	4.1535e-24	8.45303e-26	1.15473e-27	-1.135e-26	-2.79034e-25	-5.11239e-24	-6.22476e-23	-3.80177e-22	-6.22476e-23	-5.11239e-24	-2.79035e-25	-1.13746e-26	-3.69334e-28	-9.95093e-30	-2.28854e-31	-4.58688e-33	-8.14028e-35	-1.29531e-36	-1.86697e-38	-2.45797e-40	-2.97687e-42	-3.33659e-44	-3.47904e-46	-3.38996e-48	-3.0991e-50	-2.66754e-52	-2.16864e-54	-1.66989e-56	-1.22102e-58	-8.55383e-61	-8.55383e-61	
5.95452e-86	5.95452e-86	1.47234e-83	3.54652e-81	8.28306e-79	1.87418e-76	4.10468e-74	8.69334e-72	1.77868e-69	3.51198e-67	6.68425e-65	1.22481e-62	2.15792e-60	3.65038e-58	5.91993e-56	9.18877e-54	1.36265e-51	1.92689e-49	2.59269e-47	3.3117e-45	4.00537e-43	4.57393e-41	4.91602e-39	4.95533e-37	4.66579e-35	4.08501e-33	3.30834e-31	2.4635e-29	1.67477e-27	1.03081e-25	5.6866e-24	2.77729e-22	1.18247e-20	4.30303e-19	1.3038e-17	3.17333e-16	5.89398e-15	7.7478e-14	6.52108e-13	3.53352e-12	2.00581e-11	3.53352e-12	6.52108e-13	7.7478e-14	5.89398e-15	3.17333e-16	1.3038e-17	4.30303e-19	1.18247e-20	2.77729e-22	5.68568e-24	6.89835e-26	-1.04344e-24	-2.55079e-23	-4.64817e-22	-5.6266e-21	-3.41509e-20	-5.6266e-21	-4.64817e-22	-2.55079e-23	-1.04511e-24	-3.40976e-26	-9.22862e-28	-2.13159e-29	-4.28994e-31	-7.64345e-33	-1.22089e-34	-1.76618e-36	-2.33358e-38	-2.83602e-40	-3.18946e-42	-3.33659e-44	-3.26164e-46	-2.99121e-48	-2.58266e-50	-2.10603e-52	-1.62655e-54	-1.19284e-56	-8.38096e-59	-8.38096e-59	
4.0314e-84	4.0314e-84	9.9395e-82	2.38728e-79	5.55939e-77	1.25422e-74	2.73877e-72	5.78318e-70	1.17969e-67	2.3222e-65	4.40619e-63	8.04871e-61	1.41358e-58	2.38358e-56	3.85297e-54	5.96072e-52	8.80975e-50	1.24149e-47	1.6646e-45	2.11859e-43	2.55291e-41	2.90425e-39	3.10926e-37	3.12144e-35	2.92671e-33	2.55118e-31	2.05666e-29	1.52407e-27	1.03081e-25	6.30997e-24	3.46052e-22	1.67929e-20	7.09943e-19	2.56304e-17	7.69508e-16	1.85246e-14	3.39276e-13	4.37143e-12	3.55507e-11	1.81094e-10	1.01057e-09	1.81094e-10	3.55507e-11	4.37143e-12	3.39276e-13	1.85246e-14	7.69508e-16	2.56304e-17	7.09943e-19	1.67929e-20	3.45973e-22	3.38587e-24	-8.90667e-23	-2.16454e-21	-3.92128e-20	-4.71668e-19	-2.84328e-18	-4.71668e-19	-3.92128e-20	-2.16455e-21	-8.91698e-23	-2.92409e-24	-7.95214e-26	-1.8451e-27	-3.7294e-29	-6.67215e-31	-1.06997e-32	-1.55375e-34	-2.06046e-36	-2.51304e-38	-2.83602e-40	-2.97687e-42	-2.91959e-44	-2.68615e-46	-2.3266e-48	-1.90311e-50	-1.4743e-52	-1.08443e-54	-7.64196e-57	-7.64196e-57	
2.45638e-82	2.45638e-82	6.03837e-80	1.446e-77	3.35733e-75	7.55143e-73	1.64396e-70	3.46072e-68	7.03755e-66	1.38098e-63	2.61199e-61	4.75594e-59	8.32553e-57	1.39921e-54	2.25416e-52	3.47534e-50	5.11849e-48	7.18734e-46	9.60166e-44	1.21746e-41	1.4614e-39	1.65592e-37	1.76554e-35	1.76491e-33	1.64747e-31	1.42943e-29	1.14674e-27	8.45402e-26	5.6866e-24	3.46052e-22	1.88576e-20	9.08738e-19	3.81213e-17	1.36423e-15	4.05438e-14	9.6412e-13	1.73823e-11	2.18997e-10	1.71378e-09	8.12575e-09	4.43917e-08	8.12575e-09	1.71378e-09	2.18997e-10	1.73823e-11	9.6412e-13	4.05438e-14	1.36423e-15	3.81213e-17	9.08738e-19	1.88513e-20	1.14384e-22	-7.02063e-21	-1.69561e-19	-3.05224e-18	-3.64585e-17	-2.18112e-16	-3.64585e-17	-3.05224e-18	-1.69561e-19	-7.02632e-21	-2.31669e-22	-6.33246e-24	-1.47635e-25	-2.99762e-27	-5.38613e-29	-8.673e-31	-1.26444e-32	-1.68319e-34	-2.06046e-36	-2.33358e-38	-2.45797e-40	-2.41882e-42	-2.23275e-44	-1.94012e-46	-1.59199e-48	-1.23711e-50	-9.12737e-53	-6.45145e-55	-6.45145e-55	
1.33202e-80	1.33202e-80	3.2644e-78	7.79323e-76	1.80383e-73	4.04458e-71	8.77736e-69	1.84185e-66	3.73343e-64	7.30227e-62	1.37659e-59	2.49812e-57	4.35823e-55	7.29925e-53	1.17179e-50	1.80013e-48	2.64154e-46	3.69535e-44	4.91772e-42	6.21094e-40	7.42513e-38	8.37819e-36	8.89398e-34	8.85065e-32	8.22272e-30	7.09911e-28	5.66539e-26	4.1535e-24	2.77729e-22	1.67929e-20	9.08738e-19	4.34557e-17	1.80732e-15	6.40455e-14	1.88162e-12	4.41238e-11	7.81343e-10	9.59488e-09	7.18622e-08	3.13094e-07	1.66429e-06	3.13094e-07	7.18622e-08	9.59488e-09	7.81343e-10	4.41238e-11	1.88162e-12	6.40455e-14	1.80732e-15	4.34557e-17	9.08275e-19	-5.79453e-23	-5.078e-19	-1.2183e-17	-2.17773e-16	-2.58119e-15	-1.53103e-14	-2.58119e-15	-2.17773e-16	-1.2183e-17	-5.08078e-19	-1.68509e-20	-4.63122e-22	-1.08524e-23	-2.21408e-25	-3.99634e-27	-6.46291e-29	-9.46117e-31	-1.26444e-32	-1.55375e-34	-1.76618e-36	-1.86697e-38	-1.8436e-40	-1.70753e-42	-1.48863e-44	-1.22545e-46	-9.55288e-49	-7.06993e-51	-5.01253e-53	-5.01253e-53	
6.34092e-79	6.34092e-79	1.549e-76	3.6861e-74	8.50418e-72	1.90057e-69	4.11086e-67	8.5974e-65	1.73679e-62	3.38534e-60	6.35968e-58	1.15003e-55	1.99914e-53	3.33597e-51	5.33551e-49	8.16541e-47	1.19355e-44	1.66306e-42	2.20415e-40	2.77208e-38	3.29963e-36	3.70645e-34	3.91629e-32	3.87826e-30	3.58476e-28	3.07833e-26	2.44269e-24	1.77999e-22	1.18247e-20	7.09943e-19	3.81213e-17	1.80732e-15	7.4439e-14	2.60851e-12	7.56284e-11	1.74491e-09	3.02542e-08	3.60498e-07	2.5649e-06	1.00938e-05	5.17077e-05	1.00938e-05	2.5649e-06	3.60498e-07	3.02542e-08	1.74491e-09	7.56284e-11	2.60851e-12	7.4439e-14	1.80732e-15	3.80904e-17	-4.07038e-19	-3.34521e-17	-7.96806e-16	-1.41326e-14	-1.66054e-13	-9.75361e-13	-1.66054e-13	-1.41326e-14	-7.96807e-16	-3.34639e-17	-1.11698e-18	-3.08797e-20	-7.27563e-22	-1.49195e-23	-2.70585e-25	-4.3958e-27	-6.46291e-29	-8.673e-31	-1.06997e-32	-1.22089e-34	-1.29531e-36	-1.28366e-38	-1.19304e-40	-1.04361e-42	-8.61941e-45	-6.74083e-47	-5.00454e-49	-3.55926e-51	-3.55926e-51	
2.60519e-77	2.60519e-77	6.34237e-75	1.50407e-72	3.45799e-70	7.70104e-68	1.6598e-65	3.45881e-63	6.96184e-61	1.352e-58	2.53036e-56	4.55828e-54	7.89323e-52	1.31196e-49	2.08991e-47	3.18525e-45	4.63638e-43	6.43238e-41	8.48742e-39	1.06256e-36	1.25881e-34	1.40708e-32	1.47917e-30	1.457e-28	1.33921e-26	1.14321e-24	9.01457e-23	6.52475e-21	4.30303e-19	2.56304e-17	1.36423e-15	6.40455e-14	2.60851e-12	9.02237e-11	2.57532e-09	5.82752e-08	9.8493e-07	1.13126e-05	7.56246e-05	0.000262474	0.00127484	0.000262474	7.56246e-05	1.13126e-05	9.8493e-07	5.82752e-08	2.57532e-09	9.02237e-11	2.60851e-12	6.40454e-14	1.36237e-15	-4.12524e-17	-1.9893e-15	-4.70092e-14	-8.26505e-13	-9.61487e-12	-5.58359e-11	-9.61487e-12	-8.26505e-13	-4.70092e-14	-1.98973e-15	-6.6883e-17	-1.86089e-18	-4.41034e-20	-9.09337e-22	-1.65763e-23	-2.70585e-25	-3.99634e-27	-5.38613e-29	-6.67215e-31	-7.64345e-33	-8.14028e-35	-8.0968e-37	-7.55206e-39	-6.62904e-41	-5.49356e-43	-4.31041e-45	-3.21046e-47	-2.29056e-49	-2.29056e-49	
9.04233e-76	9.04233e-76	2.19309e-73	5.18117e-71	1.18664e-68	2.63245e-66	5.65148e-64	1.17303e-61	2.35156e-59	4.54813e-57	8.47685e-55	1.52061e-52	2.62184e-50	4.33878e-48	6.88063e-46	1.04389e-43	1.51235e-41	2.0881e-39	2.74157e-37	3.41469e-35	4.02395e-33	4.47322e-31	4.67543e-29	4.57772e-27	4.18102e-25	3.54524e-23	2.77557e-21	1.99356e-19	1.3038e-17	7.69508e-16	4.05438e-14	1.88162e-12	7.56284e-11	2.57532e-09	7.21263e-08	1.59327e-06	2.60724e-05	0.000285626	0.00176235	0.00520825	0.0232487	0.00520825	0.00176235	0.000285626	2.60724e-05	1.59327e-06	7.21263e-08	2.57532e-09	7.56284e-11	1.88161e-12	4.04435e-14	-2.80976e-15	-1.05641e-13	-2.47434e-12	-4.30695e-11	-4.95251e-10	-2.83735e-09	-4.95251e-10	-4.30695e-11	-2.47434e-12	-1.05654e-13	-3.57929e-15	-1.00289e-16	-2.39213e-18	-4.96126e-20	-9.09337e-22	-1.49195e-23	-2.21408e-25	-2.99762e-27	-3.7294e-29	-4.28994e-31	-4.58688e-33	-4.57977e-35	-4.28738e-37	-3.7768e-39	-3.14073e-41	-2.47263e-43	-1.84772e-45	-1.32257e-47	-1.32257e-47	
2.58067e-74	2.58067e-74	6.23202e-72	1.46591e-69	3.34257e-67	7.3821e-65	1.57766e-62	3.25958e-60	6.50403e-58	1.25198e-55	2.32223e-53	4.14529e-51	7.11156e-49	1.17086e-46	1.84712e-44	2.78737e-42	4.01611e-40	5.51378e-38	7.19728e-36	8.9106e-34	1.04352e-31	1.15252e-29	1.19649e-27	1.16319e-25	1.05446e-23	8.87038e-22	6.88589e-20	4.90072e-18	3.17333e-16	1.85246e-14	9.6412e-13	4.41238e-11	1.74491e-09	5.82752e-08	1.59327e-06	3.41115e-05	0.000534514	0.00548255	0.0302053	0.0718536	0.274706	0.0718536	0.0302053	0.00548255	0.000534514	3.41115e-05	1.59327e-06	5.82752e-08	1.74491e-09	4.41237e-11	9.59349e-13	-1.50427e-13	-4.94319e-12	-1.14617e-10	-1.97193e-09	-2.23638e-08	-1.26022e-07	-2.23638e-08	-1.97193e-09	-1.14617e-10	-4.94352e-12	-1.68952e-13	-4.77105e-15	-1.14604e-16	-2.39213e-18	-4.41034e-20	-7.27563e-22	-1.08524e-23	-1.47635e-25	-1.8451e-27	-2.13159e-29	-2.28854e-31	-2.29403e-33	-2.15576e-35	-1.90603e-37	-1.59068e-39	-1.25665e-41	-9.42226e-44	-6.76665e-46	-6.76665e-46	
5.85678e-73	5.85678e-73	1.40689e-70	3.29169e-68	7.46514e-66	1.63964e-63	3.48458e-61	7.15862e-59	1.42015e-56	2.71762e-54	5.01051e-52	8.88926e-50	1.51548e-47	2.47915e-45	3.88541e-43	5.82381e-41	8.33307e-39	1.13592e-36	1.47185e-34	1.80838e-32	2.10109e-30	2.30153e-28	2.36885e-26	2.28221e-24	2.04925e-22	1.70653e-20	1.31049e-18	9.21874e-17	5.89398e-15	3.39276e-13	1.73823e-11	7.81343e-10	3.02542e-08	9.8493e-07	2.60724e-05	0.000534514	0.00786225	0.0727229	0.332067	0.576213	1.55665	0.576213	0.332067	0.0727229	0.00786225	0.000534514	2.60724e-05	9.8493e-07	3.02542e-08	7.81338e-10	1.71853e-11	-6.57848e-12	-2.00384e-10	-4.59211e-09	-7.79153e-08	-8.68844e-07	-4.7947e-06	-8.68844e-07	-7.79153e-08	-4.59211e-09	-2.0039e-10	-6.91782e-12	-1.97078e-13	-4.77105e-15	-1.00289e-16	-1.86089e-18	-3.08797e-20	-4.63122e-22	-6.33246e-24	-7.95214e-26	-9.22862e-28	-9.95093e-30	-1.0016e-31	-9.44953e-34	-8.38668e-36	-7.02488e-38	-5.56951e-40	-4.19045e-42	-3.01962e-44	-3.01962e-44	
1.01821e-71	1.01821e-71	2.42906e-69	5.64354e-67	1.27076e-64	2.77078e-62	5.84476e-60	1.19161e-57	2.34559e-55	4.45285e-53	8.14286e-51	1.43257e-48	2.42135e-46	3.92609e-44	6.09722e-42	9.05354e-40	1.28292e-37	1.73134e-35	2.22014e-33	2.69846e-31	3.10017e-29	3.35629e-27	3.41224e-25	3.2452e-23	2.87441e-21	2.35922e-19	1.78384e-17	1.23406e-15	7.7478e-14	4.37143e-12	2.18997e-10	9.59488e-09	3.60498e-07	1.13126e-05	0.000285626	0.00548255	0.0727229	0.555219	1.71881	1.88992	2.0202	1.88992	1.71881	0.555219	0.0727229	0.00548255	0.000285626	1.13126e-05	3.60498e-07	9.59472e-09	2.1208e-10	-2.36027e-10	-6.88264e-09	-1.55544e-07	-2.59473e-06	-2.83231e-05	-0.000152051	-2.83231e-05	-2.59473e-06	-1.55544e-07	-6.88274e-09	-2.40401e-10	-6.91782e-12	-1.68952e-13	-3.57929e-15	-6.6883e-17	-1.11698e-18	-1.68509e-20	-2.31669e-22	-2.92409e-24	-3.40976e-26	-3.69334e-28	-3.73354e-30	-3.53691e-32	-3.15151e-34	-2.64984e-36	-2.10859e-38	-1.59215e-40	-1.15129e-42	-1.15129e-42	
1.31954e-70	1.31954e-70	3.11938e-68	7.18006e-66	1.60129e-63	3.4571e-61	7.21853e-59	1.45628e-56	2.83559e-54	5.3229e-52	9.62129e-50	1.67237e-47	2.7915e-45	4.46778e-43	6.84514e-41	1.00216e-38	1.39933e-36	1.85953e-34	2.3463e-32	2.80378e-30	3.16409e-28	3.36142e-26	3.34981e-24	3.11884e-22	2.70057e-20	2.16332e-18	1.59343e-16	1.07146e-14	6.52108e-13	3.55507e-11	1.71378e-09	7.18622e-08	2.5649e-06	7.56246e-05	0.00176235	0.0302053	0.332067	1.71881	2.03084	2.0646	2.07515	2.0646	2.03084	1.71881	0.332067	0.0302053	0.00176235	7.56246e-05	2.5649e-06	7.18573e-08	1.5134e-09	-6.84712e-09	-1.94329e-07	-4.31766e-06	-7.04967e-05	-0.000748151	-0.00386474	-0.000748151	-7.04968e-05	-4.31767e-06	-1.9433e-07	-6.88274e-09	-2.0039e-10	-4.94352e-12	-1.05654e-13	-1.98973e-15	-3.34639e-17	-5.08078e-19	-7.02632e-21	-8.91698e-23	-1.04511e-24	-1.13746e-26	-1.15506e-28	-1.09895e-30	-9.83241e-33	-8.29993e-35	-6.62977e-37	-5.02438e-39	-3.64621e-41	-3.64621e-41	
1.28153e-69	1.28153e-69	3.0014e-67	6.84223e-65	1.51074e-62	3.22776e-60	6.66678e-58	1.32979e-55	2.55873e-53	4.74383e-51	8.46339e-49	1.45105e-46	2.38727e-44	3.76286e-42	5.67257e-40	8.16348e-38	1.11922e-35	1.45855e-33	1.80227e-31	2.10582e-29	2.31953e-27	2.40033e-25	2.32467e-23	2.09781e-21	1.75514e-19	1.35354e-17	9.55636e-16	6.12742e-14	3.53352e-12	1.81094e-10	8.12575e-09	3.13094e-07	1.00938e-05	0.000262474	0.00520825	0.0718536	0.576213	1.88992	2.0646	2.07796	2.07906	2.07796	2.0646	1.88992	0.576213	0.0718536	0.00520825	0.000262474	1.00938e-05	3.1298e-07	3.53381e-09	-1.55362e-07	-4.31765e-06	-9.3892e-05	-0.00149026	-0.0152053	-0.0740931	-0.0152053	-0.00149026	-9.38921e-05	-4.31767e-06	-1.55544e-07	-4.59211e-09	-1.14617e-10	-2.47434e-12	-4.70092e-14	-7.96807e-16	-1.2183e-17	-1.69561e-19	-2.16455e-21	-2.55079e-23	-2.79035e-25	-2.84711e-27	-2.72109e-29	-2.44508e-31	-2.07249e-33	-1.66199e-35	-1.26434e-37	-9.20928e-40	-9.20928e-40	
