1.66546e-10	1.66546e-10	1.99168e-10	2.69342e-10	3.87411e-10	5.70123e-10	8.42138e-10	1.23808e-09	1.80518e-09	2.60644e-09	3.72434e-09	5.26503e-09	7.36265e-09	1.01838e-08	1.39312e-08	1.88474e-08	2.52153e-08	3.33583e-08	4.36358e-08	5.64358e-08	7.21626e-08	9.12196e-08	1.13987e-07	1.40795e-07	1.71893e-07	2.07414e-07	2.47346e-07	2.91494e-07	3.3946e-07	3.90622e-07	4.44131e-07	4.98918e-07	5.5372e-07	6.07121e-07	6.57607e-07	7.03637e-07	7.43716e-07	7.76483e-07	8.00779e-07	8.15726e-07	8.2077e-07	8.15726e-07	8.00779e-07	7.76483e-07	7.43716e-07	7.03637e-07	6.57607e-07	6.07121e-07	5.5372e-07	4.98918e-07	4.44131e-07	3.90622e-07	3.3946e-07	2.91494e-07	2.47346e-07	2.07414e-07	1.71893e-07	1.40795e-07	1.13987e-07	9.12196e-08	7.21626e-08	5.64358e-08	4.36359e-08	3.33584e-08	2.52154e-08	1.88475e-08	1.39314e-08	1.0184e-08	7.36312e-09	5.26583e-09	3.72569e-09	2.60869e-09	1.80891e-09	1.24419e-09	8.5202e-10	5.85956e-10	4.12507e-10	3.08697e-10	2.60217e-10	2.60217e-10	
1.66546e-10	1.66546e-10	1.99168e-10	2.69342e-10	3.87411e-10	5.70123e-10	8.42138e-10	1.23808e-09	1.80518e-09	2.60644e-09	3.72434e-09	5.26503e-09	7.36265e-09	1.01838e-08	1.39312e-08	1.88474e-08	2.52153e-08	3.33583e-08	4.36358e-08	5.64358e-08	7.21626e-08	9.12196e-08	1.13987e-07	1.40795e-07	1.71893e-07	2.07414e-07	2.47346e-07	2.91494e-07	3.3946e-07	3.90622e-07	4.44131e-07	4.98918e-07	5.5372e-07	6.07121e-07	6.57607e-07	7.03637e-07	7.43716e-07	7.76483e-07	8.00779e-07	8.15726e-07	8.2077e-07	8.15726e-07	8.00779e-07	7.76483e-07	7.43716e-07	7.03637e-07	6.57607e-07	6.07121e-07	5.5372e-07	4.98918e-07	4.44131e-07	3.90622e-07	3.3946e-07	2.91494e-07	2.47346e-07	2.07414e-07	1.71893e-07	1.40795e-07	1.13987e-07	9.12196e-08	7.21626e-08	5.64358e-08	4.36359e-08	3.33584e-08	2.52154e-08	1.88475e-08	1.39314e-08	1.0184e-08	7.36312e-09	5.26583e-09	3.72569e-09	2.60869e-09	1.80891e-09	1.24419e-09	8.5202e-10	5.85956e-10	4.12507e-10	3.08697e-10	2.60217e-10	2.60217e-10	
1.99168e-10	1.99168e-10	2.38236e-10	3.22288e-10	4.63741e-10	6.82706e-10	1.0088e-09	1.48365e-09	2.16404e-09	3.12576e-09	4.46813e-09	6.31902e-09	8.84016e-09	1.22325e-08	1.67409e-08	2.26584e-08	3.03273e-08	4.01389e-08	5.25291e-08	6.79685e-08	8.69485e-08	1.0996e-07	1.37467e-07	1.69874e-07	2.07486e-07	2.50471e-07	2.98818e-07	3.52298e-07	4.10432e-07	4.72468e-07	5.37379e-07	6.03869e-07	6.70404e-07	7.35261e-07	7.96598e-07	8.52536e-07	9.01255e-07	9.41092e-07	9.70636e-07	9.88813e-07	9.94948e-07	9.88813e-07	9.70636e-07	9.41092e-07	9.01255e-07	8.52536e-07	7.96598e-07	7.35261e-07	6.70404e-07	6.03869e-07	5.37379e-07	4.72468e-07	4.10432e-07	3.52298e-07	2.98818e-07	2.50471e-07	2.07486e-07	1.69874e-07	1.37467e-07	1.0996e-07	8.69485e-08	6.79685e-08	5.25291e-08	4.0139e-08	3.03273e-08	2.26585e-08	1.67411e-08	1.22328e-08	8.84072e-09	6.31998e-09	4.46975e-09	3.12845e-09	2.16849e-09	1.49094e-09	1.02061e-09	7.01631e-10	4.9375e-10	3.6936e-10	3.11279e-10	3.11279e-10	
2.69342e-10	2.69342e-10	3.22288e-10	4.36224e-10	6.28037e-10	9.25091e-10	1.36771e-09	2.01261e-09	2.9372e-09	4.24493e-09	6.07148e-09	8.59166e-09	1.20269e-08	1.66524e-08	2.28045e-08	3.08852e-08	4.13658e-08	5.47853e-08	7.17449e-08	9.28954e-08	1.18917e-07	1.50492e-07	1.88267e-07	2.32806e-07	2.84541e-07	3.43716e-07	4.10324e-07	4.84059e-07	5.6427e-07	6.49928e-07	7.39617e-07	8.31546e-07	9.23592e-07	1.01337e-06	1.09831e-06	1.17581e-06	1.24333e-06	1.29856e-06	1.33953e-06	1.36474e-06	1.37325e-06	1.36474e-06	1.33953e-06	1.29856e-06	1.24333e-06	1.17581e-06	1.09831e-06	1.01337e-06	9.23592e-07	8.31546e-07	7.39617e-07	6.49928e-07	5.6427e-07	4.84059e-07	4.10324e-07	3.43716e-07	2.84541e-07	2.32806e-07	1.88267e-07	1.50492e-07	1.18917e-07	9.28954e-08	7.17449e-08	5.47853e-08	4.13659e-08	3.08854e-08	2.28047e-08	1.66529e-08	1.20276e-08	8.59295e-09	6.07365e-09	4.24856e-09	2.94321e-09	2.02245e-09	1.38367e-09	9.50668e-10	6.68611e-10	4.99898e-10	4.21139e-10	4.21139e-10	
3.87411e-10	3.87411e-10	4.63741e-10	6.28037e-10	9.04738e-10	1.33346e-09	1.97263e-09	2.90446e-09	4.24129e-09	6.13338e-09	8.77799e-09	1.24296e-08	1.74107e-08	2.41231e-08	3.30578e-08	4.48031e-08	6.00493e-08	7.95874e-08	1.04301e-07	1.35148e-07	1.73134e-07	2.19268e-07	2.74508e-07	3.39698e-07	4.15489e-07	5.02254e-07	6.00002e-07	7.08302e-07	8.26209e-07	9.52221e-07	1.08426e-06	1.2197e-06	1.35539e-06	1.48782e-06	1.61319e-06	1.72762e-06	1.82737e-06	1.90898e-06	1.96953e-06	2.0068e-06	2.01938e-06	2.0068e-06	1.96953e-06	1.90898e-06	1.82737e-06	1.72762e-06	1.61319e-06	1.48782e-06	1.35539e-06	1.2197e-06	1.08426e-06	9.52221e-07	8.26209e-07	7.08302e-07	6.00002e-07	5.02254e-07	4.15489e-07	3.39698e-07	2.74508e-07	2.19268e-07	1.73134e-07	1.35148e-07	1.04301e-07	7.95874e-08	6.00494e-08	4.48034e-08	3.30582e-08	2.41238e-08	1.74118e-08	1.24314e-08	8.78111e-09	6.1386e-09	4.24992e-09	2.91859e-09	1.99555e-09	1.37022e-09	9.63086e-10	7.19649e-10	6.06036e-10	6.06036e-10	
5.70123e-10	5.70123e-10	6.82706e-10	9.25091e-10	1.33346e-09	1.96649e-09	2.91078e-09	4.28826e-09	6.26572e-09	9.06643e-09	1.29838e-08	1.83967e-08	2.5786e-08	3.57514e-08	4.90266e-08	6.64921e-08	8.91824e-08	1.18285e-07	1.55129e-07	2.01158e-07	2.5789e-07	3.26852e-07	4.09503e-07	5.0713e-07	6.20734e-07	7.50904e-07	8.97682e-07	1.06044e-06	1.23779e-06	1.42749e-06	1.62641e-06	1.8306e-06	2.03532e-06	2.23523e-06	2.42459e-06	2.59753e-06	2.74833e-06	2.87175e-06	2.96336e-06	3.01974e-06	3.03878e-06	3.01974e-06	2.96336e-06	2.87175e-06	2.74833e-06	2.59753e-06	2.42459e-06	2.23523e-06	2.03532e-06	1.8306e-06	1.62641e-06	1.42749e-06	1.23779e-06	1.06044e-06	8.97682e-07	7.50904e-07	6.20734e-07	5.0713e-07	4.09503e-07	3.26852e-07	2.5789e-07	2.01158e-07	1.55129e-07	1.18285e-07	8.91826e-08	6.64924e-08	4.90271e-08	3.57523e-08	2.57876e-08	1.83994e-08	1.29884e-08	9.07409e-09	6.2784e-09	4.30904e-09	2.94447e-09	2.02056e-09	1.41931e-09	1.05995e-09	8.92272e-10	8.92272e-10	
8.42138e-10	8.42138e-10	1.0088e-09	1.36771e-09	1.97263e-09	2.91078e-09	4.31098e-09	6.35475e-09	9.29059e-09	1.34515e-08	1.92754e-08	2.73287e-08	3.83308e-08	5.31799e-08	7.29769e-08	9.90443e-08	1.32938e-07	1.76449e-07	2.31582e-07	3.00522e-07	3.85568e-07	4.89045e-07	6.13177e-07	7.59938e-07	9.30877e-07	1.12692e-06	1.34818e-06	1.59376e-06	1.86158e-06	2.14829e-06	2.44919e-06	2.75828e-06	3.0684e-06	3.37143e-06	3.65865e-06	3.92108e-06	4.15003e-06	4.33748e-06	4.47664e-06	4.56232e-06	4.59124e-06	4.56232e-06	4.47664e-06	4.33748e-06	4.15003e-06	3.92108e-06	3.65865e-06	3.37143e-06	3.0684e-06	2.75828e-06	2.44919e-06	2.14829e-06	1.86158e-06	1.59376e-06	1.34818e-06	1.12692e-06	9.30877e-07	7.59938e-07	6.13177e-07	4.89045e-07	3.85568e-07	3.00522e-07	2.31582e-07	1.76449e-07	1.32939e-07	9.90447e-08	7.29776e-08	5.31813e-08	3.83331e-08	2.73327e-08	1.92822e-08	1.34628e-08	9.30928e-09	6.38539e-09	4.36069e-09	2.99059e-09	2.09941e-09	1.56696e-09	1.31859e-09	1.31859e-09	
1.23808e-09	1.23808e-09	1.48365e-09	2.01261e-09	2.90446e-09	4.28826e-09	6.35475e-09	9.37288e-09	1.37112e-08	1.9864e-08	2.84822e-08	4.04081e-08	5.67134e-08	7.87377e-08	1.08125e-07	1.46853e-07	1.97252e-07	2.62009e-07	3.44138e-07	4.46931e-07	5.7386e-07	7.28444e-07	9.14063e-07	1.13374e-06	1.38985e-06	1.68386e-06	2.01601e-06	2.38502e-06	2.78781e-06	3.2194e-06	3.67274e-06	4.1388e-06	4.60678e-06	5.06438e-06	5.49836e-06	5.89513e-06	6.24142e-06	6.52507e-06	6.73571e-06	6.86541e-06	6.90921e-06	6.86541e-06	6.73571e-06	6.52507e-06	6.24142e-06	5.89513e-06	5.49836e-06	5.06438e-06	4.60678e-06	4.1388e-06	3.67274e-06	3.2194e-06	2.78781e-06	2.38502e-06	2.01601e-06	1.68386e-06	1.38985e-06	1.13374e-06	9.14063e-07	7.28444e-07	5.7386e-07	4.46931e-07	3.44138e-07	2.62009e-07	1.97253e-07	1.46853e-07	1.08126e-07	7.87397e-08	5.67168e-08	4.04139e-08	2.8492e-08	1.98806e-08	1.37386e-08	9.41787e-09	6.42776e-09	4.40552e-09	3.09081e-09	2.30562e-09	1.93943e-09	1.93943e-09	
1.80518e-09	1.80518e-09	2.16404e-09	2.9372e-09	4.24129e-09	6.26572e-09	9.29059e-09	1.37112e-08	2.00697e-08	2.9094e-08	4.17434e-08	5.92613e-08	8.32311e-08	1.15635e-07	1.58908e-07	2.15986e-07	2.90334e-07	3.85949e-07	5.07332e-07	6.59402e-07	8.47367e-07	1.07652e-06	1.35195e-06	1.67826e-06	2.05909e-06	2.49673e-06	2.99164e-06	3.54202e-06	4.14341e-06	4.7884e-06	5.46652e-06	6.16429e-06	6.8655e-06	7.55169e-06	8.20291e-06	8.79865e-06	9.31888e-06	9.74518e-06	1.00618e-05	1.02569e-05	1.03228e-05	1.02569e-05	1.00618e-05	9.74518e-06	9.31888e-06	8.79865e-06	8.20291e-06	7.55169e-06	6.8655e-06	6.16429e-06	5.46652e-06	4.7884e-06	4.14341e-06	3.54202e-06	2.99164e-06	2.49673e-06	2.05909e-06	1.67826e-06	1.35195e-06	1.07652e-06	8.47367e-07	6.59403e-07	5.07332e-07	3.8595e-07	2.90334e-07	2.15987e-07	1.5891e-07	1.15638e-07	8.32361e-08	5.92698e-08	4.17578e-08	2.9118e-08	2.01096e-08	1.37767e-08	9.39693e-09	6.43659e-09	4.51294e-09	3.36453e-09	2.82909e-09	2.82909e-09	
2.60644e-09	2.60644e-09	3.12576e-09	4.24493e-09	6.13338e-09	9.06643e-09	1.34515e-08	1.9864e-08	2.9094e-08	4.2203e-08	6.05921e-08	8.6079e-08	1.20982e-07	1.68206e-07	2.31326e-07	3.1466e-07	4.23311e-07	5.63179e-07	7.40919e-07	9.63824e-07	1.23963e-06	1.57624e-06	1.98127e-06	2.46164e-06	3.0229e-06	3.6686e-06	4.39962e-06	5.21345e-06	6.10365e-06	7.0594e-06	8.06526e-06	9.10125e-06	1.01433e-05	1.11639e-05	1.21332e-05	1.30205e-05	1.37957e-05	1.44313e-05	1.49037e-05	1.51946e-05	1.52929e-05	1.51946e-05	1.49037e-05	1.44313e-05	1.37957e-05	1.30205e-05	1.21332e-05	1.11639e-05	1.01433e-05	9.10125e-06	8.06526e-06	7.0594e-06	6.10365e-06	5.21345e-06	4.39962e-06	3.6686e-06	3.0229e-06	2.46164e-06	1.98127e-06	1.57624e-06	1.23963e-06	9.63824e-07	7.40919e-07	5.6318e-07	4.23312e-07	3.14662e-07	2.31329e-07	1.6821e-07	1.20989e-07	8.60912e-08	6.06128e-08	4.22377e-08	2.91515e-08	1.99584e-08	1.36049e-08	9.31297e-09	6.52553e-09	4.86211e-09	4.08675e-09	4.08675e-09	
3.72434e-09	3.72434e-09	4.46813e-09	6.07148e-09	8.77799e-09	1.29838e-08	1.92754e-08	2.84822e-08	4.17434e-08	6.05921e-08	8.70538e-08	1.23759e-07	1.74068e-07	2.42198e-07	3.33348e-07	4.53802e-07	6.11007e-07	8.1359e-07	1.0713e-06	1.39485e-06	1.79563e-06	2.28532e-06	2.87526e-06	3.57574e-06	4.39515e-06	5.33897e-06	6.40877e-06	7.60117e-06	8.907e-06	1.03106e-05	1.17894e-05	1.33141e-05	1.48492e-05	1.6354e-05	1.77845e-05	1.90949e-05	2.02406e-05	2.11804e-05	2.1879e-05	2.23095e-05	2.2455e-05	2.23095e-05	2.1879e-05	2.11804e-05	2.02406e-05	1.90949e-05	1.77845e-05	1.6354e-05	1.48492e-05	1.33141e-05	1.17894e-05	1.03106e-05	8.907e-06	7.60117e-06	6.40877e-06	5.33897e-06	4.39515e-06	3.57574e-06	2.87526e-06	2.28532e-06	1.79563e-06	1.39485e-06	1.0713e-06	8.1359e-07	6.11008e-07	4.53804e-07	3.33351e-07	2.42204e-07	1.74078e-07	1.23777e-07	8.70833e-08	6.06416e-08	4.18254e-08	2.86169e-08	1.94943e-08	1.33358e-08	9.33821e-09	6.9536e-09	5.84238e-09	5.84238e-09	
5.26503e-09	5.26503e-09	6.31902e-09	8.59166e-09	1.24296e-08	1.83967e-08	2.73287e-08	4.04081e-08	5.92613e-08	8.6079e-08	1.23759e-07	1.76071e-07	2.47835e-07	3.45111e-07	4.75381e-07	6.47708e-07	8.72849e-07	1.16329e-06	1.53319e-06	1.99812e-06	2.57473e-06	3.28011e-06	4.13094e-06	5.14249e-06	6.3273e-06	7.69377e-06	9.24464e-06	1.09755e-05	1.28734e-05	1.49158e-05	1.70704e-05	1.92943e-05	2.15359e-05	2.37356e-05	2.58285e-05	2.77473e-05	2.94261e-05	3.0804e-05	3.18287e-05	3.24604e-05	3.26738e-05	3.24604e-05	3.18287e-05	3.0804e-05	2.94261e-05	2.77473e-05	2.58285e-05	2.37356e-05	2.15359e-05	1.92943e-05	1.70704e-05	1.49158e-05	1.28734e-05	1.09755e-05	9.24464e-06	7.69377e-06	6.3273e-06	5.14249e-06	4.13094e-06	3.28011e-06	2.57473e-06	1.99812e-06	1.53319e-06	1.16329e-06	8.7285e-07	6.4771e-07	4.75386e-07	3.45119e-07	2.47849e-07	1.76096e-07	1.23801e-07	8.61487e-08	5.9377e-08	4.05982e-08	2.76378e-08	1.8894e-08	1.32214e-08	9.83905e-09	8.26334e-09	8.26334e-09	
7.36265e-09	7.36265e-09	8.84016e-09	1.20269e-08	1.74107e-08	2.5786e-08	3.83308e-08	5.67134e-08	8.32311e-08	1.20982e-07	1.74068e-07	2.47835e-07	3.49127e-07	4.86562e-07	6.70801e-07	9.1478e-07	1.23389e-06	1.64602e-06	2.17152e-06	2.83286e-06	3.65409e-06	4.66002e-06	5.875e-06	7.32147e-06	9.01802e-06	1.09774e-05	1.32044e-05	1.56932e-05	1.84261e-05	2.13711e-05	2.44819e-05	2.7697e-05	3.09415e-05	3.41289e-05	3.71647e-05	3.99505e-05	4.23898e-05	4.43931e-05	4.58838e-05	4.6803e-05	4.71136e-05	4.6803e-05	4.58838e-05	4.43931e-05	4.23898e-05	3.99505e-05	3.71647e-05	3.41289e-05	3.09415e-05	2.7697e-05	2.44819e-05	2.13711e-05	1.84261e-05	1.56932e-05	1.32044e-05	1.09774e-05	9.01802e-06	7.32147e-06	5.875e-06	4.66002e-06	3.65409e-06	2.83286e-06	2.17152e-06	1.64602e-06	1.23389e-06	9.14783e-07	6.70807e-07	4.86574e-07	3.49147e-07	2.47869e-07	1.74126e-07	1.21079e-07	8.33926e-08	5.69788e-08	3.87625e-08	2.6481e-08	1.85177e-08	1.37717e-08	1.15613e-08	1.15613e-08	
1.01838e-08	1.01838e-08	1.22325e-08	1.66524e-08	2.41231e-08	3.57514e-08	5.31799e-08	7.87377e-08	1.15635e-07	1.68206e-07	2.42198e-07	3.45111e-07	4.86562e-07	6.78684e-07	9.36506e-07	1.27831e-06	1.72589e-06	2.30465e-06	3.04354e-06	3.97463e-06	5.13241e-06	6.55255e-06	8.27029e-06	1.03183e-05	1.2724e-05	1.55066e-05	1.86739e-05	2.22192e-05	2.61179e-05	3.03257e-05	3.47767e-05	3.93835e-05	4.40387e-05	4.86177e-05	5.29837e-05	5.69945e-05	6.05095e-05	6.33983e-05	6.55491e-05	6.68758e-05	6.73242e-05	6.68758e-05	6.55491e-05	6.33983e-05	6.05095e-05	5.69945e-05	5.29837e-05	4.86177e-05	4.40387e-05	3.93835e-05	3.47767e-05	3.03257e-05	2.61179e-05	2.22192e-05	1.86739e-05	1.55066e-05	1.2724e-05	1.03183e-05	8.27029e-06	6.55255e-06	5.13241e-06	3.97463e-06	3.04354e-06	2.30465e-06	1.72589e-06	1.27832e-06	9.36515e-07	6.78699e-07	4.8659e-07	3.45158e-07	2.42278e-07	1.6834e-07	1.15858e-07	7.91042e-08	5.37764e-08	3.67119e-08	2.56539e-08	1.90665e-08	1.59994e-08	1.59994e-08	
1.39312e-08	1.39312e-08	1.6741e-08	2.28045e-08	3.30578e-08	4.90266e-08	7.29769e-08	1.08125e-07	1.58908e-07	2.31326e-07	3.33348e-07	4.75381e-07	6.70801e-07	9.36506e-07	1.29348e-06	1.76728e-06	2.38846e-06	3.19274e-06	4.22091e-06	5.51834e-06	7.13395e-06	9.11862e-06	1.15229e-05	1.43939e-05	1.77718e-05	2.16853e-05	2.61473e-05	3.11501e-05	3.66608e-05	4.26181e-05	4.89299e-05	5.54729e-05	6.20943e-05	6.86165e-05	7.48434e-05	8.05702e-05	8.5594e-05	8.97264e-05	9.28049e-05	9.47047e-05	9.53469e-05	9.47047e-05	9.28049e-05	8.97264e-05	8.5594e-05	8.05702e-05	7.48434e-05	6.86165e-05	6.20943e-05	5.54729e-05	4.89299e-05	4.26181e-05	3.66608e-05	3.11501e-05	2.61473e-05	2.16853e-05	1.77718e-05	1.43939e-05	1.15229e-05	9.11862e-06	7.13395e-06	5.51834e-06	4.22091e-06	3.19274e-06	2.38847e-06	1.76729e-06	1.29349e-06	9.36528e-07	6.70838e-07	4.75445e-07	3.33457e-07	2.3151e-07	1.59212e-07	1.08625e-07	7.37918e-08	5.03396e-08	3.51514e-08	2.61079e-08	2.18985e-08	2.18985e-08	
1.88474e-08	1.88474e-08	2.26584e-08	3.08852e-08	4.48032e-08	6.64921e-08	9.90443e-08	1.46853e-07	2.15986e-07	3.1466e-07	4.53802e-07	6.47708e-07	9.1478e-07	1.27831e-06	1.76728e-06	2.41708e-06	3.2701e-06	4.37604e-06	5.79184e-06	7.58104e-06	9.81243e-06	1.25579e-05	1.58893e-05	1.98741e-05	2.45706e-05	3.00215e-05	3.62477e-05	4.3241e-05	5.09585e-05	5.93165e-05	6.81877e-05	7.73998e-05	8.67378e-05	9.59502e-05	0.000104758	0.000112869	0.000119993	0.000125858	0.00013023	0.000132929	0.000133842	0.000132929	0.00013023	0.000125858	0.000119993	0.000112869	0.000104758	9.59502e-05	8.67378e-05	7.73998e-05	6.81877e-05	5.93165e-05	5.09585e-05	4.3241e-05	3.62477e-05	3.00215e-05	2.45706e-05	1.98741e-05	1.58893e-05	1.25579e-05	9.81243e-06	7.58104e-06	5.79184e-06	4.37604e-06	3.2701e-06	2.41709e-06	1.7673e-06	1.27834e-06	9.1483e-07	6.47795e-07	4.53949e-07	3.14907e-07	2.16397e-07	1.47529e-07	1.00145e-07	6.82671e-08	4.76348e-08	3.53556e-08	2.9642e-08	2.9642e-08	
2.52153e-08	2.52153e-08	3.03273e-08	4.13658e-08	6.00493e-08	8.91824e-08	1.32938e-07	1.97252e-07	2.90334e-07	4.23311e-07	6.11007e-07	8.72849e-07	1.23389e-06	1.72589e-06	2.38846e-06	3.2701e-06	4.42902e-06	5.9337e-06	7.86283e-06	1.03045e-05	1.33546e-05	1.71138e-05	2.16832e-05	2.71589e-05	3.36247e-05	4.11435e-05	4.97485e-05	5.94331e-05	7.0142e-05	8.17629e-05	9.41217e-05	0.00010698	0.000120039	0.000132944	0.000145303	0.0001567	0.000166723	0.000174984	0.000181147	0.000184955	0.000186243	0.000184955	0.000181147	0.000174984	0.000166723	0.0001567	0.000145303	0.000132944	0.000120039	0.00010698	9.41217e-05	8.17629e-05	7.0142e-05	5.94331e-05	4.97485e-05	4.11435e-05	3.36247e-05	2.71589e-05	2.16832e-05	1.71138e-05	1.33546e-05	1.03045e-05	7.86283e-06	5.93371e-06	4.42903e-06	3.27011e-06	2.38848e-06	1.72593e-06	1.23395e-06	8.72965e-07	6.11204e-07	4.23641e-07	2.90882e-07	1.98155e-07	1.3441e-07	9.15553e-08	6.38367e-08	4.73483e-08	3.96785e-08	3.96785e-08	
3.33583e-08	3.33583e-08	4.0139e-08	5.47853e-08	7.95874e-08	1.18285e-07	1.76449e-07	2.62009e-07	3.8595e-07	5.63179e-07	8.1359e-07	1.16329e-06	1.64602e-06	2.30465e-06	3.19274e-06	4.37604e-06	5.93371e-06	7.9591e-06	1.05599e-05	1.38572e-05	1.79831e-05	2.30775e-05	2.92815e-05	3.67306e-05	4.55443e-05	5.5815e-05	6.75945e-05	8.08809e-05	9.56049e-05	0.000111618	0.000128686	0.000146481	0.000164592	0.000182525	0.00019973	0.000215624	0.000229621	0.000241171	0.000249797	0.000255129	0.000256933	0.000255129	0.000249797	0.000241171	0.000229621	0.000215624	0.00019973	0.000182525	0.000164592	0.000146481	0.000128686	0.000111618	9.56049e-05	8.08809e-05	6.75945e-05	5.5815e-05	4.55443e-05	3.67306e-05	2.92815e-05	2.30775e-05	1.79831e-05	1.38572e-05	1.05599e-05	7.95911e-06	5.93371e-06	4.37606e-06	3.19277e-06	2.3047e-06	1.64611e-06	1.16345e-06	8.13849e-07	5.63614e-07	3.86673e-07	2.63201e-07	1.78393e-07	1.21422e-07	8.45966e-08	6.27022e-08	5.2521e-08	5.2521e-08	
4.36359e-08	4.36359e-08	5.25291e-08	7.17449e-08	1.04301e-07	1.55129e-07	2.31582e-07	3.44138e-07	5.07332e-07	7.40919e-07	1.0713e-06	1.53319e-06	2.17152e-06	3.04354e-06	4.22091e-06	5.79184e-06	7.86283e-06	1.05599e-05	1.40289e-05	1.84345e-05	2.39575e-05	3.07899e-05	3.91273e-05	4.9159e-05	6.10545e-05	7.49477e-05	9.09193e-05	0.000108977	0.000129037	0.000150907	0.000174274	0.000198697	0.000223609	0.000248333	0.000272103	0.000294103	0.000313509	0.000329546	0.000341535	0.000348952	0.000351462	0.000348952	0.000341535	0.000329546	0.000313509	0.000294103	0.000272103	0.000248333	0.000223609	0.000198697	0.000174274	0.000150907	0.000129037	0.000108977	9.09193e-05	7.49477e-05	6.10545e-05	4.9159e-05	3.91273e-05	3.07899e-05	2.39575e-05	1.84345e-05	1.40289e-05	1.05599e-05	7.86284e-06	5.79186e-06	4.22095e-06	3.0436e-06	2.17164e-06	1.53339e-06	1.07164e-06	7.41486e-07	5.08277e-07	3.45695e-07	2.34121e-07	1.59229e-07	1.10852e-07	8.2104e-08	6.87403e-08	6.87403e-08	
5.64359e-08	5.64359e-08	6.79685e-08	9.28954e-08	1.35148e-07	2.01158e-07	3.00522e-07	4.46931e-07	6.59403e-07	9.63824e-07	1.39485e-06	1.99812e-06	2.83286e-06	3.97463e-06	5.51834e-06	7.58104e-06	1.03045e-05	1.38572e-05	1.84345e-05	2.42584e-05	3.15736e-05	4.06416e-05	5.17309e-05	6.51038e-05	8.09988e-05	9.96088e-05	0.000121057	0.000145371	0.000172453	0.000202059	0.000233777	0.000267017	0.000301013	0.000334839	0.000367436	0.000397672	0.000424395	0.000446512	0.000463069	0.00047332	0.000476791	0.00047332	0.000463069	0.000446512	0.000424395	0.000397672	0.000367437	0.000334839	0.000301013	0.000267017	0.000233777	0.000202059	0.000172453	0.000145371	0.000121057	9.96088e-05	8.09988e-05	6.51038e-05	5.17309e-05	4.06415e-05	3.15736e-05	2.42584e-05	1.84345e-05	1.38572e-05	1.03045e-05	7.58107e-06	5.51839e-06	3.97472e-06	2.83301e-06	1.99838e-06	1.39528e-06	9.64556e-07	6.60622e-07	4.48941e-07	3.03802e-07	2.06457e-07	1.43619e-07	1.06297e-07	8.89536e-08	8.89536e-08	
7.21626e-08	7.21626e-08	8.69485e-08	1.18917e-07	1.73134e-07	2.5789e-07	3.85568e-07	5.7386e-07	8.47367e-07	1.23963e-06	1.79563e-06	2.57473e-06	3.65409e-06	5.13241e-06	7.13395e-06	9.81243e-06	1.33546e-05	1.79831e-05	2.39575e-05	3.15736e-05	4.11595e-05	5.30681e-05	6.76648e-05	8.531e-05	0.000106336	0.00013102	0.000159547	0.000191978	0.000228208	0.000267934	0.000310624	0.000355498	0.00040153	0.000447462	0.000491849	0.000533122	0.000569681	0.000599997	0.000622724	0.00063681	0.000641582	0.00063681	0.000622724	0.000599997	0.000569681	0.000533122	0.000491849	0.000447462	0.00040153	0.000355498	0.000310624	0.000267934	0.000228208	0.000191978	0.000159547	0.00013102	0.000106336	8.531e-05	6.76648e-05	5.30681e-05	4.11595e-05	3.15736e-05	2.39575e-05	1.79831e-05	1.33547e-05	9.81247e-06	7.13401e-06	5.13252e-06	3.65428e-06	2.57506e-06	1.79619e-06	1.24057e-06	8.48923e-07	5.76426e-07	3.89757e-07	2.64659e-07	1.83962e-07	1.36058e-07	1.13805e-07	1.13805e-07	
9.12196e-08	9.12196e-08	1.0996e-07	1.50492e-07	2.19268e-07	3.26852e-07	4.89045e-07	7.28444e-07	1.07652e-06	1.57624e-06	2.28532e-06	3.28011e-06	4.66002e-06	6.55255e-06	9.11863e-06	1.25579e-05	1.71138e-05	2.30775e-05	3.07899e-05	4.06416e-05	5.30681e-05	6.85412e-05	8.75535e-05	0.000110596	0.000138129	0.000170545	0.000208121	0.000250974	0.000299003	0.000351843	0.000408818	0.000468914	0.000530768	0.000592692	0.00065272	0.000708699	0.000758414	0.000799729	0.000830756	0.000850008	0.000856535	0.000850008	0.000830756	0.000799729	0.000758414	0.000708699	0.00065272	0.000592692	0.000530768	0.000468914	0.000408818	0.000351843	0.000299003	0.000250974	0.000208121	0.000170545	0.000138129	0.000110596	8.75535e-05	6.85412e-05	5.30681e-05	4.06416e-05	3.07899e-05	2.30775e-05	1.71138e-05	1.2558e-05	9.11871e-06	6.55269e-06	4.66026e-06	3.28052e-06	2.28602e-06	1.57741e-06	1.07848e-06	7.31682e-07	4.94333e-07	3.35402e-07	2.32951e-07	1.72167e-07	1.43939e-07	1.43939e-07	
1.13987e-07	1.13987e-07	1.37467e-07	1.88267e-07	2.74508e-07	4.09503e-07	6.13177e-07	9.14064e-07	1.35195e-06	1.98127e-06	2.87526e-06	4.13094e-06	5.87501e-06	8.2703e-06	1.15229e-05	1.58893e-05	2.16832e-05	2.92815e-05	3.91273e-05	5.17309e-05	6.76648e-05	8.75535e-05	0.000112055	0.000141833	0.000177519	0.000219663	0.000268679	0.00032477	0.000387863	0.000457533	0.000532941	0.000612787	0.000695285	0.000778188	0.000858844	0.000934315	0.00100154	0.00105756	0.00109971	0.0011259	0.00113479	0.0011259	0.00109971	0.00105756	0.00100154	0.000934315	0.000858844	0.000778188	0.000695286	0.000612787	0.000532941	0.000457533	0.000387863	0.00032477	0.000268679	0.000219663	0.000177518	0.000141833	0.000112055	8.75535e-05	6.76648e-05	5.17309e-05	3.91273e-05	2.92815e-05	2.16833e-05	1.58893e-05	1.1523e-05	8.27047e-06	5.87531e-06	4.13145e-06	2.87613e-06	1.98274e-06	1.3544e-06	9.18103e-07	6.19777e-07	4.20179e-07	2.91602e-07	2.15358e-07	1.79964e-07	1.79964e-07	
1.40795e-07	1.40795e-07	1.69874e-07	2.32806e-07	3.39699e-07	5.0713e-07	7.59938e-07	1.13374e-06	1.67826e-06	2.46165e-06	3.57574e-06	5.1425e-06	7.32147e-06	1.03183e-05	1.43939e-05	1.98741e-05	2.7159e-05	3.67306e-05	4.9159e-05	6.51039e-05	8.531e-05	0.000110596	0.000141833	0.000179908	0.000225682	0.000279924	0.000343234	0.000415956	0.00049808	0.000589141	0.000688122	0.000793384	0.00090262	0.00101287	0.00112058	0.00122176	0.00131222	0.00138782	0.00144485	0.00148035	0.00149241	0.00148035	0.00144485	0.00138782	0.00131222	0.00122176	0.00112058	0.00101287	0.00090262	0.000793384	0.000688122	0.000589141	0.00049808	0.000415956	0.000343233	0.000279924	0.000225682	0.000179908	0.000141833	0.000110596	8.531e-05	6.51039e-05	4.9159e-05	3.67306e-05	2.7159e-05	1.98742e-05	1.4394e-05	1.03185e-05	7.32184e-06	5.14313e-06	3.57681e-06	2.46345e-06	1.68128e-06	1.13872e-06	7.6808e-07	5.20306e-07	3.60807e-07	2.66278e-07	2.22411e-07	2.22411e-07	
1.71893e-07	1.71893e-07	2.07486e-07	2.84542e-07	4.1549e-07	6.20735e-07	9.30877e-07	1.38985e-06	2.05909e-06	3.0229e-06	4.39515e-06	6.32731e-06	9.01803e-06	1.2724e-05	1.77718e-05	2.45706e-05	3.36247e-05	4.55443e-05	6.10545e-05	8.09988e-05	0.000106336	0.000138129	0.000177519	0.000225683	0.000283781	0.000352875	0.000433834	0.000527214	0.000633128	0.000751105	0.000879957	0.00101766	0.00116128	0.00130695	0.00144996	0.00158494	0.00170612	0.00180777	0.00188468	0.00193266	0.00194897	0.00193266	0.00188469	0.00180777	0.00170612	0.00158494	0.00144996	0.00130695	0.00116128	0.00101766	0.000879957	0.000751105	0.000633127	0.000527214	0.000433834	0.000352875	0.000283781	0.000225682	0.000177519	0.000138129	0.000106336	8.09988e-05	6.10545e-05	4.55443e-05	3.36247e-05	2.45707e-05	1.77719e-05	1.27242e-05	9.01847e-06	6.32807e-06	4.39645e-06	3.02511e-06	2.06276e-06	1.39592e-06	9.40805e-07	6.36808e-07	4.41253e-07	3.25418e-07	2.71681e-07	2.71681e-07	
2.07414e-07	2.07414e-07	2.50471e-07	3.43716e-07	5.02254e-07	7.50904e-07	1.12692e-06	1.68386e-06	2.49673e-06	3.66861e-06	5.33897e-06	7.69378e-06	1.09774e-05	1.55066e-05	2.16853e-05	3.00216e-05	4.11435e-05	5.5815e-05	7.49478e-05	9.96089e-05	0.00013102	0.000170545	0.000219664	0.000279924	0.000352875	0.000439973	0.000542454	0.000661189	0.000796509	0.00094801	0.00111436	0.00129313	0.00148064	0.00167194	0.00186082	0.00204005	0.00220179	0.00233808	0.00244157	0.0025063	0.00252833	0.0025063	0.00244157	0.00233808	0.00220179	0.00204006	0.00186082	0.00167194	0.00148064	0.00129313	0.00111436	0.00094801	0.000796509	0.000661189	0.000542454	0.000439973	0.000352875	0.000279924	0.000219663	0.000170545	0.00013102	9.96089e-05	7.49478e-05	5.5815e-05	4.11436e-05	3.00216e-05	2.16855e-05	1.55069e-05	1.0978e-05	7.6947e-06	5.34054e-06	3.67126e-06	2.50115e-06	1.69118e-06	1.13889e-06	7.70285e-07	5.33333e-07	3.93052e-07	3.27996e-07	3.27996e-07	
2.47346e-07	2.47346e-07	2.98819e-07	4.10324e-07	6.00003e-07	8.97682e-07	1.34818e-06	2.01602e-06	2.99164e-06	4.39962e-06	6.40877e-06	9.24464e-06	1.32044e-05	1.86739e-05	2.61473e-05	3.62477e-05	4.97485e-05	6.75946e-05	9.09193e-05	0.000121057	0.000159547	0.000208122	0.000268679	0.000343234	0.000433835	0.000542454	0.000670836	0.000820308	0.000991556	0.00118436	0.00139733	0.00162765	0.00187081	0.00212053	0.00236874	0.00260582	0.00282107	0.00300344	0.00314255	0.00322984	0.0032596	0.00322984	0.00314255	0.00300344	0.00282107	0.00260583	0.00236874	0.00212053	0.00187081	0.00162765	0.00139733	0.00118436	0.000991555	0.000820308	0.000670835	0.000542453	0.000433834	0.000343233	0.000268679	0.000208121	0.000159547	0.000121057	9.09193e-05	6.75946e-05	4.97486e-05	3.62478e-05	2.61475e-05	1.86743e-05	1.3205e-05	9.24574e-06	6.41064e-06	4.40277e-06	2.99691e-06	2.02472e-06	1.36244e-06	9.20777e-07	6.37056e-07	4.69173e-07	3.91343e-07	3.91343e-07	
2.91494e-07	2.91494e-07	3.52298e-07	4.84059e-07	7.08302e-07	1.06044e-06	1.59376e-06	2.38502e-06	3.54202e-06	5.21345e-06	7.60118e-06	1.09755e-05	1.56932e-05	2.22192e-05	3.11501e-05	4.3241e-05	5.94332e-05	8.0881e-05	0.000108977	0.000145371	0.000191978	0.000250974	0.00032477	0.000415956	0.000527214	0.000661189	0.000820308	0.00100655	0.00122115	0.00146427	0.00173461	0.00202904	0.00234223	0.00266635	0.00299105	0.0033036	0.00358947	0.00383331	0.00402037	0.00413823	0.00417851	0.00413823	0.00402038	0.00383332	0.00358948	0.00330361	0.00299105	0.00266635	0.00234223	0.00202904	0.00173461	0.00146427	0.00122115	0.00100655	0.000820308	0.000661189	0.000527214	0.000415956	0.00032477	0.000250974	0.000191978	0.000145371	0.000108977	8.0881e-05	5.94332e-05	4.32412e-05	3.11503e-05	2.22196e-05	1.5694e-05	1.09768e-05	7.60337e-06	5.21716e-06	3.54822e-06	2.39526e-06	1.61054e-06	1.08764e-06	7.51958e-07	5.5343e-07	4.61422e-07	4.61422e-07	
3.3946e-07	3.3946e-07	4.10432e-07	5.64271e-07	8.26209e-07	1.23779e-06	1.86158e-06	2.78781e-06	4.14341e-06	6.10366e-06	8.90701e-06	1.28734e-05	1.84261e-05	2.61179e-05	3.66608e-05	5.09585e-05	7.0142e-05	9.5605e-05	0.000129037	0.000172453	0.000228208	0.000299004	0.000387863	0.00049808	0.000633128	0.000796509	0.000991556	0.00122115	0.00148735	0.001791	0.00213117	0.00250461	0.00290522	0.00332355	0.00374649	0.0041574	0.00453664	0.00486283	0.00511487	0.00527454	0.00532926	0.00527454	0.00511488	0.00486283	0.00453664	0.00415741	0.0037465	0.00332355	0.00290522	0.00250461	0.00213117	0.001791	0.00148735	0.00122115	0.000991554	0.000796508	0.000633127	0.00049808	0.000387862	0.000299003	0.000228208	0.000172453	0.000129037	9.56049e-05	7.01421e-05	5.09586e-05	3.66611e-05	2.61184e-05	1.84269e-05	1.28749e-05	8.90956e-06	6.10796e-06	4.15061e-06	2.79973e-06	1.8811e-06	1.26945e-06	8.77036e-07	6.45074e-07	5.37607e-07	5.37607e-07	
3.90622e-07	3.90622e-07	4.72468e-07	6.49929e-07	9.52222e-07	1.42749e-06	2.14829e-06	3.2194e-06	4.7884e-06	7.0594e-06	1.03106e-05	1.49158e-05	2.13711e-05	3.03257e-05	4.26181e-05	5.93166e-05	8.1763e-05	0.000111618	0.000150907	0.000202059	0.000267934	0.000351843	0.000457533	0.000589141	0.000751105	0.000948009	0.00118436	0.00146427	0.001791	0.00216648	0.00259058	0.00306035	0.00356918	0.00410603	0.00465471	0.00519372	0.00569667	0.0061338	0.00647469	0.00669218	0.00676704	0.00669219	0.00647469	0.00613381	0.00569668	0.00519373	0.00465472	0.00410604	0.00356919	0.00306035	0.00259058	0.00216648	0.001791	0.00146426	0.00118436	0.000948007	0.000751103	0.00058914	0.000457532	0.000351843	0.000267934	0.000202058	0.000150907	0.000111618	8.1763e-05	5.93167e-05	4.26184e-05	3.03263e-05	2.13721e-05	1.49176e-05	1.03135e-05	7.06435e-06	4.79667e-06	3.23309e-06	2.17072e-06	1.46389e-06	1.0107e-06	7.42931e-07	6.18914e-07	6.18914e-07	
4.44131e-07	4.44131e-07	5.37379e-07	7.39617e-07	1.08426e-06	1.62642e-06	2.44919e-06	3.67274e-06	5.46652e-06	8.06526e-06	1.17894e-05	1.70704e-05	2.44819e-05	3.47767e-05	4.89299e-05	6.81878e-05	9.41218e-05	0.000128686	0.000174274	0.000233777	0.000310623	0.000408818	0.000532941	0.000688122	0.000879956	0.00111436	0.00139733	0.00173461	0.00213117	0.00259058	0.00311416	0.00369994	0.00434142	0.00502629	0.00573519	0.00644085	0.00710814	0.0076956	0.00815904	0.00845747	0.00856075	0.00845747	0.00815906	0.00769562	0.00710816	0.00644086	0.0057352	0.0050263	0.00434142	0.00369994	0.00311416	0.00259057	0.00213116	0.0017346	0.00139733	0.00111436	0.000879954	0.00068812	0.00053294	0.000408817	0.000310623	0.000233776	0.000174274	0.000128686	9.41218e-05	6.81879e-05	4.89303e-05	3.47774e-05	2.4483e-05	1.70723e-05	1.17927e-05	8.07087e-06	5.47591e-06	3.68828e-06	2.47467e-06	1.66777e-06	1.15073e-06	8.45382e-07	7.03997e-07	7.03997e-07	
4.98918e-07	4.98918e-07	6.0387e-07	8.31547e-07	1.2197e-06	1.8306e-06	2.75828e-06	4.13881e-06	6.1643e-06	9.10126e-06	1.33141e-05	1.92944e-05	2.7697e-05	3.93836e-05	5.54729e-05	7.73998e-05	0.00010698	0.000146481	0.000198697	0.000267017	0.000355498	0.000468913	0.000612786	0.000793382	0.00101766	0.00129313	0.00162764	0.00202904	0.00250461	0.00306034	0.00369994	0.00442343	0.00522553	0.00609358	0.00700541	0.0079273	0.00881294	0.00960452	0.0102375	0.0106495	0.010793	0.0106495	0.0102375	0.00960456	0.00881297	0.00792732	0.00700543	0.00609359	0.00522553	0.00442343	0.00369993	0.00306033	0.0025046	0.00202903	0.00162764	0.00129312	0.00101765	0.00079338	0.000612784	0.000468912	0.000355497	0.000267016	0.000198696	0.000146481	0.00010698	7.73999e-05	5.54733e-05	3.93843e-05	2.76983e-05	1.92965e-05	1.33178e-05	9.10755e-06	6.17482e-06	4.15624e-06	2.78688e-06	1.87704e-06	1.29435e-06	9.5038e-07	7.91156e-07	7.91156e-07	
5.5372e-07	5.5372e-07	6.70405e-07	9.23593e-07	1.35539e-06	2.03532e-06	3.0684e-06	4.60678e-06	6.8655e-06	1.01433e-05	1.48492e-05	2.1536e-05	3.09415e-05	4.40387e-05	6.20943e-05	8.67378e-05	0.000120038	0.000164591	0.000223609	0.000301013	0.000401529	0.000530767	0.000695283	0.000902617	0.00116127	0.00148064	0.0018708	0.00234222	0.00290521	0.00356917	0.00434141	0.00522552	0.00621916	0.0073111	0.00847753	0.00967787	0.0108514	0.011917	0.0127803	0.0133478	0.0135468	0.0133479	0.0127804	0.0119171	0.0108514	0.00967792	0.00847755	0.00731111	0.00621916	0.00522551	0.00434139	0.00356916	0.00290519	0.0023422	0.00187079	0.00148063	0.00116127	0.000902613	0.00069528	0.000530765	0.000401528	0.000301012	0.000223608	0.000164591	0.000120038	8.67379e-05	6.20947e-05	4.40395e-05	3.09429e-05	2.15384e-05	1.48533e-05	1.01503e-05	6.87717e-06	4.62611e-06	3.10011e-06	2.08683e-06	1.43823e-06	1.0555e-06	8.78381e-07	8.78381e-07	
6.07121e-07	6.07121e-07	7.35262e-07	1.01337e-06	1.48782e-06	2.23523e-06	3.37144e-06	5.06438e-06	7.55169e-06	1.11639e-05	1.6354e-05	2.37356e-05	3.41289e-05	4.86176e-05	6.86164e-05	9.595e-05	0.000132944	0.000182524	0.000248332	0.000334837	0.00044746	0.000592689	0.000778184	0.00101286	0.00130694	0.00167193	0.00212051	0.00266633	0.00332352	0.00410601	0.00502627	0.00609356	0.00731109	0.00867185	0.0101524	0.0117046	0.0132475	0.014666	0.0158237	0.0165876	0.0168558	0.0165876	0.0158238	0.0146661	0.0132476	0.0117047	0.0101524	0.00867185	0.00731107	0.00609353	0.00502623	0.00410597	0.00332349	0.0026663	0.00212049	0.00167191	0.00130693	0.00101286	0.00077818	0.000592686	0.000447459	0.000334836	0.000248332	0.000182524	0.000132944	9.59502e-05	6.86168e-05	4.86184e-05	3.41304e-05	2.37382e-05	1.63585e-05	1.11715e-05	7.56446e-06	5.08555e-06	3.40618e-06	2.29168e-06	1.57863e-06	1.15802e-06	9.63412e-07	9.63412e-07	
6.57608e-07	6.57608e-07	7.96598e-07	1.09831e-06	1.61319e-06	2.42459e-06	3.65865e-06	5.49836e-06	8.20291e-06	1.21331e-05	1.77845e-05	2.58285e-05	3.71646e-05	5.29836e-05	7.48433e-05	0.000104758	0.000145302	0.00019973	0.000272102	0.000367434	0.000491845	0.000652714	0.000858836	0.00112057	0.00144995	0.00186079	0.00236871	0.00299101	0.00374645	0.00465466	0.00573513	0.00700536	0.00847749	0.0101524	0.0120089	0.0139878	0.0159761	0.0178085	0.019297	0.020272	0.0206127	0.0202721	0.0192972	0.0178087	0.0159762	0.0139879	0.0120089	0.0101524	0.00847744	0.00700529	0.00573507	0.0046546	0.0037464	0.00299097	0.00236868	0.00186077	0.00144993	0.00112056	0.00085883	0.000652711	0.000491843	0.000367433	0.000272101	0.000199729	0.000145302	0.000104758	7.48437e-05	5.29845e-05	3.71662e-05	2.58313e-05	1.77893e-05	1.21414e-05	8.21673e-06	5.52127e-06	3.69625e-06	2.48571e-06	1.71153e-06	1.25501e-06	1.04383e-06	1.04383e-06	
7.03637e-07	7.03637e-07	8.52536e-07	1.17581e-06	1.72762e-06	2.59753e-06	3.92108e-06	5.89512e-06	8.79865e-06	1.30204e-05	1.90949e-05	2.77473e-05	3.99504e-05	5.69943e-05	8.05699e-05	0.000112869	0.0001567	0.000215623	0.000294101	0.000397669	0.000533117	0.000708691	0.000934301	0.00122174	0.00158491	0.00204001	0.00260577	0.00330353	0.00415731	0.00519361	0.00644073	0.00792719	0.00967779	0.0117046	0.0139878	0.0164463	0.0189152	0.0211642	0.0229591	0.0241151	0.0245149	0.0241152	0.0229593	0.0211644	0.0189153	0.0164464	0.0139877	0.0117045	0.00967767	0.00792706	0.00644061	0.00519351	0.00415724	0.00330347	0.00260573	0.00203999	0.00158489	0.00122173	0.000934294	0.000708686	0.000533114	0.000397667	0.0002941	0.000215622	0.0001567	0.000112869	8.05704e-05	5.69953e-05	3.99522e-05	2.77503e-05	1.91001e-05	1.30293e-05	8.81342e-06	5.91962e-06	3.9613e-06	2.6629e-06	1.83284e-06	1.3435e-06	1.11718e-06	1.11718e-06	
7.43716e-07	7.43716e-07	9.01255e-07	1.24333e-06	1.82737e-06	2.74833e-06	4.15003e-06	6.24142e-06	9.31887e-06	1.37957e-05	2.02406e-05	2.9426e-05	4.23897e-05	6.05092e-05	8.55936e-05	0.000119992	0.000166722	0.000229619	0.000313506	0.000424389	0.000569673	0.0007584	0.00100152	0.00131219	0.00170607	0.00220172	0.00282097	0.00358934	0.00453647	0.00569646	0.00710791	0.0088127	0.0108512	0.0132474	0.015976	0.0189151	0.0218285	0.0244245	0.0264483	0.0277273	0.0281647	0.0277275	0.0264485	0.0244247	0.0218286	0.0189151	0.0159759	0.0132472	0.0108509	0.00881246	0.0071077	0.0056963	0.00453635	0.00358926	0.00282092	0.00220169	0.00170605	0.00131217	0.00100151	0.000758394	0.000569669	0.000424387	0.000313505	0.000229618	0.000166722	0.000119992	8.55941e-05	6.05102e-05	4.23915e-05	2.94292e-05	2.02461e-05	1.3805e-05	9.33447e-06	6.26729e-06	4.19251e-06	2.8174e-06	1.93856e-06	1.42059e-06	1.18106e-06	1.18106e-06	
7.76483e-07	7.76483e-07	9.41092e-07	1.29856e-06	1.90898e-06	2.87175e-06	4.33748e-06	6.52506e-06	9.74516e-06	1.44313e-05	2.11803e-05	3.08039e-05	4.4393e-05	6.3398e-05	8.97258e-05	0.000125857	0.000174982	0.000241168	0.000329541	0.000446504	0.000599984	0.000799709	0.00105753	0.00138777	0.0018077	0.00233797	0.00300328	0.0038331	0.00486254	0.00613343	0.00769516	0.00960403	0.0119165	0.0146656	0.0178082	0.0211639	0.0244242	0.0272609	0.0294266	0.0307748	0.0312319	0.0307749	0.0294268	0.027261	0.0244242	0.0211637	0.0178078	0.0146651	0.011916	0.0096036	0.00769482	0.00613318	0.00486237	0.00383298	0.00300321	0.00233792	0.00180767	0.00138775	0.00105751	0.000799701	0.00059998	0.000446502	0.000329539	0.000241167	0.000174982	0.000125857	8.97262e-05	6.3399e-05	4.43948e-05	3.08072e-05	2.11861e-05	1.4441e-05	9.76144e-06	6.55206e-06	4.38182e-06	2.94385e-06	2.02506e-06	1.48364e-06	1.2333e-06	1.2333e-06	
8.00779e-07	8.00779e-07	9.70636e-07	1.33953e-06	1.96953e-06	2.96335e-06	4.47664e-06	6.7357e-06	1.00618e-05	1.49036e-05	2.18789e-05	3.18286e-05	4.58836e-05	6.55486e-05	9.28041e-05	0.000130229	0.000181145	0.000249793	0.000341528	0.000463058	0.000622706	0.000830727	0.00109967	0.00144478	0.00188458	0.00244141	0.00314232	0.00402004	0.0051144	0.00647405	0.00815824	0.0102365	0.0127793	0.0158226	0.0192959	0.0229579	0.0264469	0.0294254	0.0316663	0.0330477	0.0335136	0.0330478	0.0316665	0.0294255	0.0264468	0.0229574	0.0192951	0.0158217	0.0127784	0.0102358	0.00815772	0.0064737	0.00511416	0.00401988	0.00314222	0.00244135	0.00188454	0.00144476	0.00109965	0.000830718	0.000622701	0.000463055	0.000341527	0.000249792	0.000181144	0.000130229	9.28045e-05	6.55497e-05	4.58855e-05	3.1832e-05	2.18849e-05	1.49136e-05	1.00786e-05	6.76353e-06	4.52235e-06	3.03769e-06	2.08924e-06	1.53041e-06	1.27204e-06	1.27204e-06	
8.15725e-07	8.15725e-07	9.88812e-07	1.36474e-06	2.0068e-06	3.01974e-06	4.56231e-06	6.86539e-06	1.02569e-05	1.51946e-05	2.23094e-05	3.24602e-05	4.68026e-05	6.68752e-05	9.47036e-05	0.000132928	0.000184952	0.000255123	0.000348943	0.000473305	0.000636786	0.00084997	0.00112584	0.00148026	0.00193251	0.00250607	0.00322949	0.00413772	0.0052738	0.00669116	0.00845609	0.0106477	0.0133457	0.016585	0.020269	0.0241116	0.0277231	0.0307702	0.033044	0.0344383	0.0349073	0.0344384	0.0330442	0.0307703	0.0277229	0.0241108	0.0202677	0.0165835	0.0133443	0.0106467	0.00845536	0.00669068	0.0052735	0.00413753	0.00322937	0.00250599	0.00193247	0.00148023	0.00112583	0.00084996	0.00063678	0.000473302	0.000348941	0.000255122	0.000184951	0.000132928	9.47041e-05	6.68762e-05	4.68046e-05	3.24637e-05	2.23154e-05	1.52048e-05	1.02739e-05	6.89374e-06	4.60887e-06	3.09546e-06	2.12874e-06	1.55919e-06	1.29588e-06	1.29588e-06	
8.2077e-07	8.2077e-07	9.94947e-07	1.37324e-06	2.01938e-06	3.03877e-06	4.59123e-06	6.90919e-06	1.03227e-05	1.52928e-05	2.24548e-05	3.26735e-05	4.71132e-05	6.73234e-05	9.53456e-05	0.00013384	0.000186239	0.000256926	0.000351451	0.000476772	0.000641551	0.000856485	0.00113471	0.00149228	0.00194877	0.00252801	0.00325911	0.00417778	0.00532818	0.00676548	0.00855853	0.01079	0.0135427	0.0168506	0.0206061	0.0245068	0.0281549	0.0312205	0.0335019	0.0348985	0.0353679	0.0348987	0.0335021	0.0312206	0.0281545	0.0245057	0.0206044	0.0168487	0.013541	0.0107887	0.00855764	0.0067649	0.00532782	0.00417756	0.00325898	0.00252793	0.00194872	0.00149225	0.00113469	0.000856474	0.000641545	0.000476769	0.000351449	0.000256925	0.000186238	0.00013384	9.5346e-05	6.73245e-05	4.71151e-05	3.26771e-05	2.24609e-05	1.53031e-05	1.03399e-05	6.93771e-06	4.63808e-06	3.11496e-06	2.14207e-06	1.5689e-06	1.30392e-06	1.30392e-06	
8.15725e-07	8.15725e-07	9.88812e-07	1.36473e-06	2.00679e-06	3.01973e-06	4.5623e-06	6.86539e-06	1.02568e-05	1.51945e-05	2.23094e-05	3.24601e-05	4.68025e-05	6.68749e-05	9.47031e-05	0.000132927	0.00018495	0.00025512	0.000348938	0.000473297	0.000636771	0.000849945	0.0011258	0.00148019	0.0019324	0.00250588	0.00322919	0.00413725	0.00527304	0.00668994	0.00845416	0.0106447	0.0133411	0.0165782	0.0202597	0.0240995	0.0277079	0.0307513	0.0330213	0.0344125	0.0348804	0.0344127	0.0330215	0.0307513	0.0277073	0.0240982	0.0202579	0.0165762	0.0133393	0.0106433	0.00845322	0.00668933	0.00527266	0.00413701	0.00322905	0.0025058	0.00193235	0.00148016	0.00112578	0.000849934	0.000636765	0.000473293	0.000348936	0.000255119	0.000184949	0.000132927	9.47035e-05	6.68759e-05	4.68044e-05	3.24636e-05	2.23154e-05	1.52047e-05	1.02739e-05	6.89373e-06	4.60886e-06	3.09545e-06	2.12873e-06	1.55919e-06	1.29588e-06	1.29588e-06	
