2.9496e-122	2.9496e-122	3.59446e-120	4.29036e-118	4.97262e-116	5.59181e-114	6.09564e-112	6.43559e-110	6.57408e-108	6.49098e-106	6.18773e-104	5.68833e-102	5.0364e-100	4.28888e-98	3.50768e-96	2.7508e-94	2.06498e-92	1.48109e-90	1.01291e-88	6.59048e-87	4.06967e-85	2.37862e-83	1.31195e-81	6.80585e-80	3.30828e-78	1.50052e-76	6.32017e-75	2.45857e-73	8.77739e-72	2.85494e-70	8.38779e-69	2.20349e-67	5.11372e-66	1.03336e-64	1.78712e-63	2.59193e-62	3.08081e-61	2.92866e-60	2.16813e-59	1.18612e-58	3.88669e-58	1.18612e-58	2.16813e-59	2.92866e-60	3.08081e-61	2.59193e-62	1.78712e-63	1.03336e-64	5.11372e-66	2.20349e-67	8.38779e-69	2.85494e-70	8.77739e-72	2.45857e-73	6.32017e-75	1.50052e-76	3.30828e-78	6.80585e-80	1.31195e-81	2.37862e-83	4.06967e-85	6.59048e-87	1.01291e-88	1.48109e-90	2.06498e-92	2.7508e-94	3.50768e-96	4.28888e-98	5.0364e-100	5.68833e-102	6.18773e-104	6.49098e-106	6.57408e-108	6.43559e-110	6.09564e-112	5.59181e-114	4.97262e-116	4.29037e-118	3.62372e-120	3.62372e-120	
2.9496e-122	2.9496e-122	3.59446e-120	4.29036e-118	4.97262e-116	5.59181e-114	6.09564e-112	6.43559e-110	6.57408e-108	6.49098e-106	6.18773e-104	5.68833e-102	5.0364e-100	4.28888e-98	3.50768e-96	2.7508e-94	2.06498e-92	1.48109e-90	1.01291e-88	6.59048e-87	4.06967e-85	2.37862e-83	1.31195e-81	6.80585e-80	3.30828e-78	1.50052e-76	6.32017e-75	2.45857e-73	8.77739e-72	2.85494e-70	8.38779e-69	2.20349e-67	5.11372e-66	1.03336e-64	1.78712e-63	2.59193e-62	3.08081e-61	2.92866e-60	2.16813e-59	1.18612e-58	3.88669e-58	1.18612e-58	2.16813e-59	2.92866e-60	3.08081e-61	2.59193e-62	1.78712e-63	1.03336e-64	5.11372e-66	2.20349e-67	8.38779e-69	2.85494e-70	8.77739e-72	2.45857e-73	6.32017e-75	1.50052e-76	3.30828e-78	6.80585e-80	1.31195e-81	2.37862e-83	4.06967e-85	6.59048e-87	1.01291e-88	1.48109e-90	2.06498e-92	2.7508e-94	3.50768e-96	4.28888e-98	5.0364e-100	5.68833e-102	6.18773e-104	6.49098e-106	6.57408e-108	6.43559e-110	6.09564e-112	5.59181e-114	4.97262e-116	4.29037e-118	3.62372e-120	3.62372e-120	
3.59446e-120	3.59446e-120	4.37456e-118	5.21468e-116	6.036e-114	6.77865e-112	7.37964e-110	7.78082e-108	7.93764e-106	7.82674e-104	7.45099e-102	6.8403e-100	6.04802e-98	5.14323e-96	4.20054e-94	3.28953e-92	2.46588e-90	1.76609e-88	1.20607e-86	7.83571e-85	4.83139e-83	2.81955e-81	1.55275e-79	8.04236e-78	3.90305e-76	1.76737e-74	7.43146e-73	2.88577e-71	1.02836e-69	3.33837e-68	9.78785e-67	2.56553e-65	5.93921e-64	1.1968e-62	2.063e-61	2.98019e-60	3.52493e-59	3.33071e-58	2.44931e-57	1.33254e-56	4.35812e-56	1.33254e-56	2.44931e-57	3.33071e-58	3.52493e-59	2.98019e-60	2.063e-61	1.1968e-62	5.93921e-64	2.56553e-65	9.78785e-67	3.33837e-68	1.02836e-69	2.88577e-71	7.43146e-73	1.76737e-74	3.90305e-76	8.04236e-78	1.55275e-79	2.81955e-81	4.83139e-83	7.83571e-85	1.20607e-86	1.76609e-88	2.46588e-90	3.28953e-92	4.20055e-94	5.14323e-96	6.04802e-98	6.8403e-100	7.45099e-102	7.82674e-104	7.93764e-106	7.78082e-108	7.37964e-110	6.77865e-112	6.036e-114	5.21468e-116	4.41022e-118	4.41022e-118	
4.29036e-118	4.29036e-118	5.21468e-116	6.20805e-114	7.17643e-112	8.04882e-110	8.75085e-108	9.21434e-106	9.3875e-104	9.24393e-102	8.78824e-100	8.05697e-98	7.11401e-96	6.04139e-94	4.92721e-92	3.85316e-90	2.88429e-88	2.06279e-86	1.40664e-84	9.12535e-83	5.61817e-81	3.27373e-79	1.80008e-77	9.30873e-76	4.51035e-74	2.03899e-72	8.55893e-71	3.3177e-69	1.1801e-67	3.8235e-66	1.11869e-64	2.92565e-63	6.75601e-62	1.35755e-60	2.33234e-59	3.35578e-58	3.94942e-57	3.70891e-56	2.70871e-55	1.46524e-54	4.78276e-54	1.46524e-54	2.70871e-55	3.70891e-56	3.94942e-57	3.35578e-58	2.33234e-59	1.35755e-60	6.75601e-62	2.92565e-63	1.11869e-64	3.8235e-66	1.1801e-67	3.3177e-69	8.55893e-71	2.03899e-72	4.51035e-74	9.30873e-76	1.80008e-77	3.27373e-79	5.61817e-81	9.12535e-83	1.40664e-84	2.06279e-86	2.88429e-88	3.85316e-90	4.92721e-92	6.04139e-94	7.11401e-96	8.05697e-98	8.78824e-100	9.24393e-102	9.3875e-104	9.21434e-106	8.75085e-108	8.04882e-110	7.17643e-112	6.20806e-114	5.25724e-116	5.25724e-116	
4.97262e-116	4.97262e-116	6.036e-114	7.17643e-112	8.28498e-110	9.27986e-108	1.00759e-105	1.05954e-103	1.078e-101	1.06008e-99	1.00645e-97	9.21444e-96	8.12478e-94	6.89016e-92	5.61156e-90	4.38212e-88	3.27555e-86	2.33922e-84	1.5928e-82	1.03177e-80	6.34268e-79	3.69025e-77	2.02594e-75	1.046e-73	5.05992e-72	2.2836e-70	9.56916e-69	3.70265e-67	1.31456e-65	4.25074e-64	1.24108e-62	3.23829e-61	7.45909e-60	1.49452e-58	2.55902e-57	3.66687e-56	4.29354e-55	4.0066e-54	2.90527e-53	1.5622e-52	5.08897e-52	1.5622e-52	2.90527e-53	4.0066e-54	4.29354e-55	3.66687e-56	2.55902e-57	1.49452e-58	7.45909e-60	3.23829e-61	1.24108e-62	4.25074e-64	1.31456e-65	3.70265e-67	9.56916e-69	2.2836e-70	5.05992e-72	1.046e-73	2.02594e-75	3.69025e-77	6.34268e-79	1.03177e-80	1.5928e-82	2.33922e-84	3.27555e-86	4.38212e-88	5.61156e-90	6.89016e-92	8.12478e-94	9.21444e-96	1.00645e-97	1.06008e-99	1.078e-101	1.05954e-103	1.00759e-105	9.27986e-108	8.28498e-110	7.17644e-112	6.08533e-114	6.08533e-114	
5.59181e-114	5.59181e-114	6.77865e-112	8.04882e-110	9.27986e-108	1.03804e-105	1.12558e-103	1.18203e-101	1.201e-99	1.17943e-97	1.11824e-95	1.02237e-93	9.0022e-92	7.62355e-90	6.20007e-88	4.83478e-86	3.60869e-84	2.57337e-82	1.74964e-80	1.13167e-78	6.9462e-77	4.03513e-75	2.21178e-73	1.14012e-71	5.50608e-70	2.48075e-68	1.03771e-66	4.00798e-65	1.42026e-63	4.58332e-62	1.33532e-60	3.47611e-59	7.98631e-58	1.59548e-56	2.72251e-55	3.88487e-54	4.52504e-53	4.19513e-52	3.01945e-51	1.61348e-50	5.24508e-50	1.61348e-50	3.01945e-51	4.19513e-52	4.52504e-53	3.88487e-54	2.72251e-55	1.59548e-56	7.98631e-58	3.47611e-59	1.33532e-60	4.58332e-62	1.42026e-63	4.00798e-65	1.03771e-66	2.48075e-68	5.50608e-70	1.14012e-71	2.21178e-73	4.03513e-75	6.9462e-77	1.13167e-78	1.74964e-80	2.57337e-82	3.60869e-84	4.83478e-86	6.20007e-88	7.62355e-90	9.0022e-92	1.02237e-93	1.11824e-95	1.17943e-97	1.201e-99	1.18203e-101	1.12558e-103	1.03804e-105	9.27986e-108	8.04883e-110	6.83413e-112	6.83413e-112	
6.09564e-112	6.09564e-112	7.37964e-110	8.75085e-108	1.00759e-105	1.12558e-103	1.21887e-101	1.27827e-99	1.29702e-97	1.27198e-95	1.20432e-93	1.09955e-91	9.66822e-90	8.17602e-88	6.6399e-86	5.1703e-84	3.8535e-82	2.7439e-80	1.8628e-78	1.20303e-76	7.37289e-75	4.27629e-73	2.34023e-71	1.20436e-69	5.80663e-68	2.61167e-66	1.09053e-64	4.20425e-63	1.48694e-61	4.78875e-60	1.39213e-58	3.61547e-57	8.28478e-56	1.65018e-54	2.80602e-53	3.98696e-52	4.61907e-51	4.25352e-50	3.03791e-49	1.61275e-48	5.23144e-48	1.61275e-48	3.03791e-49	4.25352e-50	4.61907e-51	3.98696e-52	2.80602e-53	1.65018e-54	8.28478e-56	3.61547e-57	1.39213e-58	4.78875e-60	1.48694e-61	4.20425e-63	1.09053e-64	2.61167e-66	5.80663e-68	1.20436e-69	2.34023e-71	4.27629e-73	7.37289e-75	1.20303e-76	1.8628e-78	2.7439e-80	3.8535e-82	5.1703e-84	6.6399e-86	8.17602e-88	9.66823e-90	1.09955e-91	1.20432e-93	1.27198e-95	1.29702e-97	1.27827e-99	1.21887e-101	1.12558e-103	1.00759e-105	8.75086e-108	7.44011e-110	7.44011e-110	
6.43559e-110	6.43559e-110	7.78082e-108	9.21434e-106	1.05954e-103	1.18203e-101	1.27827e-99	1.33874e-97	1.35652e-95	1.32851e-93	1.2561e-91	1.14522e-89	1.00555e-87	8.49145e-86	6.88616e-84	5.35426e-82	3.98474e-80	2.83313e-78	1.92047e-76	1.23838e-74	7.57773e-73	4.38814e-71	2.39757e-69	1.23183e-67	5.92901e-66	2.66206e-64	1.10958e-62	4.26967e-61	1.50712e-59	4.84371e-58	1.405e-56	3.64013e-55	8.3191e-54	1.652e-52	2.79908e-51	3.95977e-50	4.56235e-49	4.17214e-48	2.95589e-47	1.55847e-46	5.04408e-46	1.55847e-46	2.95589e-47	4.17214e-48	4.56235e-49	3.95977e-50	2.79908e-51	1.652e-52	8.3191e-54	3.64013e-55	1.405e-56	4.84371e-58	1.50712e-59	4.26967e-61	1.10958e-62	2.66206e-64	5.92901e-66	1.23183e-67	2.39757e-69	4.38814e-71	7.57773e-73	1.23838e-74	1.92047e-76	2.83313e-78	3.98474e-80	5.35426e-82	6.88616e-84	8.49145e-86	1.00555e-87	1.14522e-89	1.2561e-91	1.32851e-93	1.35652e-95	1.33874e-97	1.27827e-99	1.18203e-101	1.05954e-103	9.21435e-106	7.84467e-108	7.84467e-108	
6.57408e-108	6.57408e-108	7.93764e-106	9.3875e-104	1.078e-101	1.201e-99	1.29702e-97	1.35652e-95	1.37265e-93	1.34244e-91	1.26749e-89	1.15398e-87	1.01181e-85	8.532e-84	6.909e-82	5.36414e-80	3.98617e-78	2.82988e-76	1.91535e-74	1.23317e-72	7.53394e-71	4.35579e-69	2.376e-67	1.2187e-65	5.85577e-64	2.62453e-62	1.09194e-60	4.19379e-59	1.47739e-57	4.73818e-56	1.3713e-54	3.54414e-53	8.07775e-52	1.59912e-50	2.69961e-49	3.80201e-48	4.35585e-47	3.95473e-46	2.77844e-45	1.45437e-44	4.69626e-44	1.45437e-44	2.77844e-45	3.95473e-46	4.35585e-47	3.80201e-48	2.69961e-49	1.59912e-50	8.07775e-52	3.54414e-53	1.3713e-54	4.73818e-56	1.47739e-57	4.19379e-59	1.09194e-60	2.62453e-62	5.85577e-64	1.2187e-65	2.376e-67	4.35579e-69	7.53394e-71	1.23317e-72	1.91535e-74	2.82988e-76	3.98617e-78	5.36414e-80	6.909e-82	8.532e-84	1.01181e-85	1.15398e-87	1.2675e-89	1.34244e-91	1.37265e-93	1.35652e-95	1.29702e-97	1.201e-99	1.078e-101	9.38751e-104	8.00286e-106	8.00286e-106	
6.49098e-106	6.49098e-106	7.82674e-104	9.24393e-102	1.06008e-99	1.17943e-97	1.27198e-95	1.32851e-93	1.34244e-91	1.31106e-89	1.23612e-87	1.12382e-85	9.83946e-84	8.28503e-82	6.69919e-80	5.19354e-78	3.85361e-76	2.73161e-74	1.84598e-72	1.18665e-70	7.23817e-69	4.17799e-67	2.27523e-65	1.16504e-63	5.58816e-62	2.5001e-60	1.03823e-58	3.97983e-57	1.39917e-55	4.47773e-54	1.29295e-52	3.33332e-51	7.57624e-50	1.4951e-48	2.51461e-47	3.52529e-46	4.01538e-45	3.61855e-44	2.52006e-43	1.30914e-42	4.21708e-42	1.30914e-42	2.52006e-43	3.61855e-44	4.01538e-45	3.52529e-46	2.51461e-47	1.4951e-48	7.57624e-50	3.33332e-51	1.29295e-52	4.47773e-54	1.39917e-55	3.97983e-57	1.03823e-58	2.5001e-60	5.58816e-62	1.16504e-63	2.27523e-65	4.17799e-67	7.23817e-69	1.18665e-70	1.84598e-72	2.73161e-74	3.85361e-76	5.19354e-78	6.69919e-80	8.28503e-82	9.83946e-84	1.12382e-85	1.23612e-87	1.31106e-89	1.34244e-91	1.32851e-93	1.27199e-95	1.17943e-97	1.06008e-99	9.24394e-102	7.89114e-104	7.89114e-104	
6.18773e-104	6.18773e-104	7.45099e-102	8.78824e-100	1.00645e-97	1.11824e-95	1.20432e-93	1.2561e-91	1.26749e-89	1.23612e-87	1.16381e-85	1.05656e-83	9.23719e-82	7.76653e-80	6.27064e-78	4.85403e-76	3.59623e-74	2.54525e-72	1.71736e-70	1.10221e-68	6.71229e-67	3.86806e-65	2.10291e-63	1.07494e-61	5.14689e-60	2.29847e-58	9.52699e-57	3.64477e-55	1.27874e-53	4.08336e-52	1.17632e-50	3.02492e-49	6.85586e-48	1.34858e-46	2.25953e-45	3.15285e-44	3.56971e-43	3.1922e-42	2.20284e-41	1.13521e-40	3.64759e-40	1.13521e-40	2.20284e-41	3.1922e-42	3.56971e-43	3.15285e-44	2.25953e-45	1.34858e-46	6.85586e-48	3.02492e-49	1.17632e-50	4.08336e-52	1.27874e-53	3.64477e-55	9.52699e-57	2.29847e-58	5.14689e-60	1.07494e-61	2.10291e-63	3.86806e-65	6.71229e-67	1.10221e-68	1.71736e-70	2.54525e-72	3.59623e-74	4.85403e-76	6.27064e-78	7.76653e-80	9.2372e-82	1.05656e-83	1.16381e-85	1.23612e-87	1.2675e-89	1.2561e-91	1.20433e-93	1.11824e-95	1.00646e-97	8.78826e-100	7.51238e-102	7.51238e-102	
5.68833e-102	5.68833e-102	6.8403e-100	8.05697e-98	9.21444e-96	1.02237e-93	1.09955e-91	1.14522e-89	1.15398e-87	1.12382e-85	1.05656e-83	9.57801e-82	8.36155e-80	7.0199e-78	5.65934e-76	4.3742e-74	3.23576e-72	2.28656e-70	1.54038e-68	9.87033e-67	6.00102e-65	3.45241e-63	1.87373e-61	9.56116e-60	4.56969e-58	2.03692e-56	8.42662e-55	3.21733e-53	1.1264e-51	3.58888e-50	1.0314e-48	2.64537e-47	5.97831e-46	1.17208e-44	1.95614e-43	2.71639e-42	3.05662e-41	2.71157e-40	1.85328e-39	9.47013e-39	3.03483e-38	9.47013e-39	1.85328e-39	2.71157e-40	3.05662e-41	2.71639e-42	1.95614e-43	1.17208e-44	5.97831e-46	2.64537e-47	1.0314e-48	3.58888e-50	1.1264e-51	3.21733e-53	8.42662e-55	2.03692e-56	4.56969e-58	9.56116e-60	1.87373e-61	3.45241e-63	6.00102e-65	9.87034e-67	1.54038e-68	2.28656e-70	3.23576e-72	4.3742e-74	5.65934e-76	7.0199e-78	8.36155e-80	9.57801e-82	1.05656e-83	1.12382e-85	1.15398e-87	1.14522e-89	1.09955e-91	1.02237e-93	9.21445e-96	8.05699e-98	6.89674e-100	6.89674e-100	
5.0364e-100	5.0364e-100	6.04802e-98	7.11401e-96	8.12478e-94	9.0022e-92	9.66822e-90	1.00555e-87	1.01181e-85	9.83946e-84	9.23719e-82	8.36155e-80	7.28879e-78	6.11013e-76	4.91845e-74	3.79572e-72	2.80348e-70	1.97796e-68	1.33035e-66	8.51062e-65	5.16574e-63	2.96682e-61	1.60739e-59	8.18747e-58	3.90598e-56	1.73778e-54	7.17497e-53	2.73384e-51	9.55067e-50	3.03607e-48	8.70399e-47	2.22648e-45	5.01676e-44	9.80235e-43	1.62942e-41	2.25151e-40	2.51742e-39	2.21476e-38	1.49854e-37	7.58897e-37	2.42524e-36	7.58897e-37	1.49854e-37	2.21476e-38	2.51742e-39	2.25151e-40	1.62942e-41	9.80235e-43	5.01676e-44	2.22648e-45	8.70399e-47	3.03607e-48	9.55067e-50	2.73384e-51	7.17497e-53	1.73778e-54	3.90598e-56	8.18747e-58	1.60739e-59	2.96682e-61	5.16574e-63	8.51062e-65	1.33035e-66	1.97796e-68	2.80348e-70	3.79572e-72	4.91845e-74	6.11013e-76	7.28879e-78	8.36155e-80	9.2372e-82	9.83947e-84	1.01181e-85	1.00556e-87	9.66824e-90	9.00221e-92	8.1248e-94	7.11403e-96	6.09799e-98	6.09799e-98	
4.28888e-98	4.28888e-98	5.14323e-96	6.04139e-94	6.89016e-92	7.62355e-90	8.17602e-88	8.49145e-86	8.532e-84	8.28503e-82	7.76653e-80	7.0199e-78	6.11013e-76	5.11432e-74	4.11055e-72	3.16732e-70	2.33566e-68	1.64526e-66	1.10478e-64	7.0559e-63	4.27552e-61	2.4513e-59	1.32574e-57	6.74061e-56	3.20972e-54	1.42525e-52	5.87282e-51	2.23301e-49	7.78386e-48	2.46865e-46	7.05956e-45	1.80091e-43	4.04554e-42	7.87721e-41	1.30402e-39	1.79272e-38	1.99131e-37	1.73682e-36	1.16278e-35	5.83267e-35	1.85851e-34	5.83267e-35	1.16278e-35	1.73682e-36	1.99131e-37	1.79272e-38	1.30402e-39	7.87721e-41	4.04554e-42	1.80091e-43	7.05956e-45	2.46865e-46	7.78386e-48	2.23301e-49	5.87282e-51	1.42525e-52	3.20972e-54	6.74061e-56	1.32574e-57	2.4513e-59	4.27552e-61	7.0559e-63	1.10478e-64	1.64526e-66	2.33566e-68	3.16732e-70	4.11055e-72	5.11432e-74	6.11013e-76	7.0199e-78	7.76653e-80	8.28504e-82	8.53201e-84	8.49146e-86	8.17603e-88	7.62357e-90	6.89018e-92	6.04141e-94	5.18579e-96	5.18579e-96	
3.50768e-96	3.50768e-96	4.20054e-94	4.92721e-92	5.61156e-90	6.20007e-88	6.6399e-86	6.88616e-84	6.909e-82	6.69919e-80	6.27064e-78	5.65934e-76	4.91845e-74	4.11055e-72	3.29866e-70	2.53773e-68	1.8684e-66	1.31398e-64	8.8087e-63	5.61638e-61	3.3974e-59	1.94442e-57	1.04971e-55	5.32728e-54	2.53189e-52	1.12205e-50	4.61398e-49	1.75061e-47	6.08856e-46	1.92637e-44	5.49466e-43	1.39778e-41	3.13015e-40	6.07307e-39	1.0011e-37	1.36907e-36	1.51041e-35	1.30558e-34	8.64373e-34	4.29199e-33	1.36335e-32	4.29199e-33	8.64373e-34	1.30558e-34	1.51041e-35	1.36907e-36	1.0011e-37	6.07307e-39	3.13015e-40	1.39778e-41	5.49466e-43	1.92637e-44	6.08856e-46	1.75061e-47	4.61398e-49	1.12205e-50	2.53189e-52	5.32728e-54	1.04971e-55	1.94442e-57	3.3974e-59	5.61638e-61	8.8087e-63	1.31398e-64	1.8684e-66	2.53773e-68	3.29866e-70	4.11055e-72	4.91845e-74	5.65935e-76	6.27065e-78	6.6992e-80	6.90901e-82	6.88617e-84	6.63992e-86	6.20009e-88	5.61158e-90	4.92723e-92	4.23536e-94	4.23536e-94	
2.7508e-94	2.7508e-94	3.28953e-92	3.85316e-90	4.38212e-88	4.83478e-86	5.1703e-84	5.35426e-82	5.36414e-80	5.19354e-78	4.85403e-76	4.3742e-74	3.79572e-72	3.16732e-70	2.53773e-68	1.94921e-66	1.43278e-64	1.00596e-62	6.73246e-61	4.28523e-59	2.58764e-57	1.47832e-55	7.96616e-54	4.03519e-52	1.91406e-50	8.46537e-49	3.47374e-47	1.31509e-45	4.56328e-44	1.44024e-42	4.09721e-41	1.03928e-39	2.31987e-38	4.48442e-37	7.36e-36	1.00108e-34	1.09668e-33	9.39095e-33	6.14465e-32	3.01815e-31	9.55556e-31	3.01815e-31	6.14465e-32	9.39095e-33	1.09668e-33	1.00108e-34	7.36e-36	4.48442e-37	2.31987e-38	1.03928e-39	4.09721e-41	1.44024e-42	4.56328e-44	1.31509e-45	3.47374e-47	8.46537e-49	1.91406e-50	4.03519e-52	7.96616e-54	1.47832e-55	2.58764e-57	4.28523e-59	6.73246e-61	1.00596e-62	1.43278e-64	1.94921e-66	2.53773e-68	3.16732e-70	3.79573e-72	4.3742e-74	4.85404e-76	5.19355e-78	5.36416e-80	5.35428e-82	5.17032e-84	4.8348e-86	4.38214e-88	3.85318e-90	3.31683e-92	3.31683e-92	
2.06498e-92	2.06498e-92	2.46588e-90	2.88429e-88	3.27555e-86	3.60869e-84	3.8535e-82	3.98474e-80	3.98617e-78	3.85361e-76	3.59623e-74	3.23576e-72	2.80348e-70	2.33566e-68	1.8684e-66	1.43278e-64	1.05143e-62	7.36979e-61	4.92384e-59	3.12857e-57	1.88582e-55	1.0754e-53	5.78408e-52	2.92422e-50	1.38431e-48	6.10978e-47	2.50174e-45	9.44975e-44	3.27121e-42	1.02983e-40	2.92172e-39	7.38908e-38	1.64392e-36	3.16573e-35	5.1723e-34	6.99582e-33	7.60808e-32	6.45125e-31	4.16896e-30	2.02405e-29	6.38569e-29	2.02405e-29	4.16896e-30	6.45125e-31	7.60808e-32	6.99582e-33	5.1723e-34	3.16573e-35	1.64392e-36	7.38908e-38	2.92172e-39	1.02983e-40	3.27121e-42	9.44975e-44	2.50174e-45	6.10978e-47	1.38431e-48	2.92422e-50	5.78409e-52	1.0754e-53	1.88582e-55	3.12857e-57	4.92384e-59	7.36979e-61	1.05143e-62	1.43278e-64	1.8684e-66	2.33566e-68	2.80348e-70	3.23577e-72	3.59624e-74	3.85362e-76	3.98619e-78	3.98476e-80	3.85352e-82	3.60871e-84	3.27557e-86	2.88431e-88	2.48639e-90	2.48639e-90	
1.48109e-90	1.48109e-90	1.76609e-88	2.06279e-86	2.33922e-84	2.57337e-82	2.7439e-80	2.83313e-78	2.82988e-76	2.73161e-74	2.54525e-72	2.28656e-70	1.97796e-68	1.64526e-66	1.31398e-64	1.00596e-62	7.36979e-61	5.15687e-59	3.43936e-57	2.18145e-55	1.31252e-53	7.47079e-52	4.01047e-50	2.02354e-48	9.55974e-47	4.21032e-45	1.72016e-43	6.48245e-42	2.23853e-40	7.02891e-39	1.98857e-37	5.01369e-36	1.11163e-34	2.13228e-33	3.46757e-32	4.66288e-31	5.03258e-30	4.22377e-29	2.69375e-28	1.29159e-27	4.05947e-27	1.29159e-27	2.69375e-28	4.22377e-29	5.03258e-30	4.66288e-31	3.46757e-32	2.13228e-33	1.11163e-34	5.01369e-36	1.98857e-37	7.02891e-39	2.23853e-40	6.48245e-42	1.72016e-43	4.21032e-45	9.55974e-47	2.02354e-48	4.01048e-50	7.47079e-52	1.31252e-53	2.18145e-55	3.43936e-57	5.15688e-59	7.3698e-61	1.00596e-62	1.31398e-64	1.64527e-66	1.97797e-68	2.28657e-70	2.54526e-72	2.73162e-74	2.82989e-76	2.83314e-78	2.74391e-80	2.57339e-82	2.33924e-84	2.06281e-86	1.7808e-88	1.7808e-88	
1.01291e-88	1.01291e-88	1.20607e-86	1.40664e-84	1.5928e-82	1.74964e-80	1.8628e-78	1.92047e-76	1.91535e-74	1.84598e-72	1.71736e-70	1.54038e-68	1.33035e-66	1.10478e-64	8.8087e-63	6.73246e-61	4.92384e-59	3.43936e-57	2.28979e-55	1.44968e-53	8.70612e-52	4.94598e-50	2.64988e-48	1.33432e-46	6.29043e-45	2.76439e-43	1.12684e-41	4.23638e-40	1.45922e-38	4.56956e-37	1.28903e-35	3.23965e-34	7.15742e-33	1.36732e-31	2.21282e-30	2.95769e-29	3.16701e-28	2.62955e-27	1.6537e-26	7.82293e-26	2.44876e-25	7.82293e-26	1.6537e-26	2.62955e-27	3.16701e-28	2.95769e-29	2.21282e-30	1.36732e-31	7.15742e-33	3.23965e-34	1.28903e-35	4.56956e-37	1.45922e-38	4.23638e-40	1.12684e-41	2.7644e-43	6.29043e-45	1.33432e-46	2.64988e-48	4.94598e-50	8.70612e-52	1.44968e-53	2.28979e-55	3.43936e-57	4.92385e-59	6.73247e-61	8.80872e-63	1.10478e-64	1.33035e-66	1.54038e-68	1.71737e-70	1.846e-72	1.91536e-74	1.92049e-76	1.86281e-78	1.74966e-80	1.59282e-82	1.40666e-84	1.21613e-86	1.21613e-86	
6.59048e-87	6.59048e-87	7.83571e-85	9.12535e-83	1.03177e-80	1.13167e-78	1.20303e-76	1.23838e-74	1.23317e-72	1.18665e-70	1.10221e-68	9.87033e-67	8.51062e-65	7.0559e-63	5.61638e-61	4.28523e-59	3.12857e-57	2.18145e-55	1.44968e-53	9.16095e-52	5.49114e-50	3.11342e-48	1.66469e-46	8.36486e-45	3.93495e-43	1.72537e-41	7.01653e-40	2.63135e-38	9.04e-37	2.82298e-35	7.9394e-34	1.98878e-32	4.37764e-31	8.32747e-30	1.3409e-28	1.78104e-27	1.89138e-26	1.55272e-25	9.62032e-25	4.48502e-24	1.39774e-23	4.48502e-24	9.62032e-25	1.55272e-25	1.89138e-26	1.78104e-27	1.3409e-28	8.32747e-30	4.37764e-31	1.98878e-32	7.9394e-34	2.82298e-35	9.04e-37	2.63135e-38	7.01653e-40	1.72537e-41	3.93495e-43	8.36486e-45	1.66469e-46	3.11342e-48	5.49114e-50	9.16096e-52	1.44968e-53	2.18145e-55	3.12857e-57	4.28524e-59	5.6164e-61	7.05593e-63	8.51067e-65	9.8704e-67	1.10222e-68	1.18666e-70	1.23318e-72	1.2384e-74	1.20305e-76	1.13168e-78	1.03179e-80	9.12552e-83	7.90124e-85	7.90124e-85	
4.06967e-85	4.06967e-85	4.83139e-83	5.61817e-81	6.34268e-79	6.9462e-77	7.37289e-75	7.57773e-73	7.53394e-71	7.23817e-69	6.71229e-67	6.00102e-65	5.16574e-63	4.27552e-61	3.3974e-59	2.58764e-57	1.88582e-55	1.31252e-53	8.70612e-52	5.49114e-50	3.28498e-48	1.85879e-46	9.91797e-45	4.97294e-43	2.33413e-41	1.02107e-39	4.14228e-38	1.54947e-36	5.30875e-35	1.65299e-33	4.63433e-32	1.15689e-30	2.53672e-29	4.80422e-28	7.69519e-27	1.01541e-25	1.06903e-24	8.67205e-24	5.28805e-23	2.42651e-22	7.52575e-22	2.42651e-22	5.28805e-23	8.67205e-24	1.06903e-24	1.01541e-25	7.69519e-27	4.80422e-28	2.53672e-29	1.15689e-30	4.63433e-32	1.65299e-33	5.30875e-35	1.54947e-36	4.14228e-38	1.02107e-39	2.33413e-41	4.97294e-43	9.91797e-45	1.85879e-46	3.28498e-48	5.49114e-50	8.70613e-52	1.31253e-53	1.88582e-55	2.58765e-57	3.39741e-59	4.27555e-61	5.16577e-63	6.00108e-65	6.71236e-67	7.23826e-69	7.53404e-71	7.57785e-73	7.37302e-75	6.94635e-77	6.34283e-79	5.61831e-81	4.87189e-83	4.87189e-83	
2.37862e-83	2.37862e-83	2.81955e-81	3.27373e-79	3.69025e-77	4.03513e-75	4.27629e-73	4.38814e-71	4.35579e-69	4.17799e-67	3.86806e-65	3.45241e-63	2.96682e-61	2.4513e-59	1.94442e-57	1.47832e-55	1.0754e-53	7.47079e-52	4.94598e-50	3.11342e-48	1.85879e-46	1.04961e-44	5.5884e-43	2.79584e-41	1.30924e-39	5.71353e-38	2.31202e-36	8.62537e-35	2.94686e-33	9.14794e-32	2.55633e-30	6.35853e-29	1.38863e-27	2.61774e-26	4.16992e-25	5.46465e-24	5.70112e-23	4.56681e-22	2.73759e-21	1.23461e-20	3.80891e-20	1.23461e-20	2.73759e-21	4.56681e-22	5.70112e-23	5.46465e-24	4.16992e-25	2.61774e-26	1.38863e-27	6.35853e-29	2.55633e-30	9.14794e-32	2.94686e-33	8.62537e-35	2.31202e-36	5.71353e-38	1.30924e-39	2.79584e-41	5.5884e-43	1.04961e-44	1.8588e-46	3.11343e-48	4.946e-50	7.47082e-52	1.07541e-53	1.47833e-55	1.94444e-57	2.45133e-59	2.96685e-61	3.45245e-63	3.86812e-65	4.17806e-67	4.35587e-69	4.38824e-71	4.2764e-73	4.03524e-75	3.69036e-77	3.27385e-79	2.84325e-81	2.84325e-81	
1.31195e-81	1.31195e-81	1.55275e-79	1.80008e-77	2.02594e-75	2.21178e-73	2.34023e-71	2.39757e-69	2.376e-67	2.27523e-65	2.10291e-63	1.87373e-61	1.60739e-59	1.32574e-57	1.04971e-55	7.96616e-54	5.78408e-52	4.01047e-50	2.64988e-48	1.66469e-46	9.91797e-45	5.5884e-43	2.96881e-41	1.48186e-39	6.92269e-38	3.0135e-36	1.21623e-34	4.52478e-33	1.54133e-31	4.76964e-30	1.32827e-28	3.29145e-27	7.15779e-26	1.34278e-24	2.1266e-23	2.76678e-22	2.85898e-21	2.25972e-20	1.32994e-19	5.88487e-19	1.80493e-18	5.88487e-19	1.32994e-19	2.25972e-20	2.85898e-21	2.76678e-22	2.1266e-23	1.34278e-24	7.15779e-26	3.29145e-27	1.32827e-28	4.76964e-30	1.54133e-31	4.52478e-33	1.21623e-34	3.0135e-36	6.92269e-38	1.48186e-39	2.96881e-41	5.5884e-43	9.918e-45	1.66469e-46	2.64989e-48	4.0105e-50	5.78413e-52	7.96624e-54	1.04972e-55	1.32576e-57	1.60741e-59	1.87376e-61	2.10296e-63	2.27529e-65	2.37607e-67	2.39764e-69	2.34032e-71	2.21187e-73	2.02603e-75	1.80017e-77	1.56584e-79	1.56584e-79	
6.80585e-80	6.80585e-80	8.04236e-78	9.30873e-76	1.046e-73	1.14012e-71	1.20436e-69	1.23183e-67	1.2187e-65	1.16504e-63	1.07494e-61	9.56116e-60	8.18747e-58	6.74061e-56	5.32728e-54	4.03519e-52	2.92422e-50	2.02354e-48	1.33432e-46	8.36486e-45	4.97294e-43	2.79584e-41	1.48186e-39	7.37895e-38	3.43858e-36	1.49294e-34	6.00888e-33	2.22902e-31	7.56952e-30	2.3346e-28	6.47806e-27	1.59888e-25	3.46153e-24	6.46041e-23	1.0169e-21	1.31294e-20	1.343e-19	1.04649e-18	6.03804e-18	2.61632e-17	7.97203e-17	2.61632e-17	6.03804e-18	1.04649e-18	1.343e-19	1.31294e-20	1.0169e-21	6.46041e-23	3.46153e-24	1.59888e-25	6.47806e-27	2.3346e-28	7.56952e-30	2.22902e-31	6.00888e-33	1.49294e-34	3.43858e-36	7.37896e-38	1.48187e-39	2.79585e-41	4.97296e-43	8.3649e-45	1.33433e-46	2.02356e-48	2.92426e-50	4.03526e-52	5.32738e-54	6.74076e-56	8.18769e-58	9.56144e-60	1.07498e-61	1.16508e-63	1.21876e-65	1.23189e-67	1.20442e-69	1.14018e-71	1.04607e-73	9.30938e-76	8.11047e-78	8.11047e-78	
3.30828e-78	3.30828e-78	3.90305e-76	4.51035e-74	5.05992e-72	5.50608e-70	5.80663e-68	5.92901e-66	5.85577e-64	5.58816e-62	5.14689e-60	4.56969e-58	3.90598e-56	3.20972e-54	2.53189e-52	1.91406e-50	1.38431e-48	9.55974e-47	6.29043e-45	3.93495e-43	2.33413e-41	1.30924e-39	6.92269e-38	3.43858e-36	1.5982e-34	6.92004e-33	2.77722e-31	1.02708e-29	3.47652e-28	1.06848e-26	2.95351e-25	7.25906e-24	1.56413e-22	2.90332e-21	4.54034e-20	5.81463e-19	5.88395e-18	4.51562e-17	2.54994e-16	1.07947e-15	3.26495e-15	1.07947e-15	2.54994e-16	4.51562e-17	5.88395e-18	5.81463e-19	4.54034e-20	2.90332e-21	1.56413e-22	7.25906e-24	2.95351e-25	1.06848e-26	3.47652e-28	1.02708e-29	2.77722e-31	6.92005e-33	1.5982e-34	3.43858e-36	6.92271e-38	1.30925e-39	2.33414e-41	3.93499e-43	6.29051e-45	9.55989e-47	1.38434e-48	1.91411e-50	2.53196e-52	3.20983e-54	3.90613e-56	4.5699e-58	5.14716e-60	5.58848e-62	5.85614e-64	5.92943e-66	5.80708e-68	5.50655e-70	5.06038e-72	4.5108e-74	3.93628e-76	3.93628e-76	
1.50052e-76	1.50052e-76	1.76737e-74	2.03899e-72	2.2836e-70	2.48075e-68	2.61167e-66	2.66206e-64	2.62453e-62	2.5001e-60	2.29847e-58	2.03692e-56	1.73778e-54	1.42525e-52	1.12205e-50	8.46537e-49	6.10978e-47	4.21032e-45	2.76439e-43	1.72537e-41	1.02107e-39	5.71353e-38	3.0135e-36	1.49294e-34	6.92004e-33	2.98771e-31	1.19543e-29	4.40676e-28	1.48649e-26	4.55163e-25	1.25308e-23	3.06599e-22	6.57309e-21	1.21299e-19	1.88378e-18	2.39161e-17	2.39236e-16	1.80622e-15	9.96298e-15	4.10925e-14	1.23243e-13	4.10925e-14	9.96298e-15	1.80622e-15	2.39236e-16	2.39161e-17	1.88378e-18	1.21299e-19	6.57309e-21	3.06599e-22	1.25308e-23	4.55163e-25	1.48649e-26	4.40676e-28	1.19543e-29	2.98772e-31	6.92006e-33	1.49294e-34	3.01352e-36	5.71358e-38	1.02108e-39	1.72539e-41	2.76445e-43	4.21043e-45	6.10998e-47	8.4657e-49	1.1221e-50	1.42533e-52	1.73788e-54	2.03706e-56	2.29865e-58	2.50031e-60	2.62478e-62	2.66234e-64	2.61196e-66	2.48105e-68	2.2839e-70	2.03928e-72	1.78253e-74	1.78253e-74	
6.32017e-75	6.32017e-75	7.43146e-73	8.55893e-71	9.56916e-69	1.03771e-66	1.09053e-64	1.10958e-62	1.09194e-60	1.03823e-58	9.52699e-57	8.42662e-55	7.17497e-53	5.87282e-51	4.61398e-49	3.47374e-47	2.50174e-45	1.72016e-43	1.12684e-41	7.01653e-40	4.14228e-38	2.31202e-36	1.21623e-34	6.00888e-33	2.77722e-31	1.19543e-29	4.76777e-28	1.75156e-26	5.88677e-25	1.79539e-23	4.92137e-22	1.19837e-20	2.55524e-19	4.68593e-18	7.22299e-17	9.0848e-16	8.97545e-15	6.65757e-14	3.57892e-13	1.43347e-12	4.25746e-12	1.43347e-12	3.57892e-13	6.65757e-14	8.97545e-15	9.0848e-16	7.22299e-17	4.68593e-18	2.55524e-19	1.19837e-20	4.92137e-22	1.79539e-23	5.88677e-25	1.75156e-26	4.76778e-28	1.19543e-29	2.77723e-31	6.00893e-33	1.21624e-34	2.31205e-36	4.14237e-38	7.01673e-40	1.12688e-41	1.72024e-43	2.50187e-45	3.47396e-47	4.61432e-49	5.87331e-51	7.17566e-53	8.42752e-55	9.52813e-57	1.03837e-58	1.09209e-60	1.10975e-62	1.09072e-64	1.0379e-66	9.57101e-69	8.56069e-71	7.49579e-73	7.49579e-73	
2.45857e-73	2.45857e-73	2.88577e-71	3.3177e-69	3.70265e-67	4.00798e-65	4.20425e-63	4.26967e-61	4.19379e-59	3.97983e-57	3.64477e-55	3.21733e-53	2.73384e-51	2.23301e-49	1.75061e-47	1.31509e-45	9.44975e-44	6.48245e-42	4.23638e-40	2.63135e-38	1.54947e-36	8.62537e-35	4.52478e-33	2.22902e-31	1.02708e-29	4.40676e-28	1.75156e-26	6.41138e-25	2.14634e-23	6.51825e-22	1.7784e-20	4.30803e-19	9.13207e-18	1.66334e-16	2.54315e-15	3.16636e-14	3.08633e-13	2.24559e-12	1.17331e-11	4.54543e-11	1.33462e-10	4.54543e-11	1.17331e-11	2.24559e-12	3.08633e-13	3.16636e-14	2.54315e-15	1.66334e-16	9.13207e-18	4.30803e-19	1.7784e-20	6.51825e-22	2.14634e-23	6.41139e-25	1.75157e-26	4.40678e-28	1.02709e-29	2.22905e-31	4.52487e-33	8.62562e-35	1.54953e-36	2.63149e-38	4.23664e-40	6.48294e-42	9.45059e-44	1.31523e-45	1.75082e-47	2.23331e-49	2.73425e-51	3.21787e-53	3.64544e-55	3.98063e-57	4.19471e-59	4.27067e-61	4.20531e-63	4.00905e-65	3.70371e-67	3.31871e-69	2.91108e-71	2.91108e-71	
8.77739e-72	8.77739e-72	1.02836e-69	1.1801e-67	1.31456e-65	1.42026e-63	1.48694e-61	1.50712e-59	1.47739e-57	1.39917e-55	1.27874e-53	1.1264e-51	9.55067e-50	7.78386e-48	6.08856e-46	4.56328e-44	3.27121e-42	2.23853e-40	1.45922e-38	9.04e-37	5.30875e-35	2.94686e-33	1.54133e-31	7.56952e-30	3.47652e-28	1.48649e-26	5.88677e-25	2.14634e-23	7.15494e-22	2.16291e-20	5.87132e-19	1.41426e-17	2.97876e-16	5.38537e-15	8.16089e-14	1.00482e-12	9.65036e-12	6.87427e-11	3.47968e-10	1.29743e-09	3.75766e-09	1.29743e-09	3.47968e-10	6.87427e-11	9.65036e-12	1.00482e-12	8.16089e-14	5.38537e-15	2.97876e-16	1.41426e-17	5.87132e-19	2.16291e-20	7.15495e-22	2.14635e-23	5.8868e-25	1.48651e-26	3.47658e-28	7.56974e-30	1.5414e-31	2.94702e-33	5.30913e-35	9.04081e-37	1.45938e-38	2.23882e-40	3.27171e-42	4.56408e-44	6.08976e-46	7.78557e-48	9.55299e-50	1.1267e-51	1.27911e-53	1.39961e-55	1.47788e-57	1.50766e-59	1.4875e-61	1.42083e-63	1.31512e-65	1.18063e-67	1.03755e-69	1.03755e-69	
2.85494e-70	2.85494e-70	3.33837e-68	3.8235e-66	4.25074e-64	4.58332e-62	4.78875e-60	4.84371e-58	4.73818e-56	4.47773e-54	4.08336e-52	3.58888e-50	3.03607e-48	2.46865e-46	1.92637e-44	1.44024e-42	1.02983e-40	7.02891e-39	4.56956e-37	2.82298e-35	1.65299e-33	9.14794e-32	4.76964e-30	2.3346e-28	1.06848e-26	4.55163e-25	1.79539e-23	6.51825e-22	2.16291e-20	6.50557e-19	1.75619e-17	4.20403e-16	8.79224e-15	1.57653e-13	2.36555e-12	2.8768e-11	2.71785e-10	1.89089e-09	9.23571e-09	3.29386e-08	9.38148e-08	3.29386e-08	9.23571e-09	1.89089e-09	2.71785e-10	2.8768e-11	2.36555e-12	1.57653e-13	8.79224e-15	4.20403e-16	1.75619e-17	6.50558e-19	2.16291e-20	6.5183e-22	1.79542e-23	4.55174e-25	1.06852e-26	2.33474e-28	4.77002e-30	9.14891e-32	1.65322e-33	2.82345e-35	4.57045e-37	7.03051e-39	1.0301e-40	1.44066e-42	1.92699e-44	2.46953e-46	3.03725e-48	3.5904e-50	4.08522e-52	4.47991e-54	4.74064e-56	4.84637e-58	4.79152e-60	4.58611e-62	4.25345e-64	3.82605e-66	3.36903e-68	3.36903e-68	
8.38779e-69	8.38779e-69	9.78785e-67	1.11869e-64	1.24108e-62	1.33532e-60	1.39213e-58	1.405e-56	1.3713e-54	1.29295e-52	1.17632e-50	1.0314e-48	8.70399e-47	7.05956e-45	5.49466e-43	4.09721e-41	2.92172e-39	1.98857e-37	1.28903e-35	7.9394e-34	4.63433e-32	2.55633e-30	1.32827e-28	6.47806e-27	2.95351e-25	1.25308e-23	4.92137e-22	1.7784e-20	5.87132e-19	1.75619e-17	4.71177e-16	1.12015e-14	2.32422e-13	4.12922e-12	6.12727e-11	7.34824e-10	6.81465e-09	4.61648e-08	2.16476e-07	7.32631e-07	2.04333e-06	7.32631e-07	2.16476e-07	4.61648e-08	6.81465e-09	7.34824e-10	6.12727e-11	4.12922e-12	2.32422e-13	1.12015e-14	4.71178e-16	1.75619e-17	5.87136e-19	1.77843e-20	4.92152e-22	1.25315e-23	2.95376e-25	6.47884e-27	1.32849e-28	2.55685e-30	4.63551e-32	7.9418e-34	1.28948e-35	1.98936e-37	2.92303e-39	4.09926e-41	5.49767e-43	7.06375e-45	8.70956e-47	1.03211e-48	1.17718e-50	1.29395e-52	1.37242e-54	1.4062e-56	1.39338e-58	1.33657e-60	1.24228e-62	1.11982e-64	9.88137e-67	9.88137e-67	
2.20349e-67	2.20349e-67	2.56553e-65	2.92565e-63	3.23829e-61	3.47611e-59	3.61547e-57	3.64013e-55	3.54414e-53	3.33332e-51	3.02492e-49	2.64537e-47	2.22648e-45	1.80091e-43	1.39778e-41	1.03928e-39	7.38908e-38	5.01369e-36	3.23965e-34	1.98878e-32	1.15689e-30	6.35853e-29	3.29145e-27	1.59888e-25	7.25906e-24	3.06599e-22	1.19837e-20	4.30803e-19	1.41426e-17	4.20403e-16	1.12015e-14	2.64229e-13	5.43361e-12	9.55225e-11	1.3995e-09	1.65166e-08	1.49935e-07	9.84984e-07	4.40503e-06	1.39998e-05	3.79975e-05	1.39998e-05	4.40503e-06	9.84984e-07	1.49935e-07	1.65166e-08	1.3995e-09	9.55225e-11	5.43361e-12	2.64229e-13	1.12015e-14	4.20406e-16	1.41428e-17	4.30818e-19	1.19845e-20	3.06635e-22	7.26036e-24	1.59928e-25	3.29253e-27	6.36112e-29	1.15745e-30	1.98991e-32	3.24174e-34	5.01729e-36	7.39493e-38	1.04018e-39	1.39908e-41	1.80271e-43	2.22885e-45	2.64834e-47	3.0285e-49	3.33746e-51	3.54874e-53	3.64505e-55	3.62055e-57	3.48117e-59	3.24317e-61	2.93019e-63	2.59152e-65	2.59152e-65	
5.11372e-66	5.11372e-66	5.93921e-64	6.75601e-62	7.45909e-60	7.98631e-58	8.28478e-56	8.3191e-54	8.07775e-52	7.57624e-50	6.85586e-48	5.97831e-46	5.01676e-44	4.04554e-42	3.13015e-40	2.31987e-38	1.64392e-36	1.11163e-34	7.15742e-33	4.37764e-31	2.53672e-29	1.38863e-27	7.15779e-26	3.46153e-24	1.56413e-22	6.57309e-21	2.55524e-19	9.13207e-18	2.97876e-16	8.79224e-15	2.32422e-13	5.43361e-12	1.10586e-10	1.92044e-09	2.772e-08	3.21027e-07	2.8415e-06	1.79996e-05	7.60784e-05	0.000223839	0.000585539	0.000223839	7.60784e-05	1.79996e-05	2.8415e-06	3.21027e-07	2.772e-08	1.92044e-09	1.10586e-10	5.43362e-12	2.32424e-13	8.79238e-15	2.97887e-16	9.13281e-18	2.55563e-19	6.57478e-21	1.56473e-22	3.46334e-24	7.16257e-26	1.38976e-27	2.53913e-29	4.38236e-31	7.16598e-33	1.11308e-34	1.64625e-36	2.32338e-38	3.13519e-40	4.05242e-42	5.02573e-44	5.98949e-46	6.86923e-48	7.59159e-50	8.09471e-52	8.33715e-54	8.30332e-56	8.00469e-58	7.47673e-60	6.7724e-62	6.0048e-64	6.0048e-64	
1.03336e-64	1.03336e-64	1.1968e-62	1.35755e-60	1.49452e-58	1.59548e-56	1.65018e-54	1.652e-52	1.59912e-50	1.4951e-48	1.34858e-46	1.17208e-44	9.80235e-43	7.87721e-41	6.07307e-39	4.48442e-37	3.16573e-35	2.13228e-33	1.36732e-31	8.32747e-30	4.80422e-28	2.61774e-26	1.34278e-24	6.46041e-23	2.90332e-21	1.21299e-19	4.68593e-18	1.66334e-16	5.38537e-15	1.57653e-13	4.12922e-12	9.55225e-11	1.92044e-09	3.28678e-08	4.65995e-07	5.27436e-06	4.52614e-05	0.000274129	0.00108058	0.00288391	0.00715406	0.00288391	0.00108058	0.000274129	4.52614e-05	5.27436e-06	4.65995e-07	3.28678e-08	1.92044e-09	9.55229e-11	4.12927e-12	1.57659e-13	5.38582e-15	1.66363e-16	4.68749e-18	1.21366e-19	2.90565e-21	6.46737e-23	1.34461e-24	2.62202e-26	4.81322e-28	8.34478e-30	1.37041e-31	2.13744e-33	3.17385e-35	4.49654e-37	6.09025e-39	7.90043e-41	9.83235e-43	1.17579e-44	1.35299e-46	1.50013e-48	1.60465e-50	1.65786e-52	1.65617e-54	1.6014e-56	1.50018e-58	1.36279e-60	1.21179e-62	1.21179e-62	
1.78712e-63	1.78712e-63	2.063e-61	2.33234e-59	2.55902e-57	2.72251e-55	2.80602e-53	2.79908e-51	2.69961e-49	2.51461e-47	2.25953e-45	1.95614e-43	1.62942e-41	1.30402e-39	1.0011e-37	7.36e-36	5.1723e-34	3.46757e-32	2.21282e-30	1.3409e-28	7.69519e-27	4.16992e-25	2.1266e-23	1.0169e-21	4.54034e-20	1.88378e-18	7.22299e-17	2.54315e-15	8.1609e-14	2.36555e-12	6.12727e-11	1.3995e-09	2.772e-08	4.65995e-07	6.4612e-06	7.10432e-05	0.000585849	0.00334638	0.0120412	0.0282584	0.0645069	0.0282584	0.0120412	0.00334638	0.000585849	7.10432e-05	6.4612e-06	4.65995e-07	2.77201e-08	1.39951e-09	6.12743e-11	2.36572e-12	8.16228e-14	2.54408e-15	7.22792e-17	1.8859e-18	4.54773e-20	1.01911e-21	2.13245e-23	4.18359e-25	7.72376e-27	1.34633e-28	2.22237e-30	3.4833e-32	5.19676e-34	7.39607e-36	1.00617e-37	1.31081e-39	1.63812e-41	1.96684e-43	2.27217e-45	2.52896e-47	2.71531e-49	2.81564e-51	2.82289e-53	2.73914e-55	2.57486e-57	2.34698e-59	2.09394e-61	2.09394e-61	
2.59193e-62	2.59193e-62	2.98019e-60	3.35578e-58	3.66687e-56	3.88487e-54	3.98696e-52	3.95977e-50	3.80201e-48	3.52529e-46	3.15285e-44	2.71639e-42	2.25151e-40	1.79272e-38	1.36907e-36	1.00108e-34	6.99582e-33	4.66288e-31	2.95769e-29	1.78104e-27	1.01541e-25	5.46465e-24	2.76678e-22	1.31294e-20	5.81463e-19	2.39161e-17	9.0848e-16	3.16636e-14	1.00482e-12	2.8768e-11	7.34824e-10	1.65166e-08	3.21027e-07	5.27436e-06	7.10432e-05	0.000751618	0.00586806	0.0308402	0.0974312	0.191115	0.377701	0.191115	0.0974312	0.0308402	0.00586806	0.000751618	7.10432e-05	5.27437e-06	3.21028e-07	1.65169e-08	7.34859e-10	2.87717e-11	1.00514e-12	3.16852e-14	9.09659e-16	2.39678e-17	5.83274e-19	1.31846e-20	2.78183e-22	5.50043e-24	1.02292e-25	1.79523e-27	2.98242e-29	4.70319e-31	7.05785e-33	1.01015e-34	1.3817e-36	1.80953e-38	2.27295e-40	2.74262e-42	3.18369e-44	3.56017e-46	3.84003e-48	3.99976e-50	4.0276e-52	3.92481e-54	3.70486e-56	3.3908e-58	3.03746e-60	3.03746e-60	
3.08081e-61	3.08081e-61	3.52493e-59	3.94942e-57	4.29354e-55	4.52504e-53	4.61907e-51	4.56235e-49	4.35585e-47	4.01538e-45	3.56971e-43	3.05662e-41	2.51742e-39	1.99131e-37	1.51041e-35	1.09668e-33	7.60808e-32	5.03258e-30	3.16701e-28	1.89138e-26	1.06903e-24	5.70112e-23	2.85898e-21	1.343e-19	5.88395e-18	2.39236e-16	8.97545e-15	3.08633e-13	9.65036e-12	2.71785e-10	6.81465e-09	1.49935e-07	2.8415e-06	4.52614e-05	0.000585849	0.00586806	0.0422087	0.194295	0.499079	0.757233	1.15645	0.757233	0.499079	0.194295	0.0422087	0.00586806	0.000585849	4.52615e-05	2.84152e-06	1.49939e-07	6.81517e-09	2.71842e-10	9.65533e-12	3.08985e-13	8.99547e-15	2.40144e-16	5.91637e-18	1.35338e-19	2.88902e-21	5.77517e-23	1.08479e-24	1.92127e-26	3.21892e-28	5.11669e-30	7.73674e-32	1.11538e-33	1.53633e-35	2.02566e-37	2.56106e-39	3.10983e-41	3.63209e-43	4.08577e-45	4.43241e-47	4.64272e-49	4.70058e-51	4.60499e-53	4.36947e-55	4.0193e-57	3.6184e-59	3.6184e-59	
2.92866e-60	2.92866e-60	3.33071e-58	3.70891e-56	4.0066e-54	4.19513e-52	4.25352e-50	4.17214e-48	3.95473e-46	3.61855e-44	3.1922e-42	2.71157e-40	2.21476e-38	1.73682e-36	1.30558e-34	9.39095e-33	6.45125e-31	4.22377e-29	2.62955e-27	1.55272e-25	8.67205e-24	4.56681e-22	2.25972e-20	1.04649e-18	4.51562e-17	1.80622e-15	6.65757e-14	2.2456e-12	6.87427e-11	1.89089e-09	4.61649e-08	9.84985e-07	1.79996e-05	0.000274129	0.00334638	0.0308402	0.194295	0.712628	1.30968	1.47764	1.57612	1.47764	1.30968	0.712628	0.194295	0.0308402	0.00334638	0.00027413	1.79997e-05	9.85015e-07	4.61693e-08	1.89141e-09	6.8792e-11	2.24932e-12	6.68013e-14	1.817e-15	4.55523e-17	1.06049e-18	2.30457e-20	4.68366e-22	8.92713e-24	1.60157e-25	2.71458e-27	4.36144e-29	6.66144e-31	9.69577e-33	1.34775e-34	1.79263e-36	2.28554e-38	2.79776e-40	3.29309e-42	3.73226e-44	4.07826e-46	4.30165e-48	4.38473e-50	4.32368e-52	4.12855e-54	3.82102e-56	3.46057e-58	3.46057e-58	
2.16813e-59	2.16813e-59	2.44931e-57	2.70871e-55	2.90527e-53	3.01945e-51	3.03791e-49	2.95589e-47	2.77844e-45	2.52006e-43	2.20284e-41	1.85328e-39	1.49854e-37	1.16278e-35	8.64373e-34	6.14465e-32	4.16896e-30	2.69375e-28	1.6537e-26	9.62032e-25	5.28805e-23	2.73759e-21	1.32994e-19	6.03805e-18	2.54994e-16	9.96299e-15	3.57893e-13	1.17331e-11	3.47968e-10	9.23572e-09	2.16477e-07	4.40504e-06	7.60785e-05	0.00108058	0.0120412	0.0974312	0.499079	1.30968	1.59273	1.64843	1.66479	1.64843	1.59273	1.30968	0.499079	0.0974312	0.0120412	0.00108058	7.60791e-05	4.40518e-06	2.16499e-07	9.23859e-09	3.48265e-10	1.17576e-11	3.59493e-13	1.00428e-14	2.57866e-16	6.16345e-18	1.37765e-19	2.87175e-21	5.5909e-23	1.02092e-24	1.75693e-26	2.86148e-28	4.4255e-30	6.51711e-32	9.15938e-34	1.23104e-35	1.58513e-37	1.95871e-39	2.32621e-41	2.65904e-43	2.92934e-45	3.114e-47	3.19795e-49	3.17612e-51	3.05374e-53	2.84506e-55	2.5933e-57	2.5933e-57	
1.18612e-58	1.18612e-58	1.33254e-56	1.46524e-54	1.5622e-52	1.61348e-50	1.61275e-48	1.55847e-46	1.45437e-44	1.30914e-42	1.13521e-40	9.47013e-39	7.58897e-37	5.83267e-35	4.29199e-33	3.01815e-31	2.02405e-29	1.29159e-27	7.82293e-26	4.48502e-24	2.42651e-22	1.23461e-20	5.88487e-19	2.61633e-17	1.07947e-15	4.10926e-14	1.43348e-12	4.54545e-11	1.29743e-09	3.29388e-08	7.32635e-07	1.39998e-05	0.00022384	0.00288392	0.0282584	0.191115	0.757233	1.47764	1.64843	1.67342	1.67679	1.67342	1.64843	1.47764	0.757233	0.191115	0.0282584	0.00288393	0.000223841	1.40001e-05	7.32691e-07	3.29467e-08	1.29833e-09	4.55341e-11	1.43857e-12	4.12712e-14	1.07958e-15	2.66495e-17	6.19629e-19	1.33569e-20	2.66716e-22	4.96386e-24	8.67182e-26	1.43036e-27	2.2371e-29	3.3282e-31	4.72191e-33	6.40236e-35	8.31193e-37	1.03503e-38	1.23819e-40	1.42507e-42	1.58014e-44	1.6901e-46	1.74583e-48	1.74359e-50	1.68533e-52	1.57815e-54	1.44558e-56	1.44558e-56	
3.88669e-58	3.88669e-58	4.35812e-56	4.78276e-54	5.08897e-52	5.24508e-50	5.23144e-48	5.04408e-46	4.69626e-44	4.21708e-42	3.64759e-40	3.03483e-38	2.42524e-36	1.85851e-34	1.36335e-32	9.55556e-31	6.38569e-29	4.05948e-27	2.44877e-25	1.39774e-23	7.52576e-22	3.80892e-20	1.80493e-18	7.97205e-17	3.26496e-15	1.23244e-13	4.2575e-12	1.33464e-10	3.7577e-09	9.38158e-08	2.04334e-06	3.79976e-05	0.000585539	0.00715406	0.0645069	0.377701	1.15646	1.57613	1.6648	1.67679	1.67802	1.67679	1.6648	1.57613	1.15646	0.377701	0.0645069	0.00715403	0.000585532	3.79958e-05	2.04305e-06	9.37799e-08	3.75403e-09	1.33117e-10	4.22138e-12	1.19542e-13	3.0206e-15	7.63138e-17	1.86224e-18	4.16458e-20	8.50112e-22	1.60176e-23	2.81817e-25	4.66937e-27	7.3267e-29	1.09286e-30	1.55394e-32	2.1111e-34	2.74561e-36	3.42448e-38	4.10279e-40	4.72866e-42	5.25017e-44	5.62263e-46	5.81508e-48	5.8144e-50	5.62652e-52	5.27455e-54	4.83675e-56	4.83675e-56	
1.18612e-58	1.18612e-58	1.33254e-56	1.46524e-54	1.5622e-52	1.61348e-50	1.61275e-48	1.55847e-46	1.45437e-44	1.30914e-42	1.13521e-40	9.47013e-39	7.58897e-37	5.83267e-35	4.29199e-33	3.01815e-31	2.02405e-29	1.29159e-27	7.82294e-26	4.48503e-24	2.42651e-22	1.23462e-20	5.88491e-19	2.61635e-17	1.07948e-15	4.10934e-14	1.43352e-12	4.54561e-11	1.29749e-09	3.29399e-08	7.32651e-07	1.39999e-05	0.000223839	0.00288391	0.0282584	0.191115	0.757237	1.47765	1.64845	1.67345	1.67681	1.67345	1.64845	1.47765	0.757237	0.191115	0.0282584	0.0028839	0.000223835	1.39989e-05	7.32496e-07	3.29208e-08	1.29532e-09	4.51753e-11	1.39214e-12	3.6456e-14	8.10417e-16	2.0405e-17	5.32378e-19	1.25239e-20	2.62774e-22	5.0205e-24	8.89693e-26	1.47993e-27	2.3274e-29	3.47599e-31	4.9456e-33	6.71972e-35	8.73727e-37	1.08916e-38	1.30386e-40	1.50126e-42	1.66489e-44	1.78069e-46	1.83905e-48	1.83609e-50	1.77398e-52	1.6603e-54	1.51993e-56	1.51993e-56	
