2.06473e-11	2.06473e-11	2.56755e-11	3.67063e-11	5.58222e-11	8.64889e-11	1.33989e-10	2.06036e-10	3.13595e-10	4.71931e-10	7.01911e-10	1.03155e-09	1.4978e-09	2.14848e-09	3.04434e-09	4.26094e-09	5.8903e-09	8.04189e-09	1.08427e-08	1.44358e-08	1.89776e-08	2.46322e-08	3.15645e-08	3.99297e-08	4.98612e-08	6.14567e-08	7.47627e-08	8.97595e-08	1.06348e-07	1.24336e-07	1.43439e-07	1.6327e-07	1.83356e-07	2.03147e-07	2.22041e-07	2.39411e-07	2.54642e-07	2.67163e-07	2.76487e-07	2.82238e-07	2.84182e-07	2.82238e-07	2.76487e-07	2.67163e-07	2.54642e-07	2.39411e-07	2.22041e-07	2.03147e-07	1.83356e-07	1.6327e-07	1.43439e-07	1.24336e-07	1.06348e-07	8.97595e-08	7.47627e-08	6.14567e-08	4.98612e-08	3.99297e-08	3.15645e-08	2.46322e-08	1.89776e-08	1.44358e-08	1.08427e-08	8.04189e-09	5.8903e-09	4.26095e-09	3.04435e-09	2.1485e-09	1.49784e-09	1.03162e-09	7.02029e-10	4.72139e-10	3.13959e-10	2.06666e-10	1.35067e-10	8.83113e-11	5.88676e-11	4.17359e-11	3.38838e-11	3.38838e-11	
2.06473e-11	2.06473e-11	2.56755e-11	3.67063e-11	5.58222e-11	8.64889e-11	1.33989e-10	2.06036e-10	3.13595e-10	4.71931e-10	7.01911e-10	1.03155e-09	1.4978e-09	2.14848e-09	3.04434e-09	4.26094e-09	5.8903e-09	8.04189e-09	1.08427e-08	1.44358e-08	1.89776e-08	2.46322e-08	3.15645e-08	3.99297e-08	4.98612e-08	6.14567e-08	7.47627e-08	8.97595e-08	1.06348e-07	1.24336e-07	1.43439e-07	1.6327e-07	1.83356e-07	2.03147e-07	2.22041e-07	2.39411e-07	2.54642e-07	2.67163e-07	2.76487e-07	2.82238e-07	2.84182e-07	2.82238e-07	2.76487e-07	2.67163e-07	2.54642e-07	2.39411e-07	2.22041e-07	2.03147e-07	1.83356e-07	1.6327e-07	1.43439e-07	1.24336e-07	1.06348e-07	8.97595e-08	7.47627e-08	6.14567e-08	4.98612e-08	3.99297e-08	3.15645e-08	2.46322e-08	1.89776e-08	1.44358e-08	1.08427e-08	8.04189e-09	5.8903e-09	4.26095e-09	3.04435e-09	2.1485e-09	1.49784e-09	1.03162e-09	7.02029e-10	4.72139e-10	3.13959e-10	2.06666e-10	1.35067e-10	8.83113e-11	5.88676e-11	4.17359e-11	3.38838e-11	3.38838e-11	
2.56755e-11	2.56755e-11	3.19359e-11	4.56722e-11	6.94824e-11	1.07692e-10	1.66895e-10	2.56727e-10	3.90891e-10	5.88474e-10	8.75584e-10	1.2873e-09	1.8699e-09	2.68335e-09	3.80384e-09	5.32627e-09	7.36627e-09	1.00615e-08	1.35719e-08	1.80777e-08	2.37763e-08	3.0875e-08	3.95825e-08	5.00956e-08	6.25839e-08	7.71725e-08	9.3922e-08	1.1281e-07	1.33712e-07	1.5639e-07	1.80483e-07	2.05507e-07	2.30862e-07	2.55854e-07	2.7972e-07	3.01669e-07	3.20919e-07	3.36747e-07	3.48535e-07	3.55808e-07	3.58266e-07	3.55808e-07	3.48535e-07	3.36747e-07	3.20919e-07	3.01669e-07	2.7972e-07	2.55854e-07	2.30862e-07	2.05507e-07	1.80483e-07	1.5639e-07	1.33712e-07	1.1281e-07	9.3922e-08	7.71725e-08	6.25839e-08	5.00956e-08	3.95825e-08	3.0875e-08	2.37763e-08	1.80777e-08	1.35719e-08	1.00615e-08	7.36627e-09	5.32628e-09	3.80386e-09	2.68337e-09	1.86994e-09	1.28738e-09	8.7573e-10	5.88732e-10	3.91343e-10	2.5751e-10	1.68234e-10	1.09957e-10	7.32688e-11	5.19273e-11	4.21473e-11	4.21473e-11	
3.67063e-11	3.67063e-11	4.56722e-11	6.53493e-11	9.9469e-11	1.54246e-10	2.39163e-10	3.68082e-10	5.60731e-10	8.44616e-10	1.25739e-09	1.84968e-09	2.68836e-09	3.86017e-09	5.47543e-09	7.67168e-09	1.06167e-08	1.45106e-08	1.9586e-08	2.61058e-08	3.43578e-08	4.46457e-08	5.72748e-08	7.25348e-08	9.06763e-08	1.11885e-07	1.36254e-07	1.63755e-07	1.94211e-07	2.27277e-07	2.6243e-07	2.98963e-07	3.36002e-07	3.72529e-07	4.07429e-07	4.39538e-07	4.67708e-07	4.90879e-07	5.08139e-07	5.18789e-07	5.22389e-07	5.18789e-07	5.08139e-07	4.90879e-07	4.67708e-07	4.39538e-07	4.07429e-07	3.72529e-07	3.36002e-07	2.98963e-07	2.6243e-07	2.27277e-07	1.94211e-07	1.63755e-07	1.36254e-07	1.11885e-07	9.06763e-08	7.25348e-08	5.72748e-08	4.46457e-08	3.43578e-08	2.61058e-08	1.9586e-08	1.45106e-08	1.06167e-08	7.67169e-09	5.47545e-09	3.86021e-09	2.68843e-09	1.84979e-09	1.2576e-09	8.44984e-10	5.61376e-10	3.692e-10	2.41076e-10	1.57483e-10	1.04881e-10	7.42931e-11	6.02793e-11	6.02793e-11	
5.58222e-11	5.58222e-11	6.94824e-11	9.9469e-11	1.51484e-10	2.3503e-10	3.64611e-10	5.61449e-10	8.55767e-10	1.28974e-09	1.92116e-09	2.82779e-09	4.11247e-09	5.90872e-09	8.38653e-09	1.17581e-08	1.62828e-08	2.22699e-08	3.00799e-08	4.01208e-08	5.28399e-08	6.871e-08	8.82083e-08	1.11788e-07	1.39844e-07	1.7267e-07	2.10418e-07	2.53051e-07	3.00302e-07	3.51642e-07	4.0626e-07	4.6306e-07	5.20682e-07	5.77542e-07	6.31895e-07	6.81925e-07	7.25835e-07	7.61964e-07	7.88882e-07	8.05494e-07	8.1111e-07	8.05494e-07	7.88882e-07	7.61964e-07	7.25835e-07	6.81925e-07	6.31895e-07	5.77542e-07	5.20682e-07	4.6306e-07	4.0626e-07	3.51642e-07	3.00302e-07	2.53051e-07	2.10418e-07	1.7267e-07	1.39844e-07	1.11788e-07	8.82083e-08	6.871e-08	5.28399e-08	4.01208e-08	3.00799e-08	2.22699e-08	1.62828e-08	1.17581e-08	8.38656e-09	5.90877e-09	4.11257e-09	2.82796e-09	1.92147e-09	1.2903e-09	8.56747e-10	5.63146e-10	3.67517e-10	2.39948e-10	1.59712e-10	1.13073e-10	9.17101e-11	9.17101e-11	
8.64889e-11	8.64889e-11	1.07692e-10	1.54246e-10	2.3503e-10	3.6484e-10	5.66283e-10	8.7245e-10	1.33051e-09	2.00634e-09	2.99028e-09	4.40404e-09	6.40869e-09	9.21359e-09	1.30856e-08	1.83583e-08	2.54397e-08	3.48174e-08	4.70602e-08	6.28128e-08	8.27839e-08	1.07724e-07	1.38391e-07	1.75509e-07	2.1971e-07	2.71471e-07	3.31043e-07	3.98378e-07	4.73066e-07	5.54278e-07	6.40739e-07	7.30717e-07	8.22056e-07	9.1224e-07	9.98495e-07	1.07792e-06	1.14767e-06	1.20507e-06	1.24785e-06	1.27425e-06	1.28318e-06	1.27425e-06	1.24785e-06	1.20507e-06	1.14767e-06	1.07792e-06	9.98495e-07	9.1224e-07	8.22056e-07	7.30717e-07	6.40739e-07	5.54278e-07	4.73066e-07	3.98378e-07	3.31043e-07	2.71471e-07	2.1971e-07	1.75509e-07	1.38391e-07	1.07724e-07	8.27839e-08	6.28128e-08	4.70602e-08	3.48174e-08	2.54397e-08	1.83584e-08	1.30857e-08	9.21367e-09	6.40884e-09	4.40431e-09	2.99077e-09	2.00721e-09	1.33203e-09	8.75076e-10	5.70781e-10	3.72455e-10	2.47774e-10	1.75327e-10	1.42151e-10	1.42151e-10	
1.33989e-10	1.33989e-10	1.66895e-10	2.39163e-10	3.64611e-10	5.66283e-10	8.79403e-10	1.35557e-09	2.06839e-09	3.12075e-09	4.65386e-09	6.85816e-09	9.98596e-09	1.43655e-08	2.04158e-08	2.86609e-08	3.97431e-08	5.44308e-08	7.36216e-08	9.8335e-08	1.29693e-07	1.68887e-07	2.17124e-07	2.75558e-07	3.45205e-07	4.26835e-07	5.20863e-07	6.27234e-07	7.45319e-07	8.73823e-07	1.01074e-06	1.15332e-06	1.29816e-06	1.44126e-06	1.5782e-06	1.70437e-06	1.8152e-06	1.90644e-06	1.97446e-06	2.01646e-06	2.03065e-06	2.01646e-06	1.97446e-06	1.90644e-06	1.8152e-06	1.70437e-06	1.5782e-06	1.44126e-06	1.29816e-06	1.15332e-06	1.01074e-06	8.73823e-07	7.45319e-07	6.27234e-07	5.20863e-07	4.26835e-07	3.45205e-07	2.75558e-07	2.17124e-07	1.68887e-07	1.29693e-07	9.83351e-08	7.36216e-08	5.44308e-08	3.97431e-08	2.8661e-08	2.04158e-08	1.43656e-08	9.98619e-09	6.85858e-09	4.65461e-09	3.12208e-09	2.07073e-09	1.35963e-09	8.86363e-10	5.78073e-10	3.8435e-10	2.71827e-10	2.20311e-10	2.20311e-10	
2.06036e-10	2.06036e-10	2.56727e-10	3.68082e-10	5.61449e-10	8.7245e-10	1.35557e-09	2.09067e-09	3.19178e-09	4.81841e-09	7.18972e-09	1.06015e-08	1.54462e-08	2.22347e-08	3.162e-08	4.44203e-08	6.16389e-08	8.44786e-08	1.14346e-07	1.52843e-07	2.01734e-07	2.62896e-07	3.3824e-07	4.29596e-07	5.38581e-07	6.66436e-07	8.13844e-07	9.80755e-07	1.16621e-06	1.36819e-06	1.58358e-06	1.80806e-06	2.03625e-06	2.26185e-06	2.47788e-06	2.67702e-06	2.85203e-06	2.99617e-06	3.10365e-06	3.17001e-06	3.19245e-06	3.17001e-06	3.10365e-06	2.99617e-06	2.85203e-06	2.67702e-06	2.47788e-06	2.26185e-06	2.03625e-06	1.80806e-06	1.58358e-06	1.36819e-06	1.16621e-06	9.80755e-07	8.13844e-07	6.66436e-07	5.38581e-07	4.29596e-07	3.3824e-07	2.62896e-07	2.01734e-07	1.52843e-07	1.14346e-07	8.44786e-08	6.16389e-08	4.44204e-08	3.16201e-08	2.22348e-08	1.54465e-08	1.06022e-08	7.19087e-09	4.82046e-09	3.19538e-09	2.09691e-09	1.36626e-09	8.90568e-10	5.91794e-10	4.18317e-10	3.38914e-10	3.38914e-10	
3.13595e-10	3.13595e-10	3.90891e-10	5.60731e-10	8.55767e-10	1.33051e-09	2.06839e-09	3.19178e-09	4.87556e-09	7.36458e-09	1.09956e-08	1.62235e-08	2.36525e-08	3.40703e-08	4.84849e-08	6.81605e-08	9.46502e-08	1.29818e-07	1.7585e-07	2.35234e-07	3.10724e-07	4.05252e-07	5.21811e-07	6.6328e-07	8.32216e-07	1.0306e-06	1.25954e-06	1.51902e-06	1.80761e-06	2.12221e-06	2.45797e-06	2.80822e-06	3.16454e-06	3.51707e-06	3.85486e-06	4.16642e-06	4.44037e-06	4.66609e-06	4.83445e-06	4.93843e-06	4.9736e-06	4.93843e-06	4.83445e-06	4.66609e-06	4.44037e-06	4.16642e-06	3.85486e-06	3.51707e-06	3.16454e-06	2.80822e-06	2.45797e-06	2.12221e-06	1.80761e-06	1.51902e-06	1.25954e-06	1.0306e-06	8.32216e-07	6.6328e-07	5.21811e-07	4.05252e-07	3.10724e-07	2.35234e-07	1.7585e-07	1.29818e-07	9.46502e-08	6.81606e-08	4.8485e-08	3.40706e-08	2.3653e-08	1.62245e-08	1.09973e-08	7.36769e-09	4.88102e-09	3.20126e-09	2.08464e-09	1.35807e-09	9.01941e-10	6.37202e-10	5.16059e-10	5.16059e-10	
4.71931e-10	4.71931e-10	5.88474e-10	8.44616e-10	1.28974e-09	2.00634e-09	3.12075e-09	4.81841e-09	7.36458e-09	1.1131e-08	1.66293e-08	2.45517e-08	3.58185e-08	5.16307e-08	7.35275e-08	1.03442e-07	1.43753e-07	1.9732e-07	2.675e-07	3.58128e-07	4.73448e-07	6.18001e-07	7.96427e-07	1.01321e-06	1.27236e-06	1.577e-06	1.92895e-06	2.32826e-06	2.77281e-06	3.25793e-06	3.77618e-06	4.31727e-06	4.86823e-06	5.41376e-06	5.93687e-06	6.41967e-06	6.84442e-06	7.19455e-06	7.45581e-06	7.61719e-06	7.67178e-06	7.61719e-06	7.45581e-06	7.19455e-06	6.84442e-06	6.41967e-06	5.93687e-06	5.41376e-06	4.86823e-06	4.31727e-06	3.77618e-06	3.25793e-06	2.77281e-06	2.32826e-06	1.92895e-06	1.577e-06	1.27236e-06	1.01321e-06	7.96427e-07	6.18001e-07	4.73448e-07	3.58128e-07	2.675e-07	1.9732e-07	1.43753e-07	1.03442e-07	7.35278e-08	5.16311e-08	3.58193e-08	2.45532e-08	1.66319e-08	1.11357e-08	7.37279e-09	4.83266e-09	3.14518e-09	2.04779e-09	1.35921e-09	9.59716e-10	7.76958e-10	7.76958e-10	
7.01911e-10	7.01911e-10	8.75584e-10	1.25739e-09	1.92116e-09	2.99028e-09	4.65386e-09	7.18972e-09	1.09956e-08	1.66293e-08	2.48597e-08	3.67281e-08	5.362e-08	7.7347e-08	1.10233e-07	1.55202e-07	2.15856e-07	2.96535e-07	4.02342e-07	5.39117e-07	7.13346e-07	9.31977e-07	1.20214e-06	1.53076e-06	1.92404e-06	2.38688e-06	2.92221e-06	3.53028e-06	4.20798e-06	4.94835e-06	5.7401e-06	6.56759e-06	7.41098e-06	8.2468e-06	9.04891e-06	9.78974e-06	1.04419e-05	1.09797e-05	1.13812e-05	1.16293e-05	1.17132e-05	1.16293e-05	1.13812e-05	1.09797e-05	1.04419e-05	9.78974e-06	9.04891e-06	8.2468e-06	7.41098e-06	6.56759e-06	5.7401e-06	4.94835e-06	4.20798e-06	3.53028e-06	2.92221e-06	2.38688e-06	1.92404e-06	1.53076e-06	1.20214e-06	9.31977e-07	7.13346e-07	5.39117e-07	4.02342e-07	2.96535e-07	2.15856e-07	1.55202e-07	1.10233e-07	7.73477e-08	5.36212e-08	3.67303e-08	2.48636e-08	1.66362e-08	1.10077e-08	7.21087e-09	4.69016e-09	3.05188e-09	2.02445e-09	1.42861e-09	1.1561e-09	1.1561e-09	
1.03155e-09	1.03155e-09	1.2873e-09	1.84968e-09	2.82779e-09	4.40404e-09	6.85816e-09	1.06015e-08	1.62235e-08	2.45517e-08	3.67281e-08	5.43006e-08	7.93325e-08	1.14524e-07	1.63345e-07	2.30169e-07	3.20389e-07	4.4052e-07	5.98236e-07	8.02338e-07	1.06262e-06	1.38963e-06	1.79418e-06	2.28686e-06	2.87722e-06	3.57286e-06	4.37844e-06	5.2946e-06	6.31693e-06	7.43511e-06	8.6323e-06	9.88491e-06	1.11629e-05	1.24307e-05	1.36484e-05	1.4774e-05	1.57656e-05	1.65838e-05	1.71948e-05	1.75725e-05	1.77002e-05	1.75725e-05	1.71948e-05	1.65838e-05	1.57656e-05	1.4774e-05	1.36484e-05	1.24307e-05	1.11629e-05	9.88491e-06	8.6323e-06	7.43511e-06	6.31693e-06	5.2946e-06	4.37844e-06	3.57286e-06	2.87722e-06	2.28686e-06	1.79418e-06	1.38963e-06	1.06262e-06	8.02338e-07	5.98236e-07	4.40521e-07	3.20389e-07	2.30169e-07	1.63346e-07	1.14525e-07	7.93343e-08	5.43038e-08	3.67338e-08	2.45619e-08	1.62414e-08	1.06326e-08	6.91146e-09	4.49449e-09	2.97954e-09	2.10135e-09	1.69982e-09	1.69982e-09	
1.4978e-09	1.4978e-09	1.8699e-09	2.68836e-09	4.11247e-09	6.40869e-09	9.98596e-09	1.54462e-08	2.36525e-08	3.58185e-08	5.362e-08	7.93325e-08	1.15992e-07	1.67578e-07	2.39213e-07	3.37361e-07	4.70013e-07	6.46837e-07	8.79244e-07	1.18036e-06	1.56483e-06	2.04844e-06	2.64752e-06	3.37804e-06	4.25455e-06	5.28875e-06	6.48801e-06	7.85372e-06	9.37973e-06	1.1051e-05	1.28426e-05	1.47195e-05	1.66367e-05	1.85405e-05	2.0371e-05	2.20646e-05	2.35575e-05	2.47902e-05	2.57112e-05	2.62807e-05	2.64734e-05	2.62807e-05	2.57112e-05	2.47902e-05	2.35575e-05	2.20646e-05	2.0371e-05	1.85405e-05	1.66367e-05	1.47195e-05	1.28426e-05	1.1051e-05	9.37973e-06	7.85372e-06	6.48801e-06	5.28875e-06	4.25455e-06	3.37804e-06	2.64752e-06	2.04844e-06	1.56483e-06	1.18036e-06	8.79244e-07	6.46837e-07	4.70014e-07	3.37361e-07	2.39214e-07	1.6758e-07	1.15994e-07	7.93371e-08	5.36283e-08	3.58332e-08	2.36784e-08	1.54912e-08	1.00633e-08	6.53993e-09	4.33276e-09	3.05385e-09	2.46928e-09	2.46928e-09	
2.14848e-09	2.14848e-09	2.68335e-09	3.86017e-09	5.90872e-09	9.21359e-09	1.43655e-08	2.22347e-08	3.40703e-08	5.16307e-08	7.7347e-08	1.14524e-07	1.67578e-07	2.42307e-07	3.46184e-07	4.88658e-07	6.81433e-07	9.38696e-07	1.27723e-06	1.7164e-06	2.27786e-06	2.98504e-06	3.86226e-06	4.93345e-06	6.22054e-06	7.74139e-06	9.50754e-06	1.15218e-05	1.37757e-05	1.62477e-05	1.89015e-05	2.16853e-05	2.45325e-05	2.73633e-05	3.00881e-05	3.26114e-05	3.48378e-05	3.66774e-05	3.80526e-05	3.89032e-05	3.91911e-05	3.89032e-05	3.80526e-05	3.66774e-05	3.48378e-05	3.26114e-05	3.00881e-05	2.73633e-05	2.45325e-05	2.16853e-05	1.89015e-05	1.62477e-05	1.37757e-05	1.15218e-05	9.50754e-06	7.74139e-06	6.22054e-06	4.93345e-06	3.86226e-06	2.98504e-06	2.27786e-06	1.7164e-06	1.27723e-06	9.38696e-07	6.81433e-07	4.88658e-07	3.46185e-07	2.42309e-07	1.67582e-07	1.14531e-07	7.73589e-08	5.16518e-08	3.41074e-08	2.22991e-08	1.44762e-08	9.4017e-09	6.2246e-09	4.38453e-09	3.5437e-09	3.5437e-09	
3.04434e-09	3.04434e-09	3.80384e-09	5.47543e-09	8.38653e-09	1.30856e-08	2.04158e-08	3.162e-08	4.84849e-08	7.35275e-08	1.10233e-07	1.63345e-07	2.39213e-07	3.46184e-07	4.95037e-07	6.99425e-07	9.76297e-07	1.34624e-06	1.83367e-06	2.46683e-06	3.2774e-06	4.29981e-06	5.5699e-06	7.12318e-06	8.99238e-06	1.12045e-05	1.37776e-05	1.67167e-05	2.00109e-05	2.36295e-05	2.75201e-05	3.16075e-05	3.57939e-05	3.9962e-05	4.39788e-05	4.77027e-05	5.09915e-05	5.37112e-05	5.57455e-05	5.70042e-05	5.74303e-05	5.70042e-05	5.57455e-05	5.37112e-05	5.09915e-05	4.77027e-05	4.39788e-05	3.9962e-05	3.57939e-05	3.16075e-05	2.75201e-05	2.36295e-05	2.00109e-05	1.67167e-05	1.37776e-05	1.12045e-05	8.99238e-06	7.12318e-06	5.5699e-06	4.29981e-06	3.2774e-06	2.46683e-06	1.83367e-06	1.34624e-06	9.76297e-07	6.99426e-07	4.95038e-07	3.46187e-07	2.39218e-07	1.63355e-07	1.1025e-07	7.35574e-08	4.85373e-08	3.17112e-08	2.05725e-08	1.3352e-08	8.83399e-09	6.21857e-09	5.0238e-09	5.0238e-09	
4.26094e-09	4.26094e-09	5.32627e-09	7.67168e-09	1.17581e-08	1.83583e-08	2.86609e-08	4.44203e-08	6.81605e-08	1.03442e-07	1.55202e-07	2.30169e-07	3.37361e-07	4.88658e-07	6.99425e-07	9.89165e-07	1.38214e-06	1.90788e-06	2.60153e-06	3.50381e-06	4.66062e-06	6.12194e-06	7.94014e-06	1.01673e-05	1.2852e-05	1.60346e-05	1.97428e-05	2.3986e-05	2.875e-05	3.39923e-05	3.96384e-05	4.55799e-05	5.16751e-05	5.77525e-05	6.36176e-05	6.90618e-05	7.38751e-05	7.7859e-05	8.0841e-05	8.2687e-05	8.33121e-05	8.2687e-05	8.0841e-05	7.7859e-05	7.38751e-05	6.90618e-05	6.36176e-05	5.77525e-05	5.16751e-05	4.55799e-05	3.96384e-05	3.39923e-05	2.875e-05	2.3986e-05	1.97428e-05	1.60346e-05	1.2852e-05	1.01673e-05	7.94014e-06	6.12194e-06	4.66062e-06	3.50381e-06	2.60153e-06	1.90788e-06	1.38214e-06	9.89167e-07	6.99427e-07	4.88662e-07	3.37368e-07	2.30182e-07	1.55225e-07	1.03484e-07	6.82338e-08	4.45477e-08	2.888e-08	1.87308e-08	1.23842e-08	8.71197e-09	7.03497e-09	7.03497e-09	
5.8903e-09	5.8903e-09	7.36627e-09	1.06167e-08	1.62828e-08	2.54397e-08	3.97431e-08	6.16389e-08	9.46502e-08	1.43753e-07	2.15856e-07	3.20389e-07	4.70013e-07	6.81433e-07	9.76297e-07	1.38214e-06	1.93329e-06	2.67165e-06	3.64719e-06	4.91804e-06	6.54992e-06	8.6147e-06	1.1188e-05	1.43457e-05	1.81588e-05	2.26875e-05	2.7974e-05	3.40348e-05	4.08526e-05	4.83692e-05	5.64801e-05	6.50311e-05	7.3819e-05	8.2596e-05	9.10795e-05	9.89654e-05	0.000105946	0.00011173	0.000116062	0.000118746	0.000119654	0.000118746	0.000116062	0.00011173	0.000105946	9.89655e-05	9.10795e-05	8.2596e-05	7.3819e-05	6.50311e-05	5.64801e-05	4.83692e-05	4.08526e-05	3.40348e-05	2.7974e-05	2.26875e-05	1.81588e-05	1.43457e-05	1.1188e-05	8.6147e-06	6.54992e-06	4.91804e-06	3.64719e-06	2.67165e-06	1.93329e-06	1.38214e-06	9.763e-07	6.81438e-07	4.70023e-07	3.20407e-07	2.15888e-07	1.43811e-07	9.47512e-08	6.18147e-08	4.00456e-08	2.59542e-08	1.7148e-08	1.20551e-08	9.73006e-09	9.73006e-09	
8.04189e-09	8.04189e-09	1.00615e-08	1.45106e-08	2.22699e-08	3.48174e-08	5.44308e-08	8.44786e-08	1.29818e-07	1.9732e-07	2.96535e-07	4.40521e-07	6.46837e-07	9.38696e-07	1.34624e-06	1.90788e-06	2.67165e-06	3.69629e-06	5.05211e-06	6.82113e-06	9.09643e-06	1.19803e-05	1.55809e-05	2.00075e-05	2.53631e-05	3.17365e-05	3.91917e-05	4.77567e-05	5.74117e-05	6.8079e-05	7.96138e-05	9.17996e-05	0.000104348	0.000116905	0.000129063	0.000140382	0.000150416	0.00015874	0.000164981	0.000168848	0.000170159	0.000168848	0.000164981	0.00015874	0.000150416	0.000140382	0.000129063	0.000116905	0.000104348	9.17996e-05	7.96138e-05	6.8079e-05	5.74117e-05	4.77567e-05	3.91917e-05	3.17365e-05	2.53631e-05	2.00075e-05	1.55809e-05	1.19803e-05	9.09643e-06	6.82113e-06	5.05211e-06	3.69629e-06	2.67165e-06	1.90788e-06	1.34624e-06	9.38703e-07	6.4685e-07	4.40545e-07	2.96579e-07	1.97399e-07	1.29956e-07	8.47183e-08	5.48433e-08	3.55193e-08	2.34508e-08	1.64748e-08	1.32911e-08	1.32911e-08	
1.08427e-08	1.08427e-08	1.35719e-08	1.9586e-08	3.00799e-08	4.70602e-08	7.36216e-08	1.14346e-07	1.7585e-07	2.675e-07	4.02342e-07	5.98236e-07	8.79245e-07	1.27723e-06	1.83367e-06	2.60153e-06	3.64719e-06	5.05211e-06	6.91404e-06	9.34745e-06	1.24828e-05	1.6464e-05	2.14442e-05	2.75792e-05	3.50173e-05	4.38882e-05	5.42879e-05	6.62629e-05	7.97935e-05	9.47776e-05	0.000111018	0.000128215	0.000145963	0.000163761	0.000181028	0.000197134	0.000211434	0.000223312	0.000232226	0.000237755	0.000239629	0.000237755	0.000232226	0.000223312	0.000211434	0.000197134	0.000181028	0.000163761	0.000145963	0.000128215	0.000111018	9.47776e-05	7.97935e-05	6.62629e-05	5.42879e-05	4.38882e-05	3.50173e-05	2.75792e-05	2.14442e-05	1.6464e-05	1.24828e-05	9.34745e-06	6.91404e-06	5.05211e-06	3.64719e-06	2.60153e-06	1.83368e-06	1.27724e-06	8.79263e-07	5.98269e-07	4.02401e-07	2.67606e-07	1.76035e-07	1.14669e-07	7.4177e-08	4.80057e-08	3.16715e-08	2.22347e-08	1.79294e-08	1.79294e-08	
1.44358e-08	1.44358e-08	1.80777e-08	2.61058e-08	4.01208e-08	6.28128e-08	9.83351e-08	1.52843e-07	2.35234e-07	3.58128e-07	5.39117e-07	8.02338e-07	1.18036e-06	1.7164e-06	2.46683e-06	3.50381e-06	4.91804e-06	6.82113e-06	9.34745e-06	1.2655e-05	1.69244e-05	2.23563e-05	2.91653e-05	3.75711e-05	4.77854e-05	5.99958e-05	7.43454e-05	9.091e-05	0.000109674	0.000130508	0.000153148	0.000177183	0.00020205	0.000227049	0.000251357	0.000274078	0.000294288	0.000311101	0.000323735	0.000331577	0.000334236	0.000331577	0.000323735	0.000311101	0.000294288	0.000274078	0.000251357	0.000227049	0.00020205	0.000177183	0.000153148	0.000130508	0.000109674	9.091e-05	7.43454e-05	5.99958e-05	4.77854e-05	3.75711e-05	2.91653e-05	2.23563e-05	1.69244e-05	1.2655e-05	9.34745e-06	6.82113e-06	4.91805e-06	3.50382e-06	2.46683e-06	1.71641e-06	1.18038e-06	8.02382e-07	5.39196e-07	3.58267e-07	2.3548e-07	1.53272e-07	9.90735e-08	6.40706e-08	4.2239e-08	2.96328e-08	2.38836e-08	2.38836e-08	
1.89776e-08	1.89776e-08	2.37763e-08	3.43578e-08	5.28399e-08	8.27839e-08	1.29693e-07	2.01734e-07	3.10724e-07	4.73449e-07	7.13346e-07	1.06263e-06	1.56483e-06	2.27786e-06	3.2774e-06	4.66062e-06	6.54992e-06	9.09643e-06	1.24828e-05	1.69244e-05	2.2669e-05	2.9993e-05	3.91938e-05	5.05786e-05	6.44465e-05	8.10668e-05	0.00010065	0.000123319	0.000149071	0.000177745	0.000208995	0.000242267	0.00027679	0.000311591	0.00034552	0.000377309	0.000405645	0.000429261	0.000447032	0.000458073	0.000461819	0.000458073	0.000447032	0.000429261	0.000405645	0.000377309	0.00034552	0.000311591	0.00027679	0.000242267	0.000208995	0.000177745	0.000149071	0.000123319	0.00010065	8.10668e-05	6.44465e-05	5.05786e-05	3.91938e-05	2.9993e-05	2.2669e-05	1.69244e-05	1.24828e-05	9.09643e-06	6.54992e-06	4.66062e-06	3.27741e-06	2.27788e-06	1.56486e-06	1.06268e-06	7.13449e-07	4.73632e-07	3.11047e-07	2.02296e-07	1.30663e-07	8.44361e-08	5.56236e-08	3.89954e-08	3.14144e-08	3.14144e-08	
2.46323e-08	2.46323e-08	3.0875e-08	4.46457e-08	6.871e-08	1.07724e-07	1.68887e-07	2.62896e-07	4.05252e-07	6.18001e-07	9.31977e-07	1.38963e-06	2.04844e-06	2.98504e-06	4.29981e-06	6.12194e-06	8.6147e-06	1.19803e-05	1.6464e-05	2.23563e-05	2.9993e-05	3.97505e-05	5.20373e-05	6.72781e-05	8.58918e-05	0.000108261	0.000134695	0.000165385	0.000200357	0.000239423	0.000282137	0.000327762	0.000375258	0.000423285	0.00047025	0.000514376	0.000553806	0.000586737	0.000611559	0.000627	0.000632241	0.000627	0.00061156	0.000586737	0.000553806	0.000514376	0.00047025	0.000423285	0.000375258	0.000327762	0.000282137	0.000239423	0.000200357	0.000165385	0.000134695	0.000108261	8.58918e-05	6.72781e-05	5.20373e-05	3.97505e-05	2.9993e-05	2.23563e-05	1.6464e-05	1.19803e-05	8.61471e-06	6.12195e-06	4.29982e-06	2.98506e-06	2.04848e-06	1.3897e-06	9.3211e-07	6.18238e-07	4.05671e-07	2.63625e-07	1.70144e-07	1.09866e-07	7.23219e-08	5.06661e-08	4.07965e-08	4.07965e-08	
3.15646e-08	3.15646e-08	3.95825e-08	5.72748e-08	8.82083e-08	1.38391e-07	2.17124e-07	3.3824e-07	5.21811e-07	7.96427e-07	1.20214e-06	1.79418e-06	2.64752e-06	3.86226e-06	5.5699e-06	7.94014e-06	1.1188e-05	1.55809e-05	2.14443e-05	2.91653e-05	3.91938e-05	5.20373e-05	6.82501e-05	8.8414e-05	0.00011311	0.000142876	0.000178162	0.000219265	0.000266263	0.000318949	0.000376764	0.000438748	0.00050351	0.000569234	0.000633727	0.000694517	0.000748996	0.000794609	0.000829058	0.000850516	0.000857804	0.000850516	0.000829058	0.000794609	0.000748997	0.000694517	0.000633727	0.000569234	0.00050351	0.000438749	0.000376764	0.000318949	0.000266263	0.000219265	0.000178162	0.000142876	0.00011311	8.8414e-05	6.82501e-05	5.20373e-05	3.91938e-05	2.91653e-05	2.14443e-05	1.55809e-05	1.11881e-05	7.94015e-06	5.56991e-06	3.86229e-06	2.64757e-06	1.79428e-06	1.20231e-06	7.9673e-07	5.22346e-07	3.39172e-07	2.18732e-07	1.41134e-07	9.28351e-08	6.49909e-08	5.23055e-08	5.23055e-08	
3.99297e-08	3.99297e-08	5.00956e-08	7.25348e-08	1.11788e-07	1.75509e-07	2.75558e-07	4.29596e-07	6.63281e-07	1.01321e-06	1.53076e-06	2.28687e-06	3.37804e-06	4.93346e-06	7.12318e-06	1.01673e-05	1.43457e-05	2.00075e-05	2.75792e-05	3.75711e-05	5.05786e-05	6.72781e-05	8.8414e-05	0.000114775	0.000147158	0.000186316	0.000232893	0.000287343	0.000349839	0.000420175	0.000497674	0.000581107	0.000668644	0.000757849	0.000845736	0.00092889	0.00100367	0.00106646	0.001114	0.00114366	0.00115374	0.00114366	0.001114	0.00106646	0.00100367	0.000928891	0.000845736	0.000757849	0.000668644	0.000581107	0.000497674	0.000420175	0.000349839	0.000287343	0.000232893	0.000186316	0.000147158	0.000114775	8.8414e-05	6.72781e-05	5.05786e-05	3.75711e-05	2.75792e-05	2.00075e-05	1.43457e-05	1.01673e-05	7.1232e-06	4.93349e-06	3.37811e-06	2.28698e-06	1.53097e-06	1.0136e-06	6.63956e-07	4.30773e-07	2.77591e-07	1.78976e-07	1.17639e-07	8.22975e-08	6.62021e-08	6.62021e-08	
4.98612e-08	4.98612e-08	6.25839e-08	9.06763e-08	1.39844e-07	2.1971e-07	3.45205e-07	5.38581e-07	8.32217e-07	1.27236e-06	1.92404e-06	2.87722e-06	4.25455e-06	6.22054e-06	8.99238e-06	1.2852e-05	1.81588e-05	2.53631e-05	3.50173e-05	4.77854e-05	6.44466e-05	8.58918e-05	0.00011311	0.000147158	0.000189119	0.000240035	0.000300821	0.000372163	0.000454388	0.000547335	0.000650214	0.000761491	0.000878801	0.000998919	0.00111782	0.00123081	0.00133284	0.00141882	0.00148409	0.0015249	0.00153879	0.0015249	0.00148409	0.00141882	0.00133284	0.00123081	0.00111782	0.000998919	0.000878801	0.000761491	0.000650214	0.000547335	0.000454388	0.000372163	0.000300821	0.000240035	0.000189119	0.000147158	0.00011311	8.58918e-05	6.44466e-05	4.77854e-05	3.50173e-05	2.53631e-05	1.81588e-05	1.2852e-05	8.99241e-06	6.22059e-06	4.25463e-06	2.87737e-06	1.9243e-06	1.27284e-06	8.33058e-07	5.40049e-07	3.47739e-07	2.24037e-07	1.47147e-07	1.02869e-07	8.27109e-08	8.27109e-08	
6.14567e-08	6.14567e-08	7.71725e-08	1.11885e-07	1.7267e-07	2.71472e-07	4.26835e-07	6.66436e-07	1.0306e-06	1.577e-06	2.38688e-06	3.57286e-06	5.28875e-06	7.74139e-06	1.12045e-05	1.60346e-05	2.26875e-05	3.17366e-05	4.38882e-05	5.99959e-05	8.10668e-05	0.000108261	0.000142876	0.000186316	0.000240035	0.00030546	0.000383881	0.000476315	0.000583339	0.000704906	0.000840153	0.00098722	0.00114311	0.00130361	0.00146335	0.00161596	0.00175443	0.00187162	0.0019609	0.00201685	0.00203592	0.00201685	0.0019609	0.00187162	0.00175443	0.00161596	0.00146335	0.00130361	0.00114311	0.00098722	0.000840153	0.000704906	0.000583339	0.000476315	0.000383881	0.00030546	0.000240035	0.000186316	0.000142876	0.000108261	8.10668e-05	5.99958e-05	4.38882e-05	3.17366e-05	2.26875e-05	1.60346e-05	1.12046e-05	7.74145e-06	5.28885e-06	3.57304e-06	2.38721e-06	1.57759e-06	1.03163e-06	6.68243e-07	4.29955e-07	2.768e-07	1.81669e-07	1.26916e-07	1.01998e-07	1.01998e-07	
7.47627e-08	7.47627e-08	9.3922e-08	1.36254e-07	2.10418e-07	3.31043e-07	5.20863e-07	8.13845e-07	1.25954e-06	1.92895e-06	2.92221e-06	4.37844e-06	6.48801e-06	9.50755e-06	1.37776e-05	1.97428e-05	2.79741e-05	3.91918e-05	5.4288e-05	7.43455e-05	0.000100651	0.000134695	0.000178162	0.000232893	0.000300821	0.000383881	0.00048387	0.000602276	0.00074006	0.000897412	0.00107347	0.00126607	0.00147151	0.00168437	0.00189759	0.00210256	0.00228963	0.00244879	0.00257057	0.00264712	0.00267325	0.00264712	0.00257057	0.00244879	0.00228964	0.00210256	0.00189759	0.00168438	0.00147151	0.00126607	0.00107347	0.000897412	0.00074006	0.000602276	0.00048387	0.000383881	0.000300821	0.000232893	0.000178162	0.000134695	0.000100651	7.43454e-05	5.4288e-05	3.91918e-05	2.79741e-05	1.97428e-05	1.37776e-05	9.50762e-06	6.48813e-06	4.37866e-06	2.92261e-06	1.92966e-06	1.2608e-06	8.16039e-07	5.24654e-07	3.3752e-07	2.21363e-07	1.54542e-07	1.24143e-07	1.24143e-07	
8.97595e-08	8.97595e-08	1.1281e-07	1.63755e-07	2.53051e-07	3.98378e-07	6.27235e-07	9.80755e-07	1.51903e-06	2.32827e-06	3.53028e-06	5.2946e-06	7.85373e-06	1.15218e-05	1.67167e-05	2.3986e-05	3.40348e-05	4.77567e-05	6.6263e-05	9.09101e-05	0.000123319	0.000165385	0.000219265	0.000287343	0.000372163	0.000476315	0.000602276	0.000752191	0.000927602	0.00112912	0.00135603	0.00160596	0.00187444	0.00215471	0.00243756	0.0027115	0.0029633	0.00317892	0.00334479	0.00344948	0.00348529	0.00344948	0.00334479	0.00317892	0.00296331	0.0027115	0.00243756	0.00215472	0.00187445	0.00160596	0.00135603	0.00112912	0.000927602	0.000752191	0.000602276	0.000476315	0.000372163	0.000287343	0.000219265	0.000165385	0.000123319	9.09101e-05	6.6263e-05	4.77567e-05	3.40348e-05	2.3986e-05	1.67168e-05	1.15219e-05	7.85387e-06	5.29486e-06	3.53076e-06	2.32912e-06	1.52053e-06	9.83385e-07	6.3178e-07	4.06148e-07	2.66187e-07	1.85715e-07	1.49116e-07	1.49116e-07	
1.06348e-07	1.06348e-07	1.33712e-07	1.94211e-07	3.00302e-07	4.73066e-07	7.45319e-07	1.16621e-06	1.80761e-06	2.77281e-06	4.20799e-06	6.31693e-06	9.37974e-06	1.37757e-05	2.00109e-05	2.875e-05	4.08526e-05	5.74117e-05	7.97935e-05	0.000109674	0.000149071	0.000200357	0.000266263	0.000349839	0.000454389	0.00058334	0.000740061	0.000927603	0.00114835	0.00140361	0.0016931	0.00201439	0.00236236	0.00272874	0.00310178	0.0034663	0.00380428	0.00409602	0.00432201	0.0044654	0.00451459	0.00446541	0.00432202	0.00409602	0.00380428	0.0034663	0.00310178	0.00272874	0.00236236	0.00201439	0.0016931	0.00140361	0.00114835	0.000927602	0.000740061	0.000583339	0.000454388	0.000349839	0.000266263	0.000200357	0.000149071	0.000109674	7.97935e-05	5.74117e-05	4.08526e-05	2.875e-05	2.00109e-05	1.37758e-05	9.37991e-06	6.31724e-06	4.20855e-06	2.77382e-06	1.80939e-06	1.16932e-06	7.50699e-07	4.82265e-07	3.1586e-07	2.20233e-07	1.76755e-07	1.76755e-07	
1.24336e-07	1.24336e-07	1.5639e-07	2.27277e-07	3.51642e-07	5.54278e-07	8.73823e-07	1.3682e-06	2.12221e-06	3.25793e-06	4.94835e-06	7.43512e-06	1.1051e-05	1.62477e-05	2.36295e-05	3.39924e-05	4.83693e-05	6.80791e-05	9.47777e-05	0.000130508	0.000177745	0.000239423	0.000318949	0.000420176	0.000547335	0.000704907	0.000897413	0.00112912	0.00140361	0.0017233	0.0020887	0.00249775	0.00294492	0.00342044	0.00390967	0.00439288	0.00484569	0.00524049	0.00554906	0.00574621	0.00581412	0.00574622	0.00554907	0.0052405	0.00484569	0.00439288	0.00390967	0.00342044	0.00294492	0.00249775	0.0020887	0.0017233	0.00140361	0.00112912	0.000897412	0.000704906	0.000547335	0.000420176	0.000318949	0.000239423	0.000177745	0.000130508	9.47777e-05	6.8079e-05	4.83693e-05	3.39924e-05	2.36295e-05	1.62478e-05	1.10512e-05	7.43548e-06	4.94901e-06	3.25911e-06	2.12429e-06	1.37183e-06	8.80106e-07	5.65026e-07	3.69826e-07	2.57705e-07	2.06745e-07	2.06745e-07	
1.43439e-07	1.43439e-07	1.80483e-07	2.6243e-07	4.0626e-07	6.40739e-07	1.01074e-06	1.58358e-06	2.45798e-06	3.77618e-06	5.7401e-06	8.6323e-06	1.28426e-05	1.89015e-05	2.75201e-05	3.96385e-05	5.64802e-05	7.96139e-05	0.000111018	0.000153148	0.000208995	0.000282137	0.000376765	0.000497675	0.000650215	0.000840154	0.00107347	0.00135603	0.0016931	0.0020887	0.00254482	0.00306034	0.00362987	0.0042425	0.00488056	0.00551891	0.00612492	0.00666	0.00708301	0.00735578	0.00745027	0.00735578	0.00708302	0.00666001	0.00612493	0.00551892	0.00488057	0.0042425	0.00362987	0.00306034	0.00254482	0.0020887	0.0016931	0.00135603	0.00107347	0.000840153	0.000650214	0.000497675	0.000376764	0.000282137	0.000208995	0.000153148	0.000111018	7.96139e-05	5.64802e-05	3.96385e-05	2.75202e-05	1.89016e-05	1.28429e-05	8.63272e-06	5.74086e-06	3.77753e-06	2.46037e-06	1.58776e-06	1.01798e-06	6.5313e-07	4.27232e-07	2.97537e-07	2.38607e-07	2.38607e-07	
1.6327e-07	1.6327e-07	2.05507e-07	2.98963e-07	4.6306e-07	7.30717e-07	1.15332e-06	1.80806e-06	2.80822e-06	4.31727e-06	6.5676e-06	9.88492e-06	1.47195e-05	2.16853e-05	3.16075e-05	4.55799e-05	6.50312e-05	9.17997e-05	0.000128215	0.000177183	0.000242267	0.000327763	0.000438749	0.000581108	0.000761492	0.000987221	0.00126608	0.00160596	0.00201439	0.00249776	0.00306034	0.00370298	0.00442145	0.00520452	0.00603189	0.00687237	0.0076829	0.00840962	0.00899224	0.00937231	0.00950496	0.00937232	0.00899225	0.00840964	0.00768291	0.00687238	0.0060319	0.00520452	0.00442145	0.00370298	0.00306033	0.00249775	0.00201439	0.00160596	0.00126607	0.00098722	0.000761491	0.000581107	0.000438749	0.000327763	0.000242267	0.000177183	0.000128215	9.17996e-05	6.50312e-05	4.558e-05	3.16076e-05	2.16854e-05	1.47198e-05	9.8854e-06	6.56846e-06	4.31881e-06	2.81094e-06	1.81282e-06	1.16156e-06	7.44813e-07	4.86925e-07	3.38929e-07	2.71701e-07	2.71701e-07	
1.83356e-07	1.83356e-07	2.30862e-07	3.36002e-07	5.20682e-07	8.22056e-07	1.29816e-06	2.03625e-06	3.16454e-06	4.86823e-06	7.41099e-06	1.11629e-05	1.66367e-05	2.45325e-05	3.5794e-05	5.16751e-05	7.3819e-05	0.000104348	0.000145963	0.000202051	0.000276791	0.000375258	0.000503511	0.000668645	0.000878802	0.00114311	0.00147151	0.00187445	0.00236237	0.00294493	0.00362987	0.00442145	0.00531824	0.0063104	0.00737621	0.00847835	0.00956074	0.0105481	0.0113518	0.0118824	0.0120692	0.0118825	0.0113518	0.0105482	0.00956077	0.00847838	0.00737622	0.0063104	0.00531824	0.00442145	0.00362987	0.00294492	0.00236236	0.00187444	0.00147151	0.00114311	0.0008788	0.000668643	0.00050351	0.000375258	0.00027679	0.00020205	0.000145963	0.000104348	7.3819e-05	5.16751e-05	3.5794e-05	2.45326e-05	1.6637e-05	1.11635e-05	7.41195e-06	4.86996e-06	3.16759e-06	2.04159e-06	1.3074e-06	8.37877e-07	5.47477e-07	3.80889e-07	3.05236e-07	3.05236e-07	
2.03147e-07	2.03147e-07	2.55854e-07	3.72529e-07	5.77542e-07	9.1224e-07	1.44126e-06	2.26186e-06	3.51707e-06	5.41377e-06	8.24681e-06	1.24307e-05	1.85406e-05	2.73633e-05	3.9962e-05	5.77526e-05	8.25961e-05	0.000116905	0.000163761	0.000227049	0.000311591	0.000423285	0.000569234	0.00075785	0.00099892	0.00130361	0.00168438	0.00215472	0.00272875	0.00342045	0.0042425	0.00520453	0.00631041	0.00755448	0.00891605	0.0103521	0.0117894	0.0131217	0.0142185	0.0149482	0.0152063	0.0149482	0.0142185	0.0131217	0.0117895	0.0103521	0.00891607	0.00755448	0.0063104	0.00520452	0.00424249	0.00342043	0.00272874	0.00215471	0.00168437	0.00130361	0.000998917	0.000757848	0.000569233	0.000423284	0.00031159	0.000227049	0.000163761	0.000116905	8.2596e-05	5.77526e-05	3.99621e-05	2.73635e-05	1.85409e-05	1.24313e-05	8.24787e-06	5.41567e-06	3.52044e-06	2.26776e-06	1.45149e-06	9.29759e-07	6.07222e-07	4.22267e-07	3.38292e-07	3.38292e-07	
2.22041e-07	2.22041e-07	2.7972e-07	4.07429e-07	6.31896e-07	9.98495e-07	1.5782e-06	2.47788e-06	3.85486e-06	5.93687e-06	9.04891e-06	1.36485e-05	2.03711e-05	3.00881e-05	4.39788e-05	6.36176e-05	9.10796e-05	0.000129063	0.000181028	0.000251357	0.000345519	0.00047025	0.000633726	0.000845736	0.00111781	0.00146335	0.00189759	0.00243756	0.00310178	0.00390967	0.00488057	0.00603191	0.00737623	0.00891607	0.010635	0.0124837	0.0143631	0.016119	0.0175647	0.0185229	0.0188608	0.0185229	0.0175648	0.016119	0.0143631	0.0124838	0.0106351	0.00891607	0.00737621	0.00603188	0.00488055	0.00390965	0.00310176	0.00243755	0.00189758	0.00146334	0.00111781	0.000845733	0.000633725	0.000470249	0.000345519	0.000251357	0.000181028	0.000129063	9.10795e-05	6.36176e-05	4.39788e-05	3.00883e-05	2.03714e-05	1.36491e-05	9.05007e-06	5.93895e-06	3.85854e-06	2.48433e-06	1.58937e-06	1.01764e-06	6.6433e-07	4.61797e-07	3.6986e-07	3.6986e-07	
2.39411e-07	2.39411e-07	3.01669e-07	4.39538e-07	6.81925e-07	1.07793e-06	1.70437e-06	2.67702e-06	4.16642e-06	6.41968e-06	9.78974e-06	1.47741e-05	2.20646e-05	3.26115e-05	4.77027e-05	6.90618e-05	9.89654e-05	0.000140382	0.000197134	0.000274078	0.000377308	0.000514375	0.000694515	0.000928888	0.00123081	0.00161595	0.00210255	0.00271149	0.00346629	0.00439287	0.00551891	0.00687239	0.00847839	0.0103521	0.0124838	0.0148113	0.017191	0.0193996	0.0211901	0.0223569	0.0227636	0.0223569	0.0211902	0.0193997	0.0171911	0.0148114	0.0124838	0.0103521	0.00847835	0.00687234	0.00551887	0.00439283	0.00346626	0.00271147	0.00210254	0.00161594	0.0012308	0.000928884	0.000694513	0.000514374	0.000377307	0.000274078	0.000197134	0.000140382	9.89654e-05	6.90618e-05	4.77028e-05	3.26116e-05	2.20649e-05	1.47747e-05	9.79099e-06	6.42192e-06	4.17039e-06	2.68397e-06	1.71641e-06	1.09855e-06	7.16891e-07	4.98163e-07	3.98893e-07	3.98893e-07	
2.54642e-07	2.54642e-07	3.20919e-07	4.67709e-07	7.25836e-07	1.14767e-06	1.8152e-06	2.85203e-06	4.44037e-06	6.84442e-06	1.04419e-05	1.57656e-05	2.35575e-05	3.48378e-05	5.09915e-05	7.3875e-05	0.000105946	0.000150416	0.000211434	0.000294288	0.000405644	0.000553804	0.000748993	0.00100366	0.00133283	0.00175441	0.00228962	0.00296328	0.00380425	0.00484565	0.0061249	0.00768289	0.00956078	0.0117895	0.0143632	0.0171911	0.0200593	0.0226662	0.0247265	0.0260396	0.0264911	0.0260397	0.0247266	0.0226663	0.0200593	0.0171911	0.0143632	0.0117894	0.00956068	0.00768279	0.00612482	0.00484559	0.00380421	0.00296325	0.0022896	0.0017544	0.00133282	0.00100366	0.00074899	0.000553802	0.000405643	0.000294287	0.000211433	0.000150416	0.000105946	7.3875e-05	5.09916e-05	3.4838e-05	2.35579e-05	1.57663e-05	1.04432e-05	6.8468e-06	4.44458e-06	2.85941e-06	1.828e-06	1.1696e-06	7.63021e-07	5.30067e-07	4.24357e-07	4.24357e-07	
2.67163e-07	2.67163e-07	3.36747e-07	4.90879e-07	7.61964e-07	1.20507e-06	1.90644e-06	2.99617e-06	4.66609e-06	7.19455e-06	1.09797e-05	1.65838e-05	2.47902e-05	3.66774e-05	5.37112e-05	7.78589e-05	0.000111729	0.000158739	0.000223311	0.0003111	0.000429258	0.000586733	0.000794603	0.00106645	0.0014188	0.00187159	0.00244875	0.00317886	0.00409595	0.00524041	0.00665991	0.00840955	0.0105481	0.0131218	0.0161192	0.0193999	0.0226663	0.0255589	0.0277894	0.0291849	0.0296594	0.029185	0.0277895	0.0255591	0.0226664	0.0193998	0.016119	0.0131215	0.0105479	0.00840936	0.00665977	0.00524031	0.00409588	0.00317882	0.00244872	0.00187157	0.00141879	0.00106645	0.000794599	0.000586731	0.000429257	0.000311099	0.000223311	0.000158739	0.000111729	7.78589e-05	5.37112e-05	3.66776e-05	2.47906e-05	1.65845e-05	1.09811e-05	7.19705e-06	4.67051e-06	3.00391e-06	1.91987e-06	1.22808e-06	8.00973e-07	5.56307e-07	4.45295e-07	4.45295e-07	
2.76487e-07	2.76487e-07	3.48535e-07	5.08139e-07	7.88882e-07	1.24785e-06	1.97446e-06	3.10365e-06	4.83445e-06	7.4558e-06	1.13812e-05	1.71948e-05	2.57112e-05	3.80526e-05	5.57454e-05	8.08408e-05	0.000116062	0.00016498	0.000232225	0.000323733	0.000447028	0.000611553	0.000829047	0.00111398	0.00148406	0.00196085	0.0025705	0.00334469	0.00432187	0.00554888	0.00708278	0.008992	0.0113516	0.0142184	0.0175648	0.0211902	0.0247264	0.0277892	0.0301096	0.031544	0.0320284	0.0315441	0.0301097	0.0277893	0.0247264	0.02119	0.0175644	0.0142179	0.0113512	0.00899168	0.00708256	0.00554873	0.00432178	0.00334463	0.00257046	0.00196083	0.00148405	0.00111397	0.000829043	0.00061155	0.000447026	0.000323732	0.000232225	0.00016498	0.000116062	8.08408e-05	5.57455e-05	3.80528e-05	2.57116e-05	1.71956e-05	1.13827e-05	7.45839e-06	4.83903e-06	3.11166e-06	1.98835e-06	1.27165e-06	8.2925e-07	5.75852e-07	4.60889e-07	4.60889e-07	
2.82238e-07	2.82238e-07	3.55808e-07	5.18789e-07	8.05494e-07	1.27425e-06	2.01646e-06	3.17001e-06	4.93843e-06	7.61719e-06	1.16293e-05	1.75724e-05	2.62806e-05	3.89031e-05	5.70041e-05	8.26867e-05	0.000118745	0.000168847	0.000237754	0.000331574	0.000458068	0.00062699	0.0008505	0.00114363	0.00152486	0.00201678	0.00264702	0.00344932	0.00446516	0.00574587	0.00735531	0.00937172	0.0118818	0.0149475	0.0185222	0.0223561	0.0260386	0.0291835	0.0315426	0.032992	0.0334799	0.0329921	0.0315428	0.0291836	0.0260385	0.0223557	0.0185215	0.0149467	0.0118811	0.00937125	0.007355	0.00574567	0.00446504	0.00344924	0.00264697	0.00201675	0.00152484	0.00114362	0.000850494	0.000626987	0.000458066	0.000331573	0.000237753	0.000168847	0.000118745	8.26867e-05	5.70042e-05	3.89033e-05	2.62811e-05	1.75732e-05	1.16307e-05	7.61982e-06	4.9431e-06	3.17819e-06	2.03063e-06	1.29855e-06	8.467e-07	5.87912e-07	4.7051e-07	4.7051e-07	
2.84182e-07	2.84182e-07	3.58266e-07	5.22389e-07	8.1111e-07	1.28318e-06	2.03065e-06	3.19245e-06	4.9736e-06	7.67177e-06	1.17132e-05	1.77002e-05	2.64733e-05	3.91909e-05	5.74301e-05	8.33117e-05	0.000119654	0.000170157	0.000239627	0.000334232	0.000461811	0.000632227	0.000857781	0.0011537	0.00153872	0.00203581	0.00267309	0.00348504	0.0045142	0.00581354	0.00744943	0.00950379	0.0120676	0.0152043	0.0188584	0.0227607	0.0264875	0.0296549	0.0320234	0.0334758	0.0339642	0.0334759	0.0320235	0.029655	0.0264873	0.0227601	0.0188574	0.0152033	0.0120668	0.00950318	0.00744903	0.0058133	0.00451406	0.00348495	0.00267304	0.00203578	0.00153871	0.00115369	0.000857776	0.000632224	0.000461809	0.000334231	0.000239626	0.000170157	0.000119654	8.33116e-05	5.74302e-05	3.91912e-05	2.64737e-05	1.7701e-05	1.17147e-05	7.67443e-06	4.9783e-06	3.20069e-06	2.04492e-06	1.30764e-06	8.52599e-07	5.91989e-07	4.73762e-07	4.73762e-07	
2.82238e-07	2.82238e-07	3.55808e-07	5.18789e-07	8.05494e-07	1.27425e-06	2.01646e-06	3.17001e-06	4.93843e-06	7.61718e-06	1.16293e-05	1.75724e-05	2.62806e-05	3.8903e-05	5.7004e-05	8.26865e-05	0.000118745	0.000168846	0.000237752	0.000331571	0.000458063	0.000626982	0.000850486	0.00114361	0.00152481	0.00201671	0.0026469	0.00344912	0.00446483	0.00574533	0.00735444	0.00937031	0.0118796	0.0149442	0.0185175	0.02235	0.026031	0.0291741	0.0315313	0.032979	0.0334662	0.0329791	0.0315314	0.0291742	0.0260307	0.0223493	0.0185165	0.0149431	0.0118787	0.00936968	0.00735402	0.00574508	0.00446468	0.00344903	0.00264684	0.00201668	0.0015248	0.0011436	0.00085048	0.000626979	0.000458061	0.00033157	0.000237751	0.000168846	0.000118744	8.26864e-05	5.7004e-05	3.89033e-05	2.6281e-05	1.75732e-05	1.16307e-05	7.61982e-06	4.9431e-06	3.17819e-06	2.03063e-06	1.29855e-06	8.46699e-07	5.87912e-07	4.7051e-07	4.7051e-07	
