3.61461e-109	3.61461e-109	2.85076e-107	2.21236e-105	1.66784e-103	1.22041e-101	8.66021e-100	5.9543e-98	3.96268e-96	2.55009e-94	1.58507e-92	9.50514e-91	5.49208e-89	3.05348e-87	1.63117e-85	8.35926e-84	4.10261e-82	1.92475e-80	8.61466e-79	3.67024e-77	1.4849e-75	5.68973e-74	2.05875e-72	7.01154e-71	2.23943e-69	6.68033e-68	1.8526e-66	4.75125e-65	1.12011e-63	2.41065e-62	4.69834e-61	8.21548e-60	1.27485e-58	1.7333e-57	2.03431e-56	2.02597e-55	1.67874e-54	1.13062e-53	5.98223e-53	2.31238e-52	5.27194e-52	2.31238e-52	5.98223e-53	1.13062e-53	1.67874e-54	2.02597e-55	2.03431e-56	1.7333e-57	1.27485e-58	8.21548e-60	4.69834e-61	2.41065e-62	1.12011e-63	4.75125e-65	1.8526e-66	6.68033e-68	2.23943e-69	7.01154e-71	2.05875e-72	5.68973e-74	1.4849e-75	3.67024e-77	8.61466e-79	1.92475e-80	4.10261e-82	8.35926e-84	1.63117e-85	3.05348e-87	5.49208e-89	9.50514e-91	1.58507e-92	2.55009e-94	3.96269e-96	5.95431e-98	8.66022e-100	1.22041e-101	1.66784e-103	2.21236e-105	2.88646e-107	2.88646e-107	
3.61461e-109	3.61461e-109	2.85076e-107	2.21236e-105	1.66784e-103	1.22041e-101	8.66021e-100	5.9543e-98	3.96268e-96	2.55009e-94	1.58507e-92	9.50514e-91	5.49208e-89	3.05348e-87	1.63117e-85	8.35926e-84	4.10261e-82	1.92475e-80	8.61466e-79	3.67024e-77	1.4849e-75	5.68973e-74	2.05875e-72	7.01154e-71	2.23943e-69	6.68033e-68	1.8526e-66	4.75125e-65	1.12011e-63	2.41065e-62	4.69834e-61	8.21548e-60	1.27485e-58	1.7333e-57	2.03431e-56	2.02597e-55	1.67874e-54	1.13062e-53	5.98223e-53	2.31238e-52	5.27194e-52	2.31238e-52	5.98223e-53	1.13062e-53	1.67874e-54	2.02597e-55	2.03431e-56	1.7333e-57	1.27485e-58	8.21548e-60	4.69834e-61	2.41065e-62	1.12011e-63	4.75125e-65	1.8526e-66	6.68033e-68	2.23943e-69	7.01154e-71	2.05875e-72	5.68973e-74	1.4849e-75	3.67024e-77	8.61466e-79	1.92475e-80	4.10261e-82	8.35926e-84	1.63117e-85	3.05348e-87	5.49208e-89	9.50514e-91	1.58507e-92	2.55009e-94	3.96269e-96	5.95431e-98	8.66022e-100	1.22041e-101	1.66784e-103	2.21236e-105	2.88646e-107	2.88646e-107	
2.85076e-107	2.85076e-107	2.24619e-105	1.74153e-103	1.31164e-101	9.58844e-100	6.79754e-98	4.66907e-96	3.10428e-94	1.99569e-92	1.23923e-90	7.42368e-89	4.285e-87	2.37989e-85	1.27e-83	6.50138e-82	3.18732e-80	1.49369e-78	6.67779e-77	2.84177e-75	1.14837e-73	4.39493e-72	1.58827e-70	5.40231e-69	1.72317e-67	5.13321e-66	1.4215e-64	3.64006e-63	8.56754e-62	1.84064e-60	3.58053e-59	6.24761e-58	9.67154e-57	1.31131e-55	1.53401e-54	1.52176e-53	1.25511e-52	8.40855e-52	4.42553e-51	1.70372e-50	3.87832e-50	1.70372e-50	4.42553e-51	8.40855e-52	1.25511e-52	1.52176e-53	1.53401e-54	1.31131e-55	9.67154e-57	6.24761e-58	3.58053e-59	1.84064e-60	8.56754e-62	3.64006e-63	1.4215e-64	5.13321e-66	1.72317e-67	5.40231e-69	1.58827e-70	4.39493e-72	1.14837e-73	2.84177e-75	6.67779e-77	1.49369e-78	3.18732e-80	6.50138e-82	1.27e-83	2.37989e-85	4.285e-87	7.42368e-89	1.23923e-90	1.99569e-92	3.10428e-94	4.66907e-96	6.79754e-98	9.58845e-100	1.31164e-101	1.74153e-103	2.27435e-105	2.27435e-105	
2.21236e-105	2.21236e-105	1.74153e-103	1.34898e-101	1.01503e-99	7.41304e-98	5.25027e-96	3.60277e-94	2.39299e-92	1.53689e-90	9.53377e-89	5.70549e-87	3.28987e-85	1.82529e-83	9.7302e-82	4.97577e-80	2.43673e-78	1.14067e-76	5.09384e-75	2.16522e-73	8.73942e-72	3.34064e-70	1.20577e-68	4.09601e-67	1.30477e-65	3.88143e-64	1.07329e-62	2.74421e-61	6.44845e-60	1.38294e-58	2.68502e-57	4.67506e-56	7.21969e-55	9.76143e-54	1.13816e-52	1.12461e-51	9.23187e-51	6.15159e-50	3.22006e-49	1.23446e-48	2.8057e-48	1.23446e-48	3.22006e-49	6.15159e-50	9.23187e-51	1.12461e-51	1.13816e-52	9.76143e-54	7.21969e-55	4.67506e-56	2.68502e-57	1.38294e-58	6.44845e-60	2.74421e-61	1.07329e-62	3.88143e-64	1.30477e-65	4.09601e-67	1.20577e-68	3.34064e-70	8.73942e-72	2.16522e-73	5.09384e-75	1.14068e-76	2.43673e-78	4.97577e-80	9.7302e-82	1.82529e-83	3.28987e-85	5.70549e-87	9.53378e-89	1.53689e-90	2.39299e-92	3.60278e-94	5.25027e-96	7.41304e-98	1.01503e-99	1.34899e-101	1.76338e-103	1.76338e-103	
1.66784e-103	1.66784e-103	1.31164e-101	1.01503e-99	7.63023e-98	5.56719e-96	3.93912e-94	2.7004e-92	1.79185e-90	1.14966e-88	7.12445e-87	4.25927e-85	2.45341e-83	1.35978e-81	7.24093e-80	3.69882e-78	1.8094e-76	8.4606e-75	3.77389e-73	1.60228e-71	6.45954e-70	2.46613e-68	8.89003e-67	3.01603e-65	9.5945e-64	2.85017e-62	7.8697e-61	2.009e-59	4.713e-58	1.00895e-56	1.95508e-55	3.39671e-54	5.23263e-53	7.05464e-52	8.1978e-51	8.06749e-50	6.59045e-49	4.36705e-48	2.27299e-47	8.67578e-47	1.96863e-46	8.67578e-47	2.27299e-47	4.36705e-48	6.59045e-49	8.06749e-50	8.1978e-51	7.05464e-52	5.23263e-53	3.39671e-54	1.95508e-55	1.00895e-56	4.713e-58	2.009e-59	7.8697e-61	2.85017e-62	9.5945e-64	3.01603e-65	8.89003e-67	2.46613e-68	6.45954e-70	1.60228e-71	3.77389e-73	8.4606e-75	1.8094e-76	3.69882e-78	7.24093e-80	1.35978e-81	2.45341e-83	4.25927e-85	7.12445e-87	1.14966e-88	1.79185e-90	2.7004e-92	3.93912e-94	5.56719e-96	7.63024e-98	1.01503e-99	1.32812e-101	1.32812e-101	
1.22041e-101	1.22041e-101	9.58844e-100	7.41304e-98	5.56719e-96	4.058e-94	2.86846e-92	1.96448e-90	1.30223e-88	8.34672e-87	5.16718e-85	3.08594e-83	1.7757e-81	9.83118e-80	5.22954e-78	2.66844e-76	1.3039e-74	6.09002e-73	2.71334e-71	1.15065e-69	4.63317e-68	1.76667e-66	6.36042e-65	2.15499e-63	6.84598e-62	2.03079e-60	5.59887e-59	1.42703e-57	3.34209e-56	7.14165e-55	1.38111e-53	2.3942e-52	3.679e-51	4.9456e-50	5.72719e-49	5.61276e-48	4.56224e-47	3.00565e-46	1.55516e-45	5.90871e-45	1.33848e-44	5.90871e-45	1.55516e-45	3.00565e-46	4.56224e-47	5.61276e-48	5.72719e-49	4.9456e-50	3.679e-51	2.3942e-52	1.38111e-53	7.14165e-55	3.34209e-56	1.42703e-57	5.59887e-59	2.03079e-60	6.84598e-62	2.15499e-63	6.36042e-65	1.76667e-66	4.63317e-68	1.15065e-69	2.71334e-71	6.09002e-73	1.3039e-74	2.66844e-76	5.22954e-78	9.83118e-80	1.7757e-81	3.08595e-83	5.16719e-85	8.34673e-87	1.30223e-88	1.96448e-90	2.86846e-92	4.058e-94	5.5672e-96	7.41307e-98	9.70901e-100	9.70901e-100	
8.66021e-100	8.66021e-100	6.79754e-98	5.25027e-96	3.93912e-94	2.86846e-92	2.02561e-90	1.38586e-88	9.17743e-87	5.87633e-85	3.63409e-83	2.16808e-81	1.24622e-79	6.89233e-78	3.66227e-76	1.86665e-74	9.11088e-73	4.25046e-71	1.89153e-69	8.0118e-68	3.22205e-66	1.22705e-64	4.41192e-63	1.49281e-61	4.73576e-60	1.40277e-58	3.86154e-57	9.82639e-56	2.29737e-54	4.9001e-53	9.45696e-52	1.63569e-50	2.50701e-49	3.3601e-48	3.87739e-47	3.78372e-46	3.0597e-45	2.0037e-44	1.03034e-43	3.89589e-43	8.80962e-43	3.89589e-43	1.03034e-43	2.0037e-44	3.0597e-45	3.78372e-46	3.87739e-47	3.3601e-48	2.50701e-49	1.63569e-50	9.45696e-52	4.9001e-53	2.29737e-54	9.82639e-56	3.86154e-57	1.40277e-58	4.73576e-60	1.49281e-61	4.41192e-63	1.22705e-64	3.22206e-66	8.0118e-68	1.89153e-69	4.25046e-71	9.11088e-73	1.86665e-74	3.66227e-76	6.89234e-78	1.24622e-79	2.16808e-81	3.63409e-83	5.87634e-85	9.17744e-87	1.38587e-88	2.02561e-90	2.86846e-92	3.93912e-94	5.25029e-96	6.8831e-98	6.8831e-98	
5.9543e-98	5.9543e-98	4.66907e-96	3.60277e-94	2.7004e-92	1.96448e-90	1.38586e-88	9.47212e-87	6.2662e-85	4.00813e-83	2.47615e-81	1.4757e-79	8.4733e-78	4.68113e-76	2.48459e-74	1.26497e-72	6.16709e-71	2.87376e-69	1.27735e-67	5.4038e-66	2.17051e-64	8.25529e-63	2.96433e-61	1.00163e-59	3.17306e-58	9.38497e-57	2.57948e-55	6.55317e-54	1.52942e-52	3.25595e-51	6.2708e-50	1.08211e-48	1.65419e-47	2.21034e-46	2.5414e-45	2.46914e-44	1.98606e-43	1.29252e-42	6.60347e-42	2.48428e-41	5.60723e-41	2.48428e-41	6.60347e-42	1.29252e-42	1.98606e-43	2.46914e-44	2.5414e-45	2.21034e-46	1.65419e-47	1.08211e-48	6.2708e-50	3.25595e-51	1.52942e-52	6.55317e-54	2.57948e-55	9.38497e-57	3.17306e-58	1.00163e-59	2.96433e-61	8.25529e-63	2.17051e-64	5.4038e-66	1.27735e-67	2.87376e-69	6.1671e-71	1.26497e-72	2.48459e-74	4.68113e-76	8.47331e-78	1.4757e-79	2.47615e-81	4.00813e-83	6.26621e-85	9.47214e-87	1.38587e-88	1.96449e-90	2.70041e-92	3.60279e-94	4.7279e-96	4.7279e-96	
3.96268e-96	3.96268e-96	3.10428e-94	2.39299e-92	1.79185e-90	1.30223e-88	9.17743e-87	6.2662e-85	4.14108e-83	2.64605e-81	1.63295e-79	9.72142e-78	5.57588e-76	3.07703e-74	1.63136e-72	8.29623e-71	4.03997e-69	1.88033e-67	8.34777e-66	3.52714e-64	1.41492e-62	5.37451e-61	1.9273e-59	6.50321e-58	2.05717e-56	6.07532e-55	1.66717e-53	4.22835e-52	9.85071e-51	2.09304e-49	4.02257e-48	6.9251e-47	1.05579e-45	1.40635e-44	1.61099e-43	1.55814e-42	1.24641e-41	8.05916e-41	4.08959e-40	1.53036e-39	3.44747e-39	1.53036e-39	4.08959e-40	8.05916e-41	1.24641e-41	1.55814e-42	1.61099e-43	1.40635e-44	1.05579e-45	6.9251e-47	4.02257e-48	2.09304e-49	9.85071e-51	4.22835e-52	1.66717e-53	6.07532e-55	2.05717e-56	6.50321e-58	1.9273e-59	5.37451e-61	1.41492e-62	3.52714e-64	8.34778e-66	1.88034e-67	4.03997e-69	8.29624e-71	1.63136e-72	3.07704e-74	5.57588e-76	9.72143e-78	1.63296e-79	2.64605e-81	4.14109e-83	6.26622e-85	9.17745e-87	1.30223e-88	1.79186e-90	2.393e-92	3.14343e-94	3.14343e-94	
2.55009e-94	2.55009e-94	1.99569e-92	1.53689e-90	1.14966e-88	8.34672e-87	5.87633e-85	4.00813e-83	2.64605e-81	1.68897e-79	1.0412e-77	6.19183e-76	3.54752e-74	1.9555e-72	1.03558e-70	5.26033e-69	2.55858e-67	1.18942e-65	5.27396e-64	2.22558e-62	8.91647e-61	3.38238e-59	1.21126e-57	4.08132e-56	1.28915e-54	3.80132e-53	1.04146e-51	2.63687e-50	6.13184e-49	1.3003e-47	2.4936e-46	4.28252e-45	6.51115e-44	8.64543e-43	9.86571e-42	9.49779e-41	7.55445e-40	4.85177e-39	2.44456e-38	9.09642e-38	2.04501e-37	9.09642e-38	2.44456e-38	4.85177e-39	7.55445e-40	9.49779e-41	9.86571e-42	8.64543e-43	6.51115e-44	4.28252e-45	2.4936e-46	1.3003e-47	6.13184e-49	2.63687e-50	1.04146e-51	3.80132e-53	1.28915e-54	4.08132e-56	1.21126e-57	3.38238e-59	8.91648e-61	2.22558e-62	5.27396e-64	1.18942e-65	2.55858e-67	5.26033e-69	1.03558e-70	1.95551e-72	3.54752e-74	6.19184e-76	1.0412e-77	1.68897e-79	2.64605e-81	4.00814e-83	5.87635e-85	8.34675e-87	1.14967e-88	1.5369e-90	2.02089e-92	2.02089e-92	
1.58507e-92	1.58507e-92	1.23923e-90	9.53377e-89	7.12445e-87	5.16718e-85	3.63409e-83	2.47615e-81	1.63295e-79	1.0412e-77	6.41174e-76	3.80875e-74	2.17974e-72	1.20018e-70	6.3485e-69	3.221e-67	1.56479e-65	7.26544e-64	3.21753e-62	1.35604e-60	5.42566e-59	2.05539e-57	7.35028e-56	2.47309e-54	7.79989e-53	2.29634e-51	6.28095e-50	1.58749e-48	3.68468e-47	7.79779e-46	1.49208e-44	2.55617e-43	3.87547e-42	5.12895e-41	5.82998e-40	5.58573e-39	4.41671e-38	2.8167e-37	1.40862e-36	5.21052e-36	1.1689e-35	5.21052e-36	1.40862e-36	2.8167e-37	4.41671e-38	5.58573e-39	5.82998e-40	5.12895e-41	3.87547e-42	2.55617e-43	1.49208e-44	7.79779e-46	3.68468e-47	1.58749e-48	6.28095e-50	2.29634e-51	7.79989e-53	2.47309e-54	7.35028e-56	2.05539e-57	5.42566e-59	1.35604e-60	3.21753e-62	7.26544e-64	1.56479e-65	3.221e-67	6.34851e-69	1.20018e-70	2.17974e-72	3.80876e-74	6.41175e-76	1.0412e-77	1.63296e-79	2.47616e-81	3.63411e-83	5.16721e-85	7.12449e-87	9.53386e-89	1.25489e-90	1.25489e-90	
9.50514e-91	9.50514e-91	7.42368e-89	5.70549e-87	4.25927e-85	3.08594e-83	2.16808e-81	1.4757e-79	9.72142e-78	6.19183e-76	3.80875e-74	2.25999e-72	1.29192e-70	7.10523e-69	3.754e-67	1.90237e-65	9.23069e-64	4.28055e-62	1.89325e-60	7.96878e-59	3.18413e-57	1.20457e-55	4.30154e-54	1.44517e-52	4.55092e-51	1.33767e-49	3.6526e-48	9.21528e-47	2.13483e-45	4.50852e-44	8.60726e-43	1.47082e-41	2.22351e-40	2.93277e-39	3.3202e-38	3.16541e-37	2.48768e-36	1.57488e-35	7.81416e-35	2.87231e-34	6.42903e-34	2.87231e-34	7.81416e-35	1.57488e-35	2.48768e-36	3.16541e-37	3.3202e-38	2.93277e-39	2.22351e-40	1.47082e-41	8.60726e-43	4.50852e-44	2.13483e-45	9.21528e-47	3.6526e-48	1.33767e-49	4.55092e-51	1.44517e-52	4.30154e-54	1.20457e-55	3.18413e-57	7.96878e-59	1.89325e-60	4.28055e-62	9.2307e-64	1.90237e-65	3.75401e-67	7.10524e-69	1.29192e-70	2.25999e-72	3.80877e-74	6.19185e-76	9.72146e-78	1.47571e-79	2.16809e-81	3.08596e-83	4.2593e-85	5.70555e-87	7.51763e-89	7.51763e-89	
5.49208e-89	5.49208e-89	4.285e-87	3.28987e-85	2.45341e-83	1.7757e-81	1.24622e-79	8.4733e-78	5.57588e-76	3.54752e-74	2.17974e-72	1.29192e-70	7.37676e-69	4.05229e-67	2.13845e-65	1.08237e-63	5.24535e-62	2.42935e-60	1.07309e-58	4.51068e-57	1.7999e-55	6.79953e-54	2.42458e-52	8.13344e-51	2.55724e-49	7.50421e-48	2.04553e-46	5.15126e-45	1.191e-43	2.5099e-42	4.7805e-41	8.1477e-40	1.22807e-38	1.61419e-37	1.81984e-36	1.72616e-35	1.348e-34	8.46857e-34	4.16716e-33	1.52153e-32	3.39748e-32	1.52153e-32	4.16716e-33	8.46857e-34	1.348e-34	1.72616e-35	1.81984e-36	1.61419e-37	1.22807e-38	8.1477e-40	4.7805e-41	2.5099e-42	1.191e-43	5.15126e-45	2.04553e-46	7.50421e-48	2.55724e-49	8.13344e-51	2.42458e-52	6.79953e-54	1.7999e-55	4.51069e-57	1.07309e-58	2.42935e-60	5.24536e-62	1.08237e-63	2.13846e-65	4.0523e-67	7.37678e-69	1.29192e-70	2.17975e-72	3.54753e-74	5.57591e-76	8.47336e-78	1.24623e-79	1.77571e-81	2.45344e-83	3.28991e-85	4.3393e-87	4.3393e-87	
3.05348e-87	3.05348e-87	2.37989e-85	1.82529e-83	1.35978e-81	9.83118e-80	6.89233e-78	4.68113e-76	3.07703e-74	1.9555e-72	1.20018e-70	7.10523e-69	4.05229e-67	2.2234e-65	1.1719e-63	5.92419e-62	2.86736e-60	1.32628e-58	5.8507e-57	2.45598e-55	9.78641e-54	3.69172e-52	1.31443e-50	4.40255e-49	1.38198e-47	4.04857e-46	1.10161e-44	2.76895e-43	6.38903e-42	1.34347e-40	2.55269e-39	4.33905e-38	6.52008e-37	8.53949e-36	9.58622e-35	9.04481e-34	7.01689e-33	4.37295e-32	2.13303e-31	7.73286e-31	1.72231e-30	7.73286e-31	2.13303e-31	4.37295e-32	7.01689e-33	9.04481e-34	9.58622e-35	8.53949e-36	6.52008e-37	4.33905e-38	2.55269e-39	1.34347e-40	6.38903e-42	2.76895e-43	1.10161e-44	4.04857e-46	1.38198e-47	4.40255e-49	1.31443e-50	3.69172e-52	9.78641e-54	2.45598e-55	5.8507e-57	1.32629e-58	2.86736e-60	5.9242e-62	1.1719e-63	2.22341e-65	4.0523e-67	7.10526e-69	1.20019e-70	1.95552e-72	3.07706e-74	4.68117e-76	6.8924e-78	9.83129e-80	1.3598e-81	1.82533e-83	2.41008e-85	2.41008e-85	
1.63117e-85	1.63117e-85	1.27e-83	9.7302e-82	7.24093e-80	5.22954e-78	3.66227e-76	2.48459e-74	1.63136e-72	1.03558e-70	6.3485e-69	3.754e-67	2.13845e-65	1.1719e-63	6.16919e-62	3.11472e-60	1.50561e-58	6.95496e-57	3.06393e-55	1.28438e-53	5.11059e-52	1.92502e-50	6.84356e-49	2.28854e-47	7.17193e-46	2.0974e-44	5.69658e-43	1.42908e-41	3.29057e-40	6.90372e-39	1.30851e-37	2.21805e-36	3.32244e-35	4.33545e-34	4.84532e-33	4.5467e-32	3.50317e-31	2.16487e-30	1.04622e-29	3.76407e-29	8.36085e-29	3.76407e-29	1.04622e-29	2.16487e-30	3.50317e-31	4.5467e-32	4.84532e-33	4.33545e-34	3.32244e-35	2.21805e-36	1.30851e-37	6.90372e-39	3.29057e-40	1.42908e-41	5.69658e-43	2.0974e-44	7.17193e-46	2.28854e-47	6.84356e-49	1.92502e-50	5.11059e-52	1.28438e-53	3.06393e-55	6.95497e-57	1.50561e-58	3.11472e-60	6.16921e-62	1.17191e-63	2.13846e-65	3.75403e-67	6.34855e-69	1.03559e-70	1.63138e-72	2.48462e-74	3.66232e-76	5.22962e-78	7.24106e-80	9.73041e-82	1.28614e-83	1.28614e-83	
8.35926e-84	8.35926e-84	6.50138e-82	4.97577e-80	3.69882e-78	2.66844e-76	1.86665e-74	1.26497e-72	8.29623e-71	5.26033e-69	3.221e-67	1.90237e-65	1.08237e-63	5.92419e-62	3.11472e-60	1.57054e-58	7.58179e-57	3.49759e-55	1.5387e-53	6.44094e-52	2.55912e-50	9.62495e-49	3.41636e-47	1.1406e-45	3.56838e-44	1.04169e-42	2.82393e-41	7.07008e-40	1.62445e-38	3.40022e-37	6.42819e-36	1.08653e-34	1.62222e-33	2.10877e-32	2.34597e-31	2.18891e-30	1.6745e-29	1.02568e-28	4.90821e-28	1.75153e-27	3.87926e-27	1.75153e-27	4.90821e-28	1.02568e-28	1.6745e-29	2.18891e-30	2.34597e-31	2.10877e-32	1.62222e-33	1.08653e-34	6.42819e-36	3.40022e-37	1.62445e-38	7.07008e-40	2.82393e-41	1.04169e-42	3.56838e-44	1.1406e-45	3.41636e-47	9.62495e-49	2.55912e-50	6.44095e-52	1.5387e-53	3.4976e-55	7.58181e-57	1.57055e-58	3.11473e-60	5.92422e-62	1.08237e-63	1.90239e-65	3.22103e-67	5.26039e-69	8.29635e-71	1.26499e-72	1.86668e-74	2.66849e-76	3.69891e-78	4.97591e-80	6.58413e-82	6.58413e-82	
4.10261e-82	4.10261e-82	3.18732e-80	2.43673e-78	1.8094e-76	1.3039e-74	9.11088e-73	6.16709e-71	4.03997e-69	2.55858e-67	1.56479e-65	9.23069e-64	5.24535e-62	2.86736e-60	1.50561e-58	7.58179e-57	3.65518e-55	1.68386e-53	7.39733e-52	3.09199e-50	1.22667e-48	4.60637e-47	1.63239e-45	5.44081e-44	1.69918e-42	4.95119e-41	1.33961e-39	3.34696e-38	7.67303e-37	1.60221e-35	3.02101e-34	5.09117e-33	7.57565e-32	9.80891e-31	1.08604e-29	1.00736e-28	7.64885e-28	4.64172e-27	2.19806e-26	7.77551e-26	1.71674e-25	7.77551e-26	2.19806e-26	4.64172e-27	7.64885e-28	1.00736e-28	1.08604e-29	9.80891e-31	7.57565e-32	5.09117e-33	3.02101e-34	1.60221e-35	7.67303e-37	3.34696e-38	1.33961e-39	4.95119e-41	1.69918e-42	5.44081e-44	1.63239e-45	4.60638e-47	1.22667e-48	3.092e-50	7.39735e-52	1.68387e-53	3.6552e-55	7.58183e-57	1.50562e-58	2.86738e-60	5.24541e-62	9.23081e-64	1.56482e-65	2.55862e-67	4.04005e-69	6.16723e-71	9.1111e-73	1.30394e-74	1.80945e-76	2.43682e-78	3.22796e-80	3.22796e-80	
1.92475e-80	1.92475e-80	1.49369e-78	1.14067e-76	8.4606e-75	6.09002e-73	4.25046e-71	2.87376e-69	1.88033e-67	1.18942e-65	7.26544e-64	4.28055e-62	2.42935e-60	1.32628e-58	6.95496e-57	3.49759e-55	1.68386e-53	7.74623e-52	3.39802e-50	1.41821e-48	5.61767e-47	2.10617e-45	7.45139e-44	2.47927e-42	7.72885e-41	2.2478e-39	6.06949e-38	1.51319e-36	3.46107e-35	7.20908e-34	1.35556e-32	2.27745e-31	3.37698e-30	4.35457e-29	4.79755e-28	4.42267e-27	3.33195e-26	2.00224e-25	9.37611e-25	3.28559e-24	7.22975e-24	3.28559e-24	9.37611e-25	2.00224e-25	3.33195e-26	4.42267e-27	4.79755e-28	4.35457e-29	3.37698e-30	2.27745e-31	1.35556e-32	7.20908e-34	3.46107e-35	1.51319e-36	6.06949e-38	2.2478e-39	7.72885e-41	2.47928e-42	7.4514e-44	2.10617e-45	5.61768e-47	1.41821e-48	3.39804e-50	7.74627e-52	1.68387e-53	3.49762e-55	6.95503e-57	1.3263e-58	2.42939e-60	4.28062e-62	7.26559e-64	1.18944e-65	1.88039e-67	2.87385e-69	4.25061e-71	6.09026e-73	8.46096e-75	1.14073e-76	1.51277e-78	1.51277e-78	
8.61466e-79	8.61466e-79	6.67779e-77	5.09384e-75	3.77389e-73	2.71334e-71	1.89153e-69	1.27735e-67	8.34777e-66	5.27396e-64	3.21753e-62	1.89325e-60	1.07309e-58	5.8507e-57	3.06393e-55	1.5387e-53	7.39733e-52	3.39802e-50	1.48838e-48	6.20235e-47	2.45291e-45	9.18124e-44	3.24265e-42	1.07699e-40	3.3511e-39	9.7269e-38	2.62097e-36	6.51987e-35	1.48771e-33	3.09072e-32	5.79506e-31	9.70511e-30	1.43382e-28	1.841e-27	2.01784e-26	1.84824e-25	1.38105e-24	8.21332e-24	3.80047e-23	1.31823e-22	2.8901e-22	1.31823e-22	3.80047e-23	8.21332e-24	1.38105e-24	1.84824e-25	2.01784e-26	1.841e-27	1.43382e-28	9.70511e-30	5.79506e-31	3.09072e-32	1.48771e-33	6.51987e-35	2.62098e-36	9.72691e-38	3.3511e-39	1.07699e-40	3.24266e-42	9.18126e-44	2.45292e-45	6.20238e-47	1.48839e-48	3.39805e-50	7.3974e-52	1.53871e-53	3.06397e-55	5.8508e-57	1.07311e-58	1.8933e-60	3.21762e-62	5.27413e-64	8.34809e-66	1.27741e-67	1.89162e-69	2.71349e-71	3.77411e-73	5.09417e-75	6.76334e-77	6.76334e-77	
3.67024e-77	3.67024e-77	2.84177e-75	2.16522e-73	1.60228e-71	1.15065e-69	8.0118e-68	5.4038e-66	3.52714e-64	2.22558e-62	1.35604e-60	7.96878e-59	4.51068e-57	2.45598e-55	1.28438e-53	6.44094e-52	3.09199e-50	1.41821e-48	6.20235e-47	2.58053e-45	1.01887e-43	3.80713e-42	1.34223e-40	4.44971e-39	1.38186e-37	4.0028e-36	1.07624e-34	2.67105e-33	6.07968e-32	1.25964e-30	2.35479e-29	3.93048e-28	5.78474e-27	7.39442e-26	8.0611e-25	7.33406e-24	5.43315e-23	3.19581e-22	1.45994e-21	5.0081e-21	1.0936e-20	5.0081e-21	1.45994e-21	3.19581e-22	5.43315e-23	7.33406e-24	8.0611e-25	7.39442e-26	5.78474e-27	3.93048e-28	2.35479e-29	1.25964e-30	6.07968e-32	2.67105e-33	1.07624e-34	4.0028e-36	1.38187e-37	4.44972e-39	1.34223e-40	3.80714e-42	1.01888e-43	2.58054e-45	6.2024e-47	1.41822e-48	3.09204e-50	6.44106e-52	1.28441e-53	2.45604e-55	4.51082e-57	7.96906e-59	1.35609e-60	2.22568e-62	3.52732e-64	5.40411e-66	8.01231e-68	1.15073e-69	1.60241e-71	2.16541e-73	2.87829e-75	2.87829e-75	
1.4849e-75	1.4849e-75	1.14837e-73	8.73942e-72	6.45954e-70	4.63317e-68	3.22205e-66	2.17051e-64	1.41492e-62	8.91647e-61	5.42566e-59	3.18413e-57	1.7999e-55	9.78641e-54	5.11059e-52	2.55912e-50	1.22667e-48	5.61767e-47	2.45291e-45	1.01887e-43	4.01596e-42	1.49796e-40	5.27144e-39	1.74421e-37	5.40574e-36	1.56253e-34	4.19174e-33	1.03781e-31	2.35607e-30	4.86774e-29	9.07147e-28	1.50888e-26	2.21187e-25	2.81416e-24	3.05059e-23	2.75591e-22	2.02313e-21	1.17619e-20	5.29956e-20	1.79609e-19	3.90487e-19	1.79609e-19	5.29956e-20	1.17619e-20	2.02313e-21	2.75591e-22	3.05059e-23	2.81416e-24	2.21187e-25	1.50888e-26	9.07147e-28	4.86774e-29	2.35607e-30	1.03781e-31	4.19174e-33	1.56253e-34	5.40575e-36	1.74422e-37	5.27146e-39	1.49797e-40	4.01599e-42	1.01888e-43	2.45294e-45	5.61777e-47	1.22669e-48	2.55919e-50	5.11075e-52	9.78677e-54	1.79998e-55	3.18429e-57	5.42597e-59	8.91705e-61	1.41503e-62	2.17068e-64	3.22234e-66	4.63362e-68	6.46023e-70	8.74044e-72	1.16318e-73	1.16318e-73	
5.68973e-74	5.68973e-74	4.39493e-72	3.34064e-70	2.46613e-68	1.76667e-66	1.22705e-64	8.25529e-63	5.37451e-61	3.38238e-59	2.05539e-57	1.20457e-55	6.79953e-54	3.69172e-52	1.92502e-50	9.62495e-49	4.60637e-47	2.10617e-45	9.18124e-44	3.80713e-42	1.49796e-40	5.57717e-39	1.95889e-37	6.46859e-36	2.00056e-34	5.76977e-33	1.54418e-31	3.81351e-30	8.63402e-29	1.77854e-27	3.30364e-26	5.47491e-25	7.9921e-24	1.01185e-22	1.09035e-21	9.77718e-21	7.10883e-20	4.08167e-19	1.8119e-18	6.05993e-18	1.31111e-17	6.05993e-18	1.8119e-18	4.08167e-19	7.10883e-20	9.77718e-21	1.09035e-21	1.01185e-22	7.9921e-24	5.47491e-25	3.30364e-26	1.77854e-27	8.63402e-29	3.81352e-30	1.54418e-31	5.76978e-33	2.00056e-34	6.46862e-36	1.9589e-37	5.57722e-39	1.49798e-40	3.80719e-42	9.18143e-44	2.10622e-45	4.60652e-47	9.62532e-49	1.92511e-50	3.69192e-52	6.79995e-54	1.20466e-55	2.05556e-57	3.38269e-59	5.37505e-61	8.25622e-63	1.2272e-64	1.7669e-66	2.46649e-68	3.34117e-70	4.45187e-72	4.45187e-72	
2.05875e-72	2.05875e-72	1.58827e-70	1.20577e-68	8.89003e-67	6.36042e-65	4.41192e-63	2.96433e-61	1.9273e-59	1.21126e-57	7.35028e-56	4.30154e-54	2.42458e-52	1.31443e-50	6.84356e-49	3.41636e-47	1.63239e-45	7.45139e-44	3.24265e-42	1.34223e-40	5.27144e-39	1.95889e-37	6.86654e-36	2.2627e-34	6.98252e-33	2.00913e-31	5.36378e-30	1.32113e-28	2.98256e-27	6.12467e-26	1.13374e-24	1.87162e-23	2.72007e-22	3.42593e-21	3.66862e-20	3.26386e-19	2.34901e-18	1.33087e-17	5.81325e-17	1.91609e-16	4.12328e-16	1.91609e-16	5.81325e-17	1.33087e-17	2.34901e-18	3.26386e-19	3.66862e-20	3.42593e-21	2.72007e-22	1.87162e-23	1.13374e-24	6.12467e-26	2.98256e-27	1.32113e-28	5.36379e-30	2.00913e-31	6.98255e-33	2.26272e-34	6.86661e-36	1.95892e-37	5.27154e-39	1.34226e-40	3.24276e-42	7.45169e-44	1.63247e-45	3.41656e-47	6.84403e-49	1.31454e-50	2.4248e-52	4.30198e-54	7.35114e-56	1.21142e-57	1.92757e-59	2.96479e-61	4.41268e-63	6.3616e-65	8.89181e-67	1.20603e-68	1.60898e-70	1.60898e-70	
7.01154e-71	7.01154e-71	5.40231e-69	4.09601e-67	3.01603e-65	2.15499e-63	1.49281e-61	1.00163e-59	6.50321e-58	4.08132e-56	2.47309e-54	1.44517e-52	8.13344e-51	4.40255e-49	2.28854e-47	1.1406e-45	5.44081e-44	2.47927e-42	1.07699e-40	4.44971e-39	1.74421e-37	6.46859e-36	2.2627e-34	7.43983e-33	2.29056e-31	6.57465e-30	1.75066e-28	4.29993e-27	9.67811e-26	1.98084e-24	3.65338e-23	6.00647e-22	8.68846e-21	1.0883e-19	1.15766e-18	1.02136e-17	7.27125e-17	4.06108e-16	1.74296e-15	5.65283e-15	1.20909e-14	5.65283e-15	1.74296e-15	4.06108e-16	7.27125e-17	1.02136e-17	1.15766e-18	1.0883e-19	8.68846e-21	6.00647e-22	3.65338e-23	1.98084e-24	9.67812e-26	4.29994e-27	1.75067e-28	6.57468e-30	2.29058e-31	7.43992e-33	2.26274e-34	6.46874e-36	1.74427e-37	4.44989e-39	1.07704e-40	2.47943e-42	5.44122e-44	1.1407e-45	2.28878e-47	4.40308e-49	8.13453e-51	1.44538e-52	2.4735e-54	4.08208e-56	6.50453e-58	1.00186e-59	1.49317e-61	2.15555e-63	3.01687e-65	4.09723e-67	5.47328e-69	5.47328e-69	
2.23943e-69	2.23943e-69	1.72317e-67	1.30477e-65	9.5945e-64	6.84598e-62	4.73576e-60	3.17306e-58	2.05717e-56	1.28915e-54	7.79989e-53	4.55092e-51	2.55724e-49	1.38198e-47	7.17193e-46	3.56838e-44	1.69918e-42	7.72885e-41	3.3511e-39	1.38186e-37	5.40574e-36	2.00056e-34	6.98252e-33	2.29056e-31	7.03493e-30	2.01403e-28	5.34805e-27	1.30968e-25	2.93833e-24	5.99287e-23	1.10101e-21	1.80227e-20	2.59401e-19	3.23019e-18	3.41171e-17	2.98326e-16	2.09927e-15	1.15449e-14	4.86044e-14	1.54822e-13	3.28882e-13	1.54822e-13	4.86044e-14	1.15449e-14	2.09927e-15	2.98326e-16	3.41171e-17	3.23019e-18	2.59401e-19	1.80227e-20	1.10101e-21	5.99288e-23	2.93834e-24	1.30969e-25	5.34808e-27	2.01405e-28	7.03502e-30	2.29061e-31	6.98272e-33	2.00064e-34	5.40602e-36	1.38195e-37	3.35137e-39	7.72961e-41	1.69938e-42	3.56886e-44	7.17305e-46	1.38222e-47	2.55775e-49	4.55193e-51	7.8018e-53	1.2895e-54	2.05777e-56	3.17406e-58	4.73737e-60	6.84847e-62	9.59822e-64	1.30531e-65	1.74605e-67	1.74605e-67	
6.68033e-68	6.68033e-68	5.13321e-66	3.88143e-64	2.85017e-62	2.03079e-60	1.40277e-58	9.38497e-57	6.07532e-55	3.80132e-53	2.29634e-51	1.33767e-49	7.50421e-48	4.04857e-46	2.0974e-44	1.04169e-42	4.95119e-41	2.2478e-39	9.7269e-38	4.0028e-36	1.56253e-34	5.76977e-33	2.00913e-31	6.57465e-30	2.01403e-28	5.75012e-27	1.52241e-25	3.71646e-24	8.30951e-23	1.68842e-21	3.0891e-20	5.033e-19	7.20524e-18	8.91598e-17	9.34542e-16	8.09381e-15	5.6245e-14	3.04178e-13	1.25374e-12	3.91366e-12	8.24849e-12	3.91366e-12	1.25374e-12	3.04178e-13	5.6245e-14	8.09381e-15	9.34542e-16	8.91598e-17	7.20524e-18	5.033e-19	3.0891e-20	1.68842e-21	8.30954e-23	3.71648e-24	1.52242e-25	5.75021e-27	2.01408e-28	6.57488e-30	2.00923e-31	5.77015e-33	1.56266e-34	4.00322e-36	9.72816e-38	2.24815e-39	4.95209e-41	1.04191e-42	2.0979e-44	4.04964e-46	7.50644e-48	1.3381e-49	2.29716e-51	3.8028e-53	6.07787e-55	9.3892e-57	1.40345e-58	2.03183e-60	2.85172e-62	3.88366e-64	5.20232e-66	5.20232e-66	
1.8526e-66	1.8526e-66	1.4215e-64	1.07329e-62	7.8697e-61	5.59887e-59	3.86154e-57	2.57948e-55	1.66717e-53	1.04146e-51	6.28095e-50	3.6526e-48	2.04553e-46	1.10161e-44	5.69658e-43	2.82393e-41	1.33961e-39	6.06949e-38	2.62097e-36	1.07624e-34	4.19174e-33	1.54418e-31	5.36378e-30	1.75066e-28	5.34805e-27	1.52241e-25	4.01809e-24	9.77568e-23	2.17769e-21	4.40704e-20	8.02699e-19	1.30124e-17	1.85209e-16	2.27627e-15	2.36631e-14	2.02824e-13	1.39042e-12	7.38314e-12	2.97248e-11	9.06894e-11	1.89403e-10	9.06894e-11	2.97248e-11	7.38314e-12	1.39042e-12	2.02824e-13	2.36631e-14	2.27627e-15	1.85209e-16	1.30124e-17	8.027e-19	4.40705e-20	2.1777e-21	9.77578e-23	4.01816e-24	1.52245e-25	5.34829e-27	1.75077e-28	5.36424e-30	1.54436e-31	4.19234e-33	1.07643e-34	2.62152e-36	6.07098e-38	1.33999e-39	2.82484e-41	5.69865e-43	1.10206e-44	2.04644e-46	3.65437e-48	6.28426e-50	1.04205e-51	1.66818e-53	2.58115e-55	3.8642e-57	5.60294e-59	7.87573e-61	1.07416e-62	1.441e-64	1.441e-64	
4.75125e-65	4.75125e-65	3.64006e-63	2.74421e-61	2.009e-59	1.42703e-57	9.82639e-56	6.55317e-54	4.22835e-52	2.63687e-50	1.58749e-48	9.21528e-47	5.15126e-45	2.76895e-43	1.42908e-41	7.07008e-40	3.34696e-38	1.51319e-36	6.51987e-35	2.67105e-33	1.03781e-31	3.81351e-30	1.32113e-28	4.29993e-27	1.30968e-25	3.71646e-24	9.77568e-23	2.36966e-21	5.25784e-20	1.0594e-18	1.92023e-17	3.0958e-16	4.37863e-15	5.34167e-14	5.5032e-13	4.66386e-12	3.15003e-11	1.63932e-10	6.42903e-10	1.91087e-09	3.94826e-09	1.91087e-09	6.42903e-10	1.63932e-10	3.15003e-11	4.66386e-12	5.5032e-13	5.34167e-14	4.37863e-15	3.0958e-16	1.92023e-17	1.05941e-18	5.25789e-20	2.36971e-21	9.77602e-23	3.71666e-24	1.30979e-25	4.30042e-27	1.32133e-28	3.81426e-30	1.03806e-31	2.67183e-33	6.5221e-35	1.51379e-36	3.34846e-38	7.07366e-40	1.42988e-41	2.77066e-43	5.15472e-45	9.22198e-47	1.58873e-48	2.63907e-50	4.2321e-52	6.55932e-54	9.83612e-56	1.42852e-57	2.01119e-59	2.74733e-61	3.69134e-63	3.69134e-63	
1.12011e-63	1.12011e-63	8.56754e-62	6.44845e-60	4.713e-58	3.34209e-56	2.29737e-54	1.52942e-52	9.85071e-51	6.13184e-49	3.68468e-47	2.13483e-45	1.191e-43	6.38903e-42	3.29057e-40	1.62445e-38	7.67303e-37	3.46107e-35	1.48771e-33	6.07968e-32	2.35607e-30	8.63402e-29	2.98256e-27	9.67811e-26	2.93833e-24	8.30951e-23	2.17769e-21	5.25784e-20	1.16156e-18	2.32927e-17	4.19953e-16	6.72985e-15	9.45276e-14	1.14379e-12	1.16675e-11	9.7653e-11	6.48815e-10	3.30181e-09	1.25714e-08	3.62544e-08	7.39554e-08	3.62544e-08	1.25714e-08	3.30181e-09	6.48815e-10	9.7653e-11	1.16676e-11	1.1438e-12	9.45277e-14	6.72986e-15	4.19956e-16	2.3293e-17	1.16159e-18	5.25805e-20	2.17783e-21	8.31038e-23	2.93878e-24	9.68012e-26	2.98337e-27	8.63695e-29	2.35704e-30	6.08265e-32	1.48855e-33	3.4633e-35	7.67855e-37	1.62574e-38	3.29344e-40	6.39509e-42	1.19222e-43	2.13717e-45	3.68898e-47	6.13941e-49	9.86355e-51	1.53151e-52	2.30066e-54	3.34709e-56	4.72034e-58	6.45888e-60	8.69267e-62	8.69267e-62	
2.41065e-62	2.41065e-62	1.84064e-60	1.38294e-58	1.00895e-56	7.14165e-55	4.9001e-53	3.25595e-51	2.09304e-49	1.3003e-47	7.79779e-46	4.50852e-44	2.5099e-42	1.34347e-40	6.90372e-39	3.40022e-37	1.60221e-35	7.20908e-34	3.09072e-32	1.25964e-30	4.86774e-29	1.77854e-27	6.12467e-26	1.98084e-24	5.99287e-23	1.68842e-21	4.40704e-20	1.0594e-18	2.32927e-17	4.6463e-16	8.32777e-15	1.32566e-13	1.84772e-12	2.2155e-11	2.2351e-10	1.84477e-09	1.20336e-08	5.97165e-08	2.19818e-07	6.11945e-07	1.22895e-06	6.11945e-07	2.19818e-07	5.97165e-08	1.20336e-08	1.84477e-09	2.2351e-10	2.2155e-11	1.84772e-12	1.32567e-13	8.32786e-15	4.64641e-16	2.32938e-17	1.05948e-18	4.40762e-20	1.68876e-21	5.99458e-23	1.9816e-24	6.12765e-26	1.7796e-27	4.8712e-29	1.26069e-30	3.09363e-32	7.21666e-34	1.60407e-35	3.40452e-37	6.91318e-39	1.34545e-40	2.51384e-42	4.51602e-44	7.81148e-46	1.30269e-47	2.09708e-49	3.2625e-51	4.91036e-53	7.15715e-55	1.01121e-56	1.38615e-58	1.8689e-60	1.8689e-60	
4.69834e-61	4.69834e-61	3.58053e-59	2.68502e-57	1.95508e-55	1.38111e-53	9.45696e-52	6.2708e-50	4.02257e-48	2.4936e-46	1.49208e-44	8.60726e-43	4.7805e-41	2.55269e-39	1.30851e-37	6.42819e-36	3.02101e-34	1.35556e-32	5.79506e-31	2.35479e-29	9.07147e-28	3.30364e-26	1.13374e-24	3.65338e-23	1.10101e-21	3.0891e-20	8.02699e-19	1.92023e-17	4.19953e-16	8.32777e-15	1.4828e-13	2.34276e-12	3.23712e-11	3.84173e-10	3.82743e-09	3.10937e-08	1.98628e-07	9.57742e-07	3.39035e-06	9.0507e-06	1.78247e-05	9.0507e-06	3.39035e-06	9.57742e-07	1.98628e-07	3.10937e-08	3.82743e-09	3.84173e-10	3.23714e-11	2.34278e-12	1.48284e-13	8.32815e-15	4.1999e-16	1.92053e-17	8.02903e-19	3.09028e-20	1.1016e-21	3.65593e-23	1.13474e-24	3.30713e-26	9.0827e-28	2.35811e-29	5.8042e-31	1.35791e-32	3.02671e-34	6.44124e-36	1.31135e-37	2.55856e-39	4.79209e-41	8.62918e-43	1.49605e-44	2.50052e-46	4.03416e-48	6.28951e-50	9.48609e-52	1.38549e-53	1.96146e-55	2.69403e-57	3.63939e-59	3.63939e-59	
8.21548e-60	8.21548e-60	6.24761e-58	4.67506e-56	3.39671e-54	2.3942e-52	1.63569e-50	1.08211e-48	6.9251e-47	4.28252e-45	2.55617e-43	1.47082e-41	8.1477e-40	4.33905e-38	2.21805e-36	1.08653e-34	5.09117e-33	2.27745e-31	9.70511e-30	3.93048e-28	1.50888e-26	5.47491e-25	1.87162e-23	6.00647e-22	1.80227e-20	5.033e-19	1.30124e-17	3.0958e-16	6.72985e-15	1.32566e-13	2.34276e-12	3.6699e-11	5.02073e-10	5.88841e-09	5.78221e-08	4.61199e-07	2.87542e-06	1.34068e-05	4.53195e-05	0.00011499	0.000220833	0.00011499	4.53195e-05	1.34068e-05	2.87542e-06	4.61199e-07	5.78222e-08	5.88843e-09	5.02076e-10	3.66997e-11	2.34286e-12	1.32578e-13	6.73099e-15	3.09672e-16	1.30186e-17	5.03662e-19	1.80405e-20	6.01412e-22	1.87457e-23	5.48518e-25	1.51214e-26	3.94e-28	9.73095e-30	2.28402e-31	5.10689e-33	1.09009e-34	2.22571e-36	4.35477e-38	8.17851e-40	1.47661e-41	2.56658e-43	4.30055e-45	6.95514e-47	1.08693e-48	1.64318e-50	2.40542e-52	3.413e-54	4.69796e-56	6.36034e-58	6.36034e-58	
1.27485e-58	1.27485e-58	9.67154e-57	7.21969e-55	5.23263e-53	3.679e-51	2.50701e-49	1.65419e-47	1.05579e-45	6.51115e-44	3.87547e-42	2.22351e-40	1.22807e-38	6.52008e-37	3.32244e-35	1.62222e-33	7.57565e-32	3.37698e-30	1.43382e-28	5.78474e-27	2.21187e-25	7.9921e-24	2.72007e-22	8.68846e-21	2.59401e-19	7.20524e-18	1.85209e-16	4.37863e-15	9.45276e-14	1.84772e-12	3.23712e-11	5.02073e-10	6.78948e-09	7.85308e-08	7.5808e-07	5.91611e-06	3.58285e-05	0.000160444	0.000512838	0.00122159	0.00226793	0.00122159	0.000512838	0.000160444	3.58285e-05	5.91612e-06	7.58081e-07	7.85312e-08	6.78957e-09	5.0209e-10	3.23738e-11	1.84802e-12	9.45573e-14	4.38105e-15	1.85374e-16	7.21474e-18	2.59865e-19	8.70831e-21	2.7277e-22	8.01855e-24	2.22021e-25	5.80888e-27	1.4403e-28	3.39326e-30	7.61421e-32	1.63087e-33	3.34088e-35	6.55759e-37	1.23537e-38	2.23712e-40	3.89984e-42	6.55311e-44	1.06275e-45	1.66533e-47	2.52423e-49	3.70472e-51	5.26984e-53	7.27188e-55	9.86928e-57	9.86928e-57	
1.7333e-57	1.7333e-57	1.31131e-55	9.76143e-54	7.05464e-52	4.9456e-50	3.3601e-48	2.21034e-46	1.40635e-44	8.64543e-43	5.12895e-41	2.93277e-39	1.61419e-37	8.53949e-36	4.33545e-34	2.10877e-32	9.80891e-31	4.35457e-29	1.841e-27	7.39442e-26	2.81416e-24	1.01185e-22	3.42593e-21	1.0883e-19	3.23019e-18	8.91598e-17	2.27627e-15	5.34167e-14	1.1438e-12	2.2155e-11	3.84173e-10	5.88841e-09	7.85308e-08	8.93277e-07	8.44587e-06	6.41698e-05	0.000374836	0.00159572	0.00475287	0.010437	0.0184664	0.010437	0.00475287	0.00159572	0.000374836	6.41699e-05	8.4459e-06	8.93285e-07	7.85327e-08	5.88877e-09	3.84225e-10	2.21614e-11	1.14443e-12	5.34688e-14	2.27986e-15	8.93674e-17	3.24032e-18	1.09265e-19	3.44274e-21	1.0177e-22	2.8326e-24	7.44757e-26	1.85516e-27	4.38985e-29	9.89169e-31	2.12717e-32	4.37438e-34	8.61814e-36	1.6294e-37	2.96097e-39	5.17919e-41	8.73157e-43	1.42059e-44	2.23304e-46	3.39508e-48	4.99773e-50	7.12988e-52	9.8667e-54	1.34289e-55	1.34289e-55	
2.03431e-56	2.03431e-56	1.53401e-54	1.13816e-52	8.1978e-51	5.72719e-49	3.87739e-47	2.5414e-45	1.61099e-43	9.86571e-42	5.82998e-40	3.3202e-38	1.81984e-36	9.58622e-35	4.84532e-33	2.34597e-31	1.08604e-29	4.79755e-28	2.01784e-26	8.0611e-25	3.05059e-23	1.09035e-21	3.66862e-20	1.15766e-18	3.41171e-17	9.34542e-16	2.36631e-14	5.50321e-13	1.16676e-11	2.2351e-10	3.82743e-09	5.78221e-08	7.5808e-07	8.44587e-06	7.77954e-05	0.000571124	0.00318207	0.0126626	0.0343199	0.0675249	0.111031	0.0675249	0.0343199	0.0126626	0.00318208	0.000571125	7.77958e-05	8.446e-06	7.58109e-07	5.78276e-08	3.82826e-09	2.23613e-10	1.16781e-11	5.51207e-13	2.37253e-14	9.38191e-16	3.42962e-17	1.16544e-18	3.69932e-20	1.10121e-21	3.08509e-23	8.16066e-25	2.04429e-26	4.86306e-28	1.10131e-29	2.37969e-31	4.91622e-33	9.72863e-35	1.84724e-36	3.37079e-38	5.91978e-40	1.00192e-41	1.63629e-43	2.58163e-45	3.93924e-47	5.81919e-49	8.33034e-51	1.15667e-52	1.57951e-54	1.57951e-54	
2.02597e-55	2.02597e-55	1.52176e-53	1.12461e-51	8.06749e-50	5.61276e-48	3.78372e-46	2.46914e-44	1.55814e-42	9.49779e-41	5.58573e-39	3.16541e-37	1.72616e-35	9.04481e-34	4.5467e-32	2.18891e-30	1.00736e-28	4.42267e-27	1.84824e-25	7.33406e-24	2.75591e-22	9.77719e-21	3.26386e-19	1.02136e-17	2.98326e-16	8.09382e-15	2.02824e-13	4.66387e-12	9.76531e-11	1.84477e-09	3.10937e-08	4.612e-07	5.91612e-06	6.41699e-05	0.000571125	0.00400284	0.0208719	0.075333	0.178289	0.30051	0.439748	0.30051	0.178289	0.075333	0.020872	0.00400284	0.000571129	6.41711e-05	5.91644e-06	4.61261e-07	3.11034e-08	1.84601e-09	9.77837e-11	4.67525e-12	2.03648e-13	8.14332e-15	3.00793e-16	1.03237e-17	3.30903e-19	9.94183e-21	2.80916e-22	7.48899e-24	1.88947e-25	4.52457e-27	1.03102e-28	2.24094e-30	4.65566e-32	9.26288e-34	1.76798e-35	3.24242e-37	5.72211e-39	9.73039e-41	1.5964e-42	2.52991e-44	3.87703e-46	5.75139e-48	8.26702e-50	1.15246e-51	1.57996e-53	1.57996e-53	
1.67874e-54	1.67874e-54	1.25511e-52	9.23187e-51	6.59045e-49	4.56224e-47	3.0597e-45	1.98606e-43	1.24641e-41	7.55445e-40	4.41671e-38	2.48768e-36	1.348e-34	7.01689e-33	3.50317e-31	1.6745e-29	7.64885e-28	3.33195e-26	1.38106e-24	5.43315e-23	2.02313e-21	7.10884e-20	2.34902e-18	7.27126e-17	2.09927e-15	5.62452e-14	1.39042e-12	3.15004e-11	6.48818e-10	1.20336e-08	1.98629e-07	2.87543e-06	3.58286e-05	0.000374837	0.00318208	0.020872	0.0985097	0.305515	0.591282	0.810581	1.00307	0.810581	0.591282	0.305515	0.0985098	0.020872	0.0031821	0.000374846	3.58308e-05	2.87589e-06	1.98705e-07	1.20439e-08	6.49957e-10	3.16047e-11	1.39832e-12	5.67386e-14	2.12441e-15	7.38936e-17	2.40083e-18	7.30706e-20	2.08908e-21	5.62781e-23	1.43318e-24	3.46101e-26	7.94836e-28	1.74027e-29	3.64069e-31	7.29174e-33	1.40065e-34	2.58452e-36	4.58807e-38	7.84653e-40	1.29443e-41	2.06229e-43	3.17671e-45	4.73604e-47	6.84053e-49	9.58079e-51	1.31954e-52	1.31954e-52	
1.13062e-53	1.13062e-53	8.40855e-52	6.15159e-50	4.36705e-48	3.00565e-46	2.0037e-44	1.29252e-42	8.05916e-41	4.85177e-39	2.81671e-37	1.57488e-35	8.46857e-34	4.37295e-32	2.16487e-30	1.02568e-28	4.64172e-27	2.00224e-25	8.21333e-24	3.19581e-22	1.17619e-20	4.08168e-19	1.33087e-17	4.06109e-16	1.1545e-14	3.0418e-13	7.38321e-12	1.63934e-10	3.30185e-09	5.97172e-08	9.57752e-07	1.3407e-05	0.000160445	0.00159573	0.0126627	0.0753332	0.305516	0.755717	1.13046	1.27348	1.34115	1.27348	1.13046	0.755717	0.305516	0.0753333	0.0126628	0.00159576	0.000160454	1.3409e-05	9.58123e-07	5.97713e-08	3.30833e-09	1.64572e-10	7.43475e-12	3.07546e-13	1.1719e-14	4.15105e-16	1.37525e-17	4.26423e-19	1.23936e-20	3.38614e-22	8.72842e-24	2.13044e-25	4.94008e-27	1.09131e-28	2.30223e-30	4.64772e-32	8.99531e-34	1.67185e-35	2.98842e-37	5.14468e-39	8.54104e-41	1.36907e-42	2.12126e-44	3.18037e-46	4.61856e-48	6.50263e-50	9.00182e-52	9.00182e-52	
5.98223e-53	5.98223e-53	4.42553e-51	3.22006e-49	2.27299e-47	1.55516e-45	1.03034e-43	6.60347e-42	4.08959e-40	2.44456e-38	1.40862e-36	7.81416e-35	4.16717e-33	2.13303e-31	1.04622e-29	4.90822e-28	2.19806e-26	9.37613e-25	3.80047e-23	1.45994e-21	5.29958e-20	1.81191e-18	5.8133e-17	1.74298e-15	4.8605e-14	1.25376e-12	2.97254e-11	6.42919e-10	1.25717e-08	2.19824e-07	3.39043e-06	4.53205e-05	0.000512847	0.00475294	0.0343203	0.17829	0.591285	1.13046	1.35863	1.41987	1.43713	1.41987	1.35863	1.13046	0.591285	0.17829	0.0343204	0.00475299	0.000512864	4.53251e-05	3.39139e-06	2.19984e-07	1.25931e-08	6.45241e-10	2.99233e-11	1.26633e-12	4.91768e-14	1.78252e-15	6.07016e-17	1.93183e-18	5.73974e-20	1.59652e-21	4.17604e-23	1.03197e-24	2.41901e-26	5.39646e-28	1.14879e-29	2.33888e-31	4.56292e-33	8.5446e-35	1.53827e-36	2.66615e-38	4.45479e-40	7.18453e-42	1.11969e-43	1.68811e-45	2.46456e-47	3.48767e-49	4.85202e-51	4.85202e-51	
2.31238e-52	2.31238e-52	1.70372e-50	1.23446e-48	8.67578e-47	5.90871e-45	3.89589e-43	2.48428e-41	1.53036e-39	9.09643e-38	5.21052e-36	2.87231e-34	1.52153e-32	7.73286e-31	3.76408e-29	1.75153e-27	7.77553e-26	3.2856e-24	1.31824e-22	5.00813e-21	1.7961e-19	6.06001e-18	1.91612e-16	5.65296e-15	1.54826e-13	3.91382e-12	9.06938e-11	1.91098e-09	3.62566e-08	6.1198e-07	9.05114e-06	0.000114994	0.00122163	0.0104373	0.0675264	0.300515	0.810592	1.27349	1.41988	1.45038	1.45555	1.45038	1.41988	1.27349	0.810592	0.300515	0.0675263	0.0104373	0.00122162	0.000114993	9.0511e-06	6.12031e-07	3.627e-08	1.91256e-09	9.07064e-11	3.88917e-12	1.51567e-13	5.61457e-15	1.98189e-16	6.5236e-18	1.99016e-19	5.64565e-21	1.49877e-22	3.74715e-24	8.86914e-26	1.99534e-27	4.27998e-29	8.77443e-31	1.72281e-32	3.24546e-34	5.87534e-36	1.02365e-37	1.71877e-39	2.78478e-41	4.35892e-43	6.59878e-45	9.67152e-47	1.37371e-48	1.91792e-50	1.91792e-50	
5.27194e-52	5.27194e-52	3.87832e-50	2.8057e-48	1.96863e-46	1.33848e-44	8.80963e-43	5.60724e-41	3.44748e-39	2.04501e-37	1.1689e-35	6.42904e-34	3.39748e-32	1.72231e-30	8.36087e-29	3.87928e-27	1.71675e-25	7.2298e-24	2.89012e-22	1.09361e-20	3.90493e-19	1.31114e-17	4.12342e-16	1.20915e-14	3.28903e-13	8.24917e-12	1.89422e-10	3.9487e-09	7.39634e-08	1.22906e-06	1.78257e-05	0.000220838	0.00226794	0.0184665	0.111032	0.439753	1.00309	1.34119	1.43717	1.45559	1.45816	1.45559	1.43717	1.34119	1.00309	0.439752	0.111031	0.0184658	0.00226771	0.000220777	1.7814e-05	1.22728e-06	7.37307e-08	3.91783e-09	1.8497e-10	7.69363e-12	2.84652e-13	1.06163e-14	3.9292e-16	1.35229e-17	4.25681e-19	1.23252e-20	3.31627e-22	8.3682e-24	1.99416e-25	4.51024e-27	9.71666e-29	1.9994e-30	3.93831e-32	7.43994e-34	1.35023e-35	2.35772e-37	3.9667e-39	6.43854e-41	1.00947e-42	1.53049e-44	2.24629e-46	3.19467e-48	4.46569e-50	4.46569e-50	
2.31238e-52	2.31238e-52	1.70372e-50	1.23446e-48	8.67579e-47	5.90871e-45	3.89589e-43	2.48428e-41	1.53036e-39	9.09644e-38	5.21053e-36	2.87232e-34	1.52154e-32	7.7329e-31	3.7641e-29	1.75155e-27	7.77562e-26	3.28565e-24	1.31827e-22	5.00828e-21	1.79618e-19	6.06035e-18	1.91627e-16	5.65358e-15	1.54849e-13	3.91456e-12	9.07146e-11	1.91146e-09	3.62652e-08	6.12091e-07	9.05195e-06	0.000114994	0.00122159	0.0104371	0.0675255	0.300517	0.810619	1.27356	1.41998	1.4505	1.45569	1.4505	1.41998	1.27356	0.810618	0.300516	0.0675245	0.0104366	0.00122144	0.000114953	9.04362e-06	6.10795e-07	3.60719e-08	1.87824e-09	8.49301e-11	3.19585e-12	1.03472e-13	3.72611e-15	1.45092e-16	5.27677e-18	1.72505e-19	5.11544e-21	1.39797e-22	3.56593e-24	8.56565e-26	1.94928e-27	4.22015e-29	8.71852e-31	1.72293e-32	3.26349e-34	5.93554e-36	1.03824e-37	1.74918e-39	2.84222e-41	4.45976e-43	6.76553e-45	9.93347e-47	1.41303e-48	1.97531e-50	1.97531e-50	
