2.76458e-87	2.76458e-87	1.05065e-85	3.98034e-84	1.46548e-82	5.23942e-81	1.81744e-79	6.11105e-78	1.98992e-76	6.26871e-75	1.90841e-73	5.60803e-72	1.58876e-70	4.33353e-69	1.13642e-67	2.86077e-66	6.90173e-65	1.59288e-63	3.51007e-62	7.36949e-61	1.47077e-59	2.78314e-58	4.97972e-57	8.39884e-56	1.33076e-54	1.97336e-53	2.72712e-52	3.49571e-51	4.13418e-50	4.48383e-49	4.42946e-48	3.95476e-47	3.16301e-46	2.24316e-45	1.39392e-44	7.48277e-44	3.4081e-43	1.28434e-42	3.84836e-42	8.53859e-42	1.22033e-41	8.53859e-42	3.84836e-42	1.28434e-42	3.4081e-43	7.48277e-44	1.39392e-44	2.24316e-45	3.16301e-46	3.95475e-47	4.4294e-48	4.48034e-49	3.94817e-50	-4.53821e-51	-2.64618e-50	-6.31568e-50	-9.18442e-50	-6.31768e-50	-2.67348e-50	-8.03405e-51	-1.86012e-51	-3.4927e-52	-5.50714e-53	-7.47715e-54	-8.9083e-55	-9.45116e-56	-9.03465e-57	-7.85681e-58	-6.26556e-59	-4.61301e-60	-3.15377e-61	-2.01218e-62	-1.20336e-63	-6.77144e-65	-3.59759e-66	-1.81014e-67	-8.64915e-69	-3.93463e-70	-1.77847e-71	-1.77847e-71	
2.76458e-87	2.76458e-87	1.05065e-85	3.98034e-84	1.46548e-82	5.23942e-81	1.81744e-79	6.11105e-78	1.98992e-76	6.26871e-75	1.90841e-73	5.60803e-72	1.58876e-70	4.33353e-69	1.13642e-67	2.86077e-66	6.90173e-65	1.59288e-63	3.51007e-62	7.36949e-61	1.47077e-59	2.78314e-58	4.97972e-57	8.39884e-56	1.33076e-54	1.97336e-53	2.72712e-52	3.49571e-51	4.13418e-50	4.48383e-49	4.42946e-48	3.95476e-47	3.16301e-46	2.24316e-45	1.39392e-44	7.48277e-44	3.4081e-43	1.28434e-42	3.84836e-42	8.53859e-42	1.22033e-41	8.53859e-42	3.84836e-42	1.28434e-42	3.4081e-43	7.48277e-44	1.39392e-44	2.24316e-45	3.16301e-46	3.95475e-47	4.4294e-48	4.48034e-49	3.94817e-50	-4.53821e-51	-2.64618e-50	-6.31568e-50	-9.18442e-50	-6.31768e-50	-2.67348e-50	-8.03405e-51	-1.86012e-51	-3.4927e-52	-5.50714e-53	-7.47715e-54	-8.9083e-55	-9.45116e-56	-9.03465e-57	-7.85681e-58	-6.26556e-59	-4.61301e-60	-3.15377e-61	-2.01218e-62	-1.20336e-63	-6.77144e-65	-3.59759e-66	-1.81014e-67	-8.64915e-69	-3.93463e-70	-1.77847e-71	-1.77847e-71	
1.05065e-85	1.05065e-85	3.99037e-84	1.51077e-82	5.55878e-81	1.98609e-79	6.88472e-78	2.31339e-76	7.52787e-75	2.36979e-73	7.20929e-72	2.11697e-70	5.99294e-69	1.63339e-67	4.28003e-66	1.07657e-64	2.5951e-63	5.98422e-62	1.31751e-60	2.76361e-59	5.51017e-58	1.04165e-56	1.8618e-55	3.13664e-54	4.96402e-53	7.35179e-52	1.01462e-50	1.29867e-49	1.5334e-48	1.66015e-47	1.6368e-46	1.45817e-45	1.16334e-44	8.22702e-44	5.09613e-43	2.72604e-42	1.23694e-41	4.64392e-41	1.38688e-40	3.0699e-40	4.38328e-40	3.0699e-40	1.38688e-40	4.64392e-41	1.23694e-41	2.72604e-42	5.09613e-43	8.22702e-44	1.16334e-44	1.45817e-45	1.63678e-46	1.65871e-47	1.45636e-48	-2.02604e-49	-1.09539e-48	-2.61001e-48	-3.79375e-48	-2.61076e-48	-1.10555e-48	-3.32477e-49	-7.70378e-50	-1.44764e-50	-2.28433e-51	-3.10383e-52	-3.70068e-53	-3.92909e-54	-3.75866e-55	-3.27097e-56	-2.61032e-57	-1.92317e-58	-1.3157e-59	-8.40006e-61	-5.02682e-62	-2.83048e-63	-1.50476e-64	-7.576e-66	-3.62218e-67	-1.64879e-68	-7.45727e-70	-7.45727e-70	
3.98034e-84	3.98034e-84	1.51077e-82	5.71624e-81	2.10191e-79	7.50504e-78	2.59989e-76	8.73028e-75	2.83893e-73	8.93081e-72	2.71497e-70	7.96661e-69	2.2536e-67	6.13758e-66	1.60699e-64	4.03888e-63	9.72783e-62	2.24129e-60	4.93018e-59	1.0332e-57	2.05807e-56	3.88671e-55	6.93966e-54	1.16785e-52	1.84606e-51	2.73062e-50	3.76343e-49	4.81e-48	5.67033e-47	6.12824e-46	6.0302e-45	5.36027e-44	4.26583e-43	3.00822e-42	1.85745e-41	9.90069e-41	4.47532e-40	1.67381e-39	4.98184e-39	1.10008e-38	1.56919e-38	1.10008e-38	4.98184e-39	1.67381e-39	4.47532e-40	9.90069e-41	1.85745e-41	3.00822e-42	4.26583e-43	5.36026e-44	6.03011e-45	6.12226e-46	5.35216e-47	-8.91093e-48	-4.52144e-47	-1.07563e-46	-1.56273e-46	-1.07591e-46	-4.55914e-47	-1.37212e-47	-3.18179e-48	-5.98363e-49	-9.44927e-50	-1.2849e-50	-1.53312e-51	-1.62895e-52	-1.55942e-53	-1.35804e-54	-1.08451e-55	-7.99568e-57	-5.47378e-58	-3.49705e-59	-2.09409e-60	-1.17989e-61	-6.27657e-63	-3.16202e-64	-1.51273e-65	-6.89001e-67	-3.1182e-68	-3.1182e-68	
1.46548e-82	1.46548e-82	5.55878e-81	2.10191e-79	7.72392e-78	2.75608e-76	9.5412e-75	3.2017e-73	1.04041e-71	3.27066e-70	9.93567e-69	2.9133e-67	8.23495e-66	2.24102e-64	5.86298e-63	1.47235e-61	3.54323e-60	8.15652e-59	1.79258e-57	3.75313e-56	7.4687e-55	1.40904e-53	2.51313e-52	4.22449e-51	6.66978e-50	9.85301e-49	1.3561e-47	1.73063e-46	2.03684e-45	2.19736e-44	2.15787e-43	1.91381e-42	1.51916e-41	1.06819e-40	6.57392e-40	3.4912e-39	1.57186e-38	5.85554e-38	1.73666e-37	3.82515e-37	5.45073e-37	3.82515e-37	1.73666e-37	5.85554e-38	1.57186e-38	3.4912e-39	6.57392e-40	1.06819e-40	1.51916e-41	1.91381e-42	2.15783e-43	2.19495e-44	1.90882e-45	-3.78582e-46	-1.81798e-45	-4.31828e-45	-6.2708e-45	-4.3193e-45	-1.83157e-45	-5.51659e-46	-1.28025e-46	-2.40954e-47	-3.80813e-48	-5.18228e-49	-6.18817e-50	-6.5799e-51	-6.30369e-52	-5.49366e-53	-4.39027e-54	-3.23904e-55	-2.21894e-56	-1.41858e-57	-8.50032e-59	-4.79252e-60	-2.55108e-61	-1.286e-62	-6.15614e-64	-2.80565e-65	-1.27054e-66	-1.27054e-66	
5.23942e-81	5.23942e-81	1.98609e-79	7.50504e-78	2.75608e-76	9.82775e-75	3.39994e-73	1.14011e-71	3.70227e-70	1.16302e-68	3.53044e-67	1.03441e-65	2.92168e-64	7.94466e-63	2.07681e-61	5.21108e-60	1.25298e-58	2.8818e-57	6.32758e-56	1.32355e-54	2.63122e-53	4.95889e-52	8.83486e-51	1.48339e-49	2.33916e-48	3.45103e-47	4.74307e-46	6.04375e-45	7.10122e-44	7.64672e-43	7.49383e-42	6.63088e-41	5.24971e-40	3.68026e-39	2.25724e-38	1.19419e-37	5.35459e-37	1.98644e-36	5.86963e-36	1.28941e-35	1.8354e-35	1.28941e-35	5.86963e-36	1.98644e-36	5.35459e-37	1.19419e-37	2.25724e-38	3.68026e-39	5.24971e-40	6.63088e-41	7.49369e-42	7.63727e-43	6.59974e-44	-1.55477e-44	-7.11554e-44	-1.68766e-43	-2.44952e-43	-1.68802e-43	-7.16312e-44	-2.15921e-44	-5.01505e-45	-9.4465e-46	-1.49417e-46	-2.03496e-47	-2.43186e-48	-2.5878e-49	-2.48105e-50	-2.16383e-51	-1.73049e-52	-1.27762e-53	-8.75864e-55	-5.60328e-56	-3.35983e-57	-1.89555e-58	-1.00967e-59	-5.09301e-61	-2.43959e-62	-1.11253e-63	-5.04133e-65	-5.04133e-65	
1.81744e-79	1.81744e-79	6.88472e-78	2.59989e-76	9.5412e-75	3.39994e-73	1.17541e-71	3.93876e-70	1.27811e-68	4.01206e-67	1.21699e-65	3.563e-64	1.00558e-62	2.7322e-61	7.13633e-60	1.78911e-58	4.29806e-57	9.87641e-56	2.16653e-54	4.52733e-53	8.99122e-52	1.69271e-50	3.01239e-49	5.0519e-48	7.95633e-47	1.17224e-45	1.6088e-44	2.04676e-43	2.40076e-42	2.58029e-41	2.52336e-40	2.22748e-39	1.75875e-38	1.22916e-37	7.51244e-37	3.9588e-36	1.76749e-35	6.52863e-35	1.92161e-34	4.20948e-34	5.98519e-34	4.20948e-34	1.92161e-34	6.52863e-35	1.76749e-35	3.9588e-36	7.51244e-37	1.22916e-37	1.75875e-38	2.22748e-39	2.52331e-40	2.57669e-41	2.20965e-42	-6.17449e-43	-2.70908e-42	-6.4161e-42	-9.3078e-42	-6.41735e-42	-2.72523e-42	-8.22155e-43	-1.91118e-43	-3.60299e-44	-5.70367e-45	-7.77441e-46	-9.29822e-47	-9.90225e-48	-9.5011e-49	-8.29262e-50	-6.63681e-51	-4.90354e-52	-3.36398e-53	-2.15359e-54	-1.29222e-55	-7.29539e-57	-3.88849e-58	-1.96273e-59	-9.40765e-61	-4.2929e-62	-1.94655e-63	-1.94655e-63	
6.11105e-78	6.11105e-78	2.31339e-76	8.73028e-75	3.2017e-73	1.14011e-71	3.93876e-70	1.31893e-68	4.27672e-67	1.34149e-65	4.06606e-64	1.1895e-62	3.35444e-61	9.10664e-60	2.37659e-58	5.95305e-57	1.42885e-55	3.28028e-54	7.18886e-53	1.50073e-51	2.97733e-50	5.59909e-49	9.95287e-48	1.66711e-46	2.62219e-45	3.85807e-44	5.28702e-43	6.7155e-42	7.86315e-41	8.43474e-40	8.23078e-39	7.2479e-38	5.70682e-37	3.97573e-36	2.4211e-35	1.27063e-34	5.64773e-34	2.07667e-33	6.0874e-33	1.32958e-32	1.8882e-32	1.32958e-32	6.0874e-33	2.07667e-33	5.64773e-34	1.27063e-34	2.4211e-35	3.97573e-36	5.70682e-37	7.24789e-38	8.23056e-39	8.42138e-40	7.15518e-41	-2.37143e-41	-1.00254e-40	-2.37104e-40	-3.43786e-40	-2.37147e-40	-1.00786e-40	-3.04312e-41	-7.08017e-42	-1.33593e-42	-2.11664e-43	-2.88754e-44	-3.45636e-45	-3.68387e-46	-3.53744e-47	-3.0899e-48	-2.47481e-49	-1.82985e-50	-1.25625e-51	-8.04815e-53	-4.83253e-54	-2.73014e-55	-1.45616e-56	-7.35493e-58	-3.52763e-59	-1.61076e-60	-7.30857e-62	-7.30857e-62	
1.98992e-76	1.98992e-76	7.52787e-75	2.83893e-73	1.04041e-71	3.70227e-70	1.27811e-68	4.27672e-67	1.38573e-65	4.34334e-64	1.31544e-62	3.84519e-61	1.08347e-59	2.93895e-58	7.66329e-57	1.91785e-55	4.599e-54	1.05482e-52	2.30939e-51	4.81612e-50	9.5446e-49	1.79293e-47	3.18333e-46	5.32548e-45	8.36534e-44	1.22907e-42	1.68173e-41	2.13259e-40	2.49253e-39	2.66838e-38	2.59806e-37	2.28206e-36	1.7917e-35	1.24412e-34	7.54789e-34	3.94443e-33	1.7451e-32	6.38624e-32	1.86397e-31	4.05853e-31	5.75647e-31	4.05853e-31	1.86397e-31	6.38624e-32	1.7451e-32	3.94443e-33	7.54789e-34	1.24412e-34	1.7917e-35	2.28206e-36	2.59798e-37	2.66357e-38	2.23778e-39	-8.80746e-40	-3.60333e-39	-8.51024e-39	-1.23326e-38	-8.51162e-39	-3.62028e-39	-1.09406e-39	-2.54775e-40	-4.81157e-41	-7.6302e-42	-1.04182e-42	-1.24811e-43	-1.33137e-44	-1.27949e-45	-1.1185e-46	-8.96546e-48	-6.63402e-49	-4.55786e-50	-2.92212e-51	-1.75585e-52	-9.92665e-54	-5.29819e-55	-2.67787e-56	-1.28523e-57	-5.8724e-59	-2.66628e-60	-2.66628e-60	
6.26871e-75	6.26871e-75	2.36979e-73	8.93081e-72	3.27066e-70	1.16302e-68	4.01206e-67	1.34149e-65	4.34334e-64	1.36029e-62	4.11656e-61	1.20234e-59	3.38505e-58	9.17417e-57	2.39005e-55	5.97601e-54	1.4317e-52	3.28053e-51	7.17509e-50	1.49476e-48	2.95908e-47	5.55217e-46	9.84595e-45	1.64505e-43	2.58057e-42	3.78598e-41	5.17225e-40	6.54777e-39	7.6387e-38	8.16083e-37	7.92752e-36	6.94527e-35	5.4368e-34	3.76241e-33	2.27373e-32	1.18298e-31	5.20841e-31	1.89653e-30	5.51036e-30	1.19586e-29	1.69391e-29	1.19586e-29	5.51036e-30	1.89653e-30	5.20841e-31	1.18298e-31	2.27373e-32	3.76241e-33	5.4368e-34	6.94526e-35	7.92725e-36	8.14401e-37	6.74901e-38	-3.16229e-38	-1.25678e-37	-2.9642e-37	-4.29318e-37	-2.96464e-37	-1.26201e-37	-3.81731e-38	-8.89768e-39	-1.68193e-39	-2.66964e-40	-3.64837e-41	-4.37461e-42	-4.67044e-43	-4.49218e-44	-3.93017e-45	-3.15277e-46	-2.33472e-47	-1.60528e-48	-1.02994e-49	-6.19325e-51	-3.50384e-52	-1.87143e-53	-9.46532e-55	-4.54592e-56	-2.07847e-57	-9.44344e-59	-9.44344e-59	
1.90841e-73	1.90841e-73	7.20929e-72	2.71497e-70	9.93567e-69	3.53044e-67	1.21699e-65	4.06606e-64	1.31544e-62	4.11656e-61	1.24476e-59	3.63259e-58	1.02184e-56	2.76696e-55	7.20196e-54	1.79908e-52	4.306e-51	9.85672e-50	2.15361e-48	4.48171e-47	8.86216e-46	1.66086e-44	2.94164e-43	4.90841e-42	7.68901e-41	1.12638e-39	1.53634e-38	1.94152e-37	2.26067e-36	2.41009e-35	2.33565e-34	2.04079e-33	1.59267e-32	1.09831e-31	6.61063e-31	3.42361e-30	1.4997e-29	5.43224e-29	1.57078e-28	3.397e-28	4.80501e-28	3.397e-28	1.57078e-28	5.43224e-29	1.4997e-29	3.42361e-30	6.61063e-31	1.09831e-31	1.59267e-32	2.04078e-33	2.33556e-34	2.40439e-35	1.95939e-36	-1.09719e-36	-4.2499e-36	-1.00103e-35	-1.44899e-35	-1.00117e-35	-4.26548e-36	-1.29144e-36	-3.01309e-37	-5.70111e-38	-9.05762e-39	-1.23897e-39	-1.48694e-40	-1.58889e-41	-1.52956e-42	-1.33932e-43	-1.07527e-44	-7.96908e-46	-5.48356e-47	-3.52091e-48	-2.11878e-49	-1.19958e-50	-6.41165e-52	-3.24516e-53	-1.55963e-54	-7.13574e-56	-3.24433e-57	-3.24433e-57	
5.60803e-72	5.60803e-72	2.11697e-70	7.96661e-69	2.9133e-67	1.03441e-65	3.563e-64	1.1895e-62	3.84519e-61	1.20234e-59	3.63259e-58	1.05919e-56	2.97688e-55	8.05362e-54	2.09429e-52	5.22662e-51	1.24973e-49	2.85778e-48	6.23737e-47	1.29657e-45	2.56089e-44	4.79355e-43	8.47927e-42	1.41294e-40	2.21018e-39	3.23276e-38	4.40205e-37	5.55301e-36	6.45306e-35	6.86455e-34	6.6363e-33	5.7825e-32	4.49855e-31	3.09095e-30	1.85263e-29	9.54875e-29	4.1606e-28	1.49875e-27	4.31179e-27	9.29027e-27	1.31213e-26	9.29027e-27	4.31179e-27	1.49875e-27	4.1606e-28	9.54875e-29	1.85263e-29	3.09095e-30	4.49855e-31	5.7825e-32	6.636e-33	6.84584e-34	5.46475e-35	-3.67663e-35	-1.39203e-34	-3.27445e-34	-4.73693e-34	-3.27488e-34	-1.39652e-34	-4.23232e-35	-9.8844e-36	-1.8721e-36	-2.9772e-37	-4.07631e-38	-4.8967e-39	-5.23718e-40	-5.04607e-41	-4.42227e-42	-3.55341e-43	-2.63566e-44	-1.81506e-45	-1.16633e-46	-7.02402e-48	-3.97973e-49	-2.12869e-50	-1.07818e-51	-5.18539e-53	-2.37409e-54	-1.08016e-55	-1.08016e-55	
1.58876e-70	1.58876e-70	5.99294e-69	2.2536e-67	8.23495e-66	2.92168e-64	1.00558e-62	3.35444e-61	1.08347e-59	3.38505e-58	1.02184e-56	2.97688e-55	8.35906e-54	2.25936e-52	5.86971e-51	1.46344e-49	3.49565e-48	7.98516e-47	1.74093e-45	3.61477e-44	7.1311e-43	1.33315e-41	2.3551e-40	3.91893e-39	6.12108e-38	8.9389e-37	1.21513e-35	1.52998e-34	1.77435e-33	1.88324e-32	1.81602e-31	1.57786e-30	1.22351e-29	8.37504e-29	4.9979e-28	2.56313e-27	1.1106e-26	3.97738e-26	1.13811e-25	2.44253e-25	3.44424e-25	2.44253e-25	1.13811e-25	3.97738e-26	1.1106e-26	2.56313e-27	4.9979e-28	8.37505e-29	1.22351e-29	1.57786e-30	1.81593e-31	1.87729e-32	1.4606e-33	-1.18909e-33	-4.41191e-33	-1.03644e-32	-1.49841e-32	-1.03657e-32	-4.4244e-33	-1.34224e-33	-3.138e-34	-5.94948e-35	-9.47101e-36	-1.29803e-36	-1.56077e-37	-1.67085e-38	-1.61135e-39	-1.4134e-40	-1.13669e-41	-8.4382e-43	-5.81577e-44	-3.74013e-45	-2.25418e-46	-1.27817e-47	-6.84182e-49	-3.4679e-50	-1.66905e-51	-7.64701e-53	-3.48173e-54	-3.48173e-54	
4.33353e-69	4.33353e-69	1.63339e-67	6.13758e-66	2.24102e-64	7.94466e-63	2.7322e-61	9.10664e-60	2.93895e-58	9.17417e-57	2.76696e-55	8.05362e-54	2.25936e-52	6.10098e-51	1.58345e-49	3.94388e-48	9.4107e-47	2.14737e-45	4.67642e-44	9.69847e-43	1.91093e-41	3.56785e-40	6.29426e-39	1.04587e-37	1.63107e-36	2.37801e-35	3.22688e-34	4.0552e-33	4.69297e-32	4.96934e-31	4.77945e-30	4.14038e-29	3.19965e-28	2.18163e-27	1.29601e-26	6.61175e-26	2.8481e-25	1.01372e-24	2.88416e-24	6.16371e-24	8.67667e-24	6.16371e-24	2.88416e-24	1.01372e-24	2.8481e-25	6.61175e-26	1.29601e-26	2.18163e-27	3.19965e-28	4.14037e-29	4.77917e-30	4.95107e-31	3.73009e-32	-3.70882e-32	-1.35159e-31	-3.17093e-31	-4.58134e-31	-3.17132e-31	-1.35494e-31	-4.1149e-32	-9.63058e-33	-1.82786e-33	-2.91283e-34	-3.99621e-35	-4.80986e-36	-5.15409e-37	-4.9752e-38	-4.368e-39	-3.51596e-40	-2.61233e-41	-1.80199e-42	-1.15981e-43	-6.9958e-45	-3.96987e-46	-2.12663e-47	-1.07873e-48	-5.19557e-50	-2.38213e-51	-1.08539e-52	-1.08539e-52	
1.13642e-67	1.13642e-67	4.28003e-66	1.60699e-64	5.86298e-63	2.07681e-61	7.13633e-60	2.37659e-58	7.66329e-57	2.39005e-55	7.20196e-54	2.09429e-52	5.86971e-51	1.58345e-49	4.10555e-48	1.0215e-46	2.43482e-45	5.54963e-44	1.20716e-42	2.5005e-41	4.92057e-40	9.17482e-39	1.61631e-37	2.68169e-36	4.17554e-35	6.07738e-34	8.23167e-33	1.03241e-31	1.19216e-30	1.25931e-29	1.20791e-28	1.04318e-27	8.03324e-27	5.45502e-26	3.22524e-25	1.6364e-24	7.00564e-24	2.47728e-23	7.00528e-23	1.49035e-22	2.09413e-22	1.49035e-22	7.00528e-23	2.47728e-23	7.00564e-24	1.6364e-24	3.22524e-25	5.45502e-26	8.03324e-27	1.04318e-27	1.20782e-28	1.25389e-29	9.06831e-31	-1.11461e-30	-3.99761e-30	-9.36621e-30	-1.35231e-29	-9.36738e-30	-4.00629e-30	-1.21805e-30	-2.85396e-31	-5.42279e-32	-8.65105e-33	-1.18812e-33	-1.43151e-34	-1.53549e-35	-1.48363e-36	-1.30379e-37	-1.05042e-38	-7.81153e-40	-5.39305e-41	-3.47405e-42	-2.09722e-43	-1.19105e-44	-6.38536e-46	-3.24144e-47	-1.56237e-48	-7.16862e-50	-3.26874e-51	-3.26874e-51	
2.86077e-66	2.86077e-66	1.07657e-64	4.03888e-63	1.47235e-61	5.21108e-60	1.78911e-58	5.95305e-57	1.91785e-55	5.97601e-54	1.79908e-52	5.22662e-51	1.46344e-49	3.94388e-48	1.0215e-46	2.53883e-45	6.04474e-44	1.37617e-42	2.98985e-41	6.18535e-40	1.21557e-38	2.2634e-37	3.98156e-36	6.59578e-35	1.02531e-33	1.48967e-32	2.01389e-31	2.52056e-30	2.90399e-29	3.05984e-28	2.92667e-27	2.51946e-26	1.93305e-25	1.30708e-24	7.68972e-24	3.87917e-23	1.64995e-22	5.79415e-22	1.62783e-21	3.44641e-21	4.8331e-21	3.44641e-21	1.62783e-21	5.79415e-22	1.64995e-22	3.87917e-23	7.68973e-24	1.30708e-24	1.93305e-25	2.51946e-26	2.92642e-27	3.04433e-28	2.08856e-29	-3.22428e-29	-1.14013e-28	-2.66768e-28	-3.84889e-28	-2.66802e-28	-1.1423e-28	-3.47703e-29	-8.15651e-30	-1.55162e-30	-2.47813e-31	-3.40717e-32	-4.10951e-33	-4.41258e-34	-4.26784e-35	-3.75415e-36	-3.02746e-37	-2.25345e-38	-1.55716e-39	-1.00395e-40	-6.06574e-42	-3.44769e-43	-1.84983e-44	-9.39777e-46	-4.53318e-47	-2.08151e-48	-9.49848e-50	-9.49848e-50	
6.90173e-65	6.90173e-65	2.5951e-63	9.72783e-62	3.54323e-60	1.25298e-58	4.29806e-57	1.42885e-55	4.599e-54	1.4317e-52	4.306e-51	1.24973e-49	3.49565e-48	9.4107e-47	2.43482e-45	6.04474e-44	1.43754e-42	3.26883e-41	7.09294e-40	1.46546e-38	2.87605e-37	5.34752e-36	9.39259e-35	1.55346e-33	2.4107e-32	3.49608e-31	4.71697e-30	5.89099e-29	6.77107e-28	7.11576e-27	6.78606e-26	5.82241e-25	4.45014e-24	2.9957e-23	1.75328e-22	8.79124e-22	3.71358e-21	1.29453e-20	3.61159e-20	7.60662e-20	1.06445e-19	7.60662e-20	3.61159e-20	1.29453e-20	3.71358e-21	8.79124e-22	1.75328e-22	2.9957e-23	4.45015e-24	5.82241e-25	6.78539e-26	7.07303e-27	4.52666e-28	-8.96764e-28	-3.13132e-27	-7.31669e-27	-1.05485e-26	-7.31769e-27	-3.13657e-27	-9.55907e-28	-2.24516e-28	-4.27618e-29	-6.83768e-30	-9.41191e-31	-1.13646e-31	-1.22159e-32	-1.18275e-33	-1.04143e-34	-8.40663e-36	-6.26327e-37	-4.33196e-38	-2.79544e-39	-1.69044e-40	-9.61635e-42	-5.16382e-43	-2.6255e-44	-1.26745e-45	-5.82425e-47	-2.65982e-48	-2.65982e-48	
1.59288e-63	1.59288e-63	5.98422e-62	2.24129e-60	8.15652e-59	2.8818e-57	9.87641e-56	3.28028e-54	1.05482e-52	3.28053e-51	9.85672e-50	2.85778e-48	7.98516e-47	2.14737e-45	5.54963e-44	1.37617e-42	3.26883e-41	7.42373e-40	1.60876e-38	3.31932e-37	6.50509e-36	1.2077e-34	2.1179e-33	3.49697e-32	5.417e-31	7.84087e-30	1.05572e-28	1.31551e-27	1.50831e-26	1.58075e-25	1.50288e-24	1.28497e-23	9.78188e-23	6.55423e-22	3.81507e-21	1.90078e-20	7.97089e-20	2.75684e-19	7.63382e-19	1.59878e-18	2.23212e-18	1.59878e-18	7.63382e-19	2.75684e-19	7.97089e-20	1.90078e-20	3.81507e-21	6.55423e-22	9.78189e-23	1.28497e-23	1.5027e-24	1.56942e-25	9.14172e-27	-2.39504e-26	-8.26991e-26	-1.92966e-25	-2.77983e-25	-1.92995e-25	-8.28216e-26	-2.52734e-26	-5.94375e-27	-1.1335e-27	-1.81473e-28	-2.50092e-29	-3.02329e-30	-3.25337e-31	-3.15332e-32	-2.77946e-33	-2.24589e-34	-1.67491e-35	-1.15954e-36	-7.48947e-38	-4.53302e-39	-2.58093e-40	-1.38709e-41	-7.05833e-43	-3.41012e-44	-1.56826e-45	-7.16765e-47	-7.16765e-47	
3.51007e-62	3.51007e-62	1.31751e-60	4.93018e-59	1.79258e-57	6.32758e-56	2.16653e-54	7.18886e-53	2.30939e-51	7.17509e-50	2.15361e-48	6.23737e-47	1.74093e-45	4.67642e-44	1.20716e-42	2.98985e-41	7.09294e-40	1.60876e-38	3.48155e-37	7.17322e-36	1.4037e-34	2.60197e-33	4.55545e-32	7.50854e-31	1.16094e-29	1.67705e-28	2.25314e-27	2.80099e-26	3.20318e-25	3.34739e-24	3.17226e-23	2.7024e-22	2.04857e-21	1.36591e-20	7.90508e-20	3.91207e-19	1.62787e-18	5.58305e-18	1.53353e-17	3.19216e-17	4.44553e-17	3.19216e-17	1.53353e-17	5.58305e-18	1.62787e-18	3.91207e-19	7.90508e-20	1.36591e-20	2.04858e-21	2.7024e-22	3.17181e-23	3.31858e-24	1.69289e-25	-6.13391e-25	-2.09701e-24	-4.88604e-24	-7.03289e-24	-4.88685e-24	-2.09978e-24	-6.41632e-25	-1.51104e-25	-2.88547e-26	-4.62561e-27	-6.38266e-28	-7.72512e-29	-8.32268e-30	-8.07578e-31	-7.12601e-32	-5.76406e-33	-4.30299e-34	-2.98187e-35	-1.92781e-36	-1.16789e-37	-6.65542e-39	-3.57998e-40	-1.82325e-41	-8.81598e-43	-4.05759e-44	-1.85601e-45	-1.85601e-45	
7.36949e-61	7.36949e-61	2.76361e-59	1.0332e-57	3.75313e-56	1.32355e-54	4.52733e-53	1.50073e-51	4.81612e-50	1.49476e-48	4.48171e-47	1.29657e-45	3.61477e-44	9.69847e-43	2.5005e-41	6.18535e-40	1.46546e-38	3.31932e-37	7.17323e-36	1.47575e-34	2.88335e-33	5.33599e-32	9.32595e-31	1.53434e-29	2.36769e-28	3.41307e-27	4.5751e-26	5.67346e-25	6.47049e-24	6.74144e-23	6.36714e-22	5.40324e-21	4.07786e-20	2.70496e-19	1.55599e-18	7.64548e-18	3.15523e-17	1.07242e-16	2.92006e-16	6.03805e-16	8.38572e-16	6.03805e-16	2.92006e-16	1.07242e-16	3.15523e-17	7.64548e-18	1.55599e-18	2.70497e-19	4.07786e-20	5.40324e-21	6.36604e-22	6.67113e-23	2.78995e-24	-1.50414e-23	-5.09681e-23	-1.1858e-22	-1.70533e-22	-1.18603e-22	-5.10293e-23	-1.56155e-23	-3.68274e-24	-7.04246e-25	-1.13049e-25	-1.56196e-26	-1.89286e-27	-2.04176e-28	-1.9835e-29	-1.75219e-30	-1.41884e-31	-1.0603e-32	-7.35508e-34	-4.75979e-35	-2.88626e-36	-1.64631e-37	-8.86345e-39	-4.51799e-40	-2.18644e-41	-1.00715e-42	-4.6107e-44	-4.6107e-44	
1.47077e-59	1.47077e-59	5.51017e-58	2.05807e-56	7.4687e-55	2.63122e-53	8.99122e-52	2.97733e-50	9.5446e-49	2.95908e-47	8.86216e-46	2.56089e-44	7.1311e-43	1.91093e-41	4.92057e-40	1.21557e-38	2.87605e-37	6.50509e-36	1.4037e-34	2.88335e-33	5.62437e-32	1.03907e-30	1.81273e-29	2.97661e-28	4.58386e-27	6.59311e-26	8.81669e-25	1.09049e-23	1.24012e-22	1.28795e-21	1.2121e-20	1.02444e-19	7.6954e-19	5.0768e-18	2.90162e-17	1.41494e-16	5.78805e-16	1.94826e-15	5.25477e-15	1.0787e-14	1.49359e-14	1.0787e-14	5.25478e-15	1.94826e-15	5.78805e-16	1.41494e-16	2.90163e-17	5.07681e-18	7.69542e-19	1.02444e-19	1.21185e-20	1.27153e-21	3.81798e-23	-3.52558e-22	-1.18524e-21	-2.75328e-21	-3.95586e-21	-2.75389e-21	-1.18656e-21	-3.63655e-22	-8.58948e-23	-1.64499e-23	-2.64441e-24	-3.6587e-25	-4.43967e-26	-4.79496e-27	-4.66381e-28	-4.12476e-29	-3.3438e-30	-2.50154e-31	-1.73708e-32	-1.12528e-33	-6.8302e-35	-3.8996e-36	-2.10142e-37	-1.07212e-38	-5.19292e-40	-2.39406e-41	-1.09693e-42	-1.09693e-42	
2.78314e-58	2.78314e-58	1.04165e-56	3.88671e-55	1.40904e-53	4.95889e-52	1.69271e-50	5.59909e-49	1.79293e-47	5.55217e-46	1.66086e-44	4.79355e-43	1.33315e-41	3.56785e-40	9.17482e-39	2.2634e-37	5.34752e-36	1.2077e-34	2.60197e-33	5.33599e-32	1.03907e-30	1.91615e-29	3.33646e-28	5.46751e-27	8.40143e-26	1.20558e-24	1.6081e-23	1.98348e-22	2.24882e-21	2.32769e-20	2.18235e-19	1.83655e-18	1.37276e-17	9.00403e-17	5.11111e-16	2.47223e-15	1.00178e-14	3.33677e-14	8.9072e-14	1.81393e-13	2.50322e-13	1.81393e-13	8.9072e-14	3.33677e-14	1.00178e-14	2.47224e-15	5.11111e-16	9.00405e-17	1.37277e-17	1.83655e-18	2.18179e-19	2.29109e-20	3.37091e-22	-7.88426e-21	-2.63187e-20	-6.10391e-20	-8.76126e-20	-6.10547e-20	-2.63465e-20	-8.08778e-21	-1.91341e-21	-3.67019e-22	-5.90892e-23	-8.1872e-24	-9.94857e-25	-1.0759e-25	-1.0478e-26	-9.27826e-28	-7.53038e-29	-5.63993e-30	-3.92065e-31	-2.54246e-32	-1.54478e-33	-8.82833e-35	-4.76193e-36	-2.43172e-37	-1.17888e-38	-5.43965e-40	-2.49458e-41	-2.49458e-41	
4.97972e-57	4.97972e-57	1.8618e-55	6.93966e-54	2.51313e-52	8.83486e-51	3.01239e-49	9.95287e-48	3.18333e-46	9.84595e-45	2.94164e-43	8.47927e-42	2.3551e-40	6.29426e-39	1.61631e-37	3.98156e-36	9.39259e-35	2.1179e-33	4.55545e-32	9.32595e-31	1.81273e-29	3.33646e-28	5.79777e-27	9.48042e-26	1.45341e-24	2.08043e-23	2.76759e-22	3.40366e-21	3.84657e-20	3.96724e-19	3.70458e-18	3.10334e-17	2.30743e-16	1.50413e-15	8.47595e-15	4.06431e-14	1.63019e-13	5.36833e-13	1.41688e-12	2.86012e-12	3.93231e-12	2.86012e-12	1.41688e-12	5.36833e-13	1.63019e-13	4.06432e-14	8.47597e-15	1.50414e-15	2.30744e-16	3.10336e-17	3.70341e-18	3.88944e-19	-2.1138e-21	-1.67876e-19	-5.5684e-19	-1.28925e-18	-1.84856e-18	-1.28964e-18	-5.57415e-19	-1.71411e-19	-4.06225e-20	-7.80493e-21	-1.25859e-21	-1.74652e-22	-2.12535e-23	-2.30168e-24	-2.24456e-25	-1.99009e-26	-1.61716e-27	-1.21261e-28	-8.4391e-30	-5.47852e-31	-3.33221e-32	-1.90627e-33	-1.02923e-34	-5.26087e-36	-2.55278e-37	-1.17897e-38	-5.41156e-40	-5.41156e-40	
8.39884e-56	8.39884e-56	3.13664e-54	1.16785e-52	4.22449e-51	1.48339e-49	5.0519e-48	1.66711e-46	5.32548e-45	1.64505e-43	4.90841e-42	1.41294e-40	3.91893e-39	1.04587e-37	2.68169e-36	6.59579e-35	1.55346e-33	3.49697e-32	7.50855e-31	1.53434e-29	2.97662e-28	5.46752e-27	9.48042e-26	1.54666e-24	2.36532e-23	3.3768e-22	4.4793e-21	5.49157e-20	6.18484e-19	6.35451e-18	5.90833e-17	4.92524e-16	3.64142e-15	2.35805e-14	1.31839e-13	6.2629e-13	2.48443e-12	8.08022e-12	2.1062e-11	4.21011e-11	5.76434e-11	4.21011e-11	2.1062e-11	8.08022e-12	2.48443e-12	6.26291e-13	1.3184e-13	2.35807e-14	3.64147e-15	4.92532e-16	5.90601e-17	6.19731e-18	-2.00481e-19	-3.39565e-18	-1.11988e-17	-2.58819e-17	-3.70677e-17	-2.58911e-17	-1.12105e-17	-3.45376e-18	-8.20006e-19	-1.5783e-19	-2.54941e-20	-3.54348e-21	-4.31872e-22	-4.68389e-23	-4.57403e-24	-4.06088e-25	-3.30412e-26	-2.48059e-27	-1.72838e-28	-1.12331e-29	-6.83975e-31	-3.91695e-32	-2.11699e-33	-1.08315e-34	-5.26086e-36	-2.4319e-37	-1.1173e-38	-1.1173e-38	
1.33076e-54	1.33076e-54	4.96402e-53	1.84606e-51	6.66978e-50	2.33916e-48	7.95633e-47	2.62219e-45	8.36534e-44	2.58057e-42	7.68901e-41	2.21018e-39	6.12108e-38	1.63107e-36	4.17554e-35	1.02531e-33	2.4107e-32	5.41701e-31	1.16094e-29	2.36769e-28	4.58386e-27	8.40144e-26	1.45341e-24	2.36532e-23	3.60778e-22	5.136e-21	6.79197e-20	8.29899e-19	9.31222e-18	9.52843e-17	8.81852e-16	7.31257e-15	5.37365e-14	3.45502e-13	1.9154e-12	9.00701e-12	3.53023e-11	1.13257e-10	2.91163e-10	5.75668e-10	7.84488e-10	5.75668e-10	2.91163e-10	1.13257e-10	3.53023e-11	9.00704e-12	1.91541e-12	3.45507e-13	5.37376e-14	7.31278e-15	8.81418e-16	9.2272e-17	-6.36165e-18	-6.50838e-17	-2.13523e-16	-4.92536e-16	-7.04534e-16	-4.92743e-16	-2.13755e-16	-6.59863e-17	-1.56976e-17	-3.02712e-18	-4.89848e-19	-6.82018e-20	-8.32582e-21	-9.04375e-22	-8.84463e-23	-7.86338e-24	-6.40658e-25	-4.81593e-26	-3.35969e-27	-2.18609e-28	-1.3326e-29	-7.6398e-31	-4.13341e-32	-2.11698e-33	-1.02923e-34	-4.76226e-36	-2.19004e-37	-2.19004e-37	
1.97336e-53	1.97336e-53	7.35179e-52	2.73062e-50	9.853e-49	3.45102e-47	1.17224e-45	3.85807e-44	1.22907e-42	3.78598e-41	1.12638e-39	3.23276e-38	8.9389e-37	2.37801e-35	6.07738e-34	1.48967e-32	3.49608e-31	7.84087e-30	1.67705e-28	3.41308e-27	6.59311e-26	1.20558e-24	2.08043e-23	3.3768e-22	5.136e-21	7.28927e-20	9.60764e-19	1.1697e-17	1.30728e-16	1.3317e-15	1.22633e-14	1.01112e-13	7.38136e-13	4.70925e-12	2.58674e-11	1.20299e-10	4.65318e-10	1.47047e-09	3.72239e-09	7.2693e-09	9.85331e-09	7.2693e-09	3.72239e-09	1.47047e-09	4.65319e-10	1.203e-10	2.58676e-11	4.70935e-12	7.38162e-13	1.01117e-13	1.22557e-14	1.27712e-15	-1.52927e-16	-1.17873e-15	-3.84847e-15	-8.85911e-15	-1.26553e-14	-8.86349e-15	-3.85293e-15	-1.19198e-15	-2.84165e-16	-5.49093e-17	-8.90255e-18	-1.24176e-18	-1.51852e-19	-1.65215e-20	-1.61829e-21	-1.44087e-22	-1.17558e-23	-8.84886e-25	-6.18104e-26	-4.02684e-27	-2.45758e-28	-1.41052e-29	-7.63977e-31	-3.91693e-32	-1.90626e-33	-8.82893e-35	-4.0642e-36	-4.0642e-36	
2.72712e-52	2.72712e-52	1.01462e-50	3.76343e-49	1.3561e-47	4.74307e-46	1.6088e-44	5.28702e-43	1.68173e-41	5.17225e-40	1.53634e-38	4.40206e-37	1.21513e-35	3.22688e-34	8.23168e-33	2.01389e-31	4.71698e-30	1.05572e-28	2.25314e-27	4.57511e-26	8.8167e-25	1.6081e-23	2.7676e-22	4.4793e-21	6.79198e-20	9.60764e-19	1.26179e-17	1.53016e-16	1.70273e-15	1.72617e-14	1.58094e-13	1.29541e-12	9.38871e-12	5.93934e-11	3.22956e-10	1.48375e-09	5.65593e-09	1.75752e-08	4.37239e-08	8.41952e-08	1.13423e-07	8.41952e-08	4.3724e-08	1.75752e-08	5.65596e-09	1.48376e-09	3.22961e-10	5.93953e-11	9.38925e-12	1.29551e-12	1.57967e-13	1.63293e-14	-3.13586e-15	-2.01087e-14	-6.53573e-14	-1.50118e-13	-2.1413e-13	-1.50205e-13	-6.54399e-14	-2.02927e-14	-4.84881e-15	-9.38985e-16	-1.52554e-16	-2.13202e-17	-2.61197e-18	-2.84677e-19	-2.79298e-20	-2.49065e-21	-2.03508e-22	-1.53401e-23	-1.07296e-24	-6.99913e-26	-4.27683e-27	-2.45757e-28	-1.33259e-29	-6.83967e-31	-3.33217e-32	-1.54488e-33	-7.11874e-35	-7.11874e-35	
3.49571e-51	3.49571e-51	1.29867e-49	4.80999e-48	1.73063e-46	6.04374e-45	2.04676e-43	6.7155e-42	2.13259e-40	6.54777e-39	1.94152e-37	5.55301e-36	1.52999e-34	4.0552e-33	1.03241e-31	2.52056e-30	5.891e-29	1.31551e-27	2.80099e-26	5.67347e-25	1.09049e-23	1.98349e-22	3.40367e-21	5.49157e-20	8.299e-19	1.1697e-17	1.53016e-16	1.84762e-15	2.04624e-14	2.06342e-13	1.87852e-12	1.52873e-11	1.0992e-10	6.88869e-10	3.70402e-09	1.67883e-08	6.29599e-08	1.91968e-07	4.68236e-07	8.87188e-07	1.18662e-06	8.87188e-07	4.68237e-07	1.91969e-07	6.29603e-08	1.67886e-08	3.70412e-09	6.88905e-10	1.0993e-10	1.52893e-11	1.87655e-12	1.91383e-13	-5.70561e-14	-3.21988e-13	-1.04204e-12	-2.38766e-12	-3.40032e-12	-2.38927e-12	-1.04349e-12	-3.24413e-13	-7.77093e-14	-1.50841e-14	-2.4561e-15	-3.4397e-16	-4.22229e-17	-4.61033e-18	-4.5311e-19	-4.04727e-20	-3.31212e-21	-2.50032e-22	-1.75131e-23	-1.14395e-24	-6.99908e-26	-4.02678e-27	-2.18605e-28	-1.12329e-29	-5.47842e-31	-2.5426e-32	-1.17286e-33	-1.17286e-33	
4.13417e-50	4.13417e-50	1.5334e-48	5.67032e-47	2.03684e-45	7.10122e-44	2.40076e-42	7.86315e-41	2.49253e-39	7.6387e-38	2.26067e-36	6.45307e-35	1.77435e-33	4.69297e-32	1.19216e-30	2.90399e-29	6.77108e-28	1.50831e-26	3.20318e-25	6.47051e-24	1.24012e-22	2.24883e-21	3.84658e-20	6.18486e-19	9.31224e-18	1.30728e-16	1.70273e-15	2.04624e-14	2.2543e-13	2.25989e-12	2.04375e-11	1.65056e-10	1.17632e-09	7.29523e-09	3.87363e-08	1.72915e-07	6.36603e-07	1.89955e-06	4.52896e-06	8.42118e-06	1.11681e-05	8.42119e-06	4.52897e-06	1.89956e-06	6.3661e-07	1.72918e-07	3.8738e-08	7.29581e-09	1.17649e-09	1.65091e-10	2.04087e-11	2.03531e-12	-9.36281e-13	-4.81998e-12	-1.55337e-11	-3.54989e-11	-5.04649e-11	-3.55266e-11	-1.55579e-11	-4.85039e-12	-1.165e-12	-2.26717e-13	-3.70043e-14	-5.19398e-15	-6.38908e-16	-6.98999e-17	-6.88258e-18	-6.15838e-19	-5.04808e-20	-3.81675e-21	-2.67735e-22	-1.75129e-23	-1.07294e-24	-6.18089e-26	-3.3596e-27	-1.72834e-28	-8.43888e-30	-3.92086e-31	-1.81059e-32	-1.81059e-32	
4.48381e-49	4.48381e-49	1.66015e-47	6.12822e-46	2.19736e-44	7.6467e-43	2.58028e-41	8.43473e-40	2.66838e-38	8.16082e-37	2.41008e-35	6.86456e-34	1.88324e-32	4.96934e-31	1.25931e-29	3.05984e-28	7.11577e-27	1.58075e-25	3.3474e-24	6.74146e-23	1.28795e-21	2.3277e-20	3.96726e-19	6.35454e-18	9.52848e-17	1.33171e-15	1.72617e-14	2.06342e-13	2.2599e-12	2.25063e-11	2.02023e-10	1.61763e-09	1.14138e-08	6.99505e-08	3.66155e-07	1.60624e-06	5.78932e-06	1.68475e-05	3.91121e-05	7.11212e-05	9.33598e-05	7.11212e-05	3.91122e-05	1.68476e-05	5.78941e-06	1.60629e-06	3.66178e-07	6.99589e-08	1.14162e-08	1.61815e-09	2.01626e-10	1.93653e-11	-1.39511e-11	-6.71452e-11	-2.15499e-10	-4.91035e-10	-6.96666e-10	-4.91472e-10	-2.15872e-10	-6.75096e-11	-1.62632e-11	-3.17376e-12	-5.19363e-13	-7.30752e-14	-9.00923e-15	-9.87738e-16	-9.74482e-17	-8.73564e-18	-7.1732e-19	-5.43245e-20	-3.81668e-21	-2.50025e-22	-1.53395e-23	-8.84851e-25	-4.81574e-26	-2.48049e-27	-1.21256e-28	-5.64017e-30	-2.60749e-31	-2.60749e-31	
4.42941e-48	4.42941e-48	1.63679e-46	6.03015e-45	2.15786e-43	7.49379e-42	2.52335e-40	8.23075e-39	2.59805e-37	7.9275e-36	2.33565e-34	6.6363e-33	1.81602e-31	4.77946e-30	1.20791e-28	2.92667e-27	6.78608e-26	1.50288e-24	3.17227e-23	6.36716e-22	1.2121e-20	2.18236e-19	3.7046e-18	5.90837e-17	8.81859e-16	1.22634e-14	1.58095e-13	1.87854e-12	2.04376e-11	2.02024e-10	1.7981e-09	1.42576e-08	9.94538e-08	6.01251e-07	3.09561e-06	1.33069e-05	4.67809e-05	0.000132161	0.000297196	0.000526019	0.000681824	0.00052602	0.000297197	0.000132162	4.67819e-05	1.33075e-05	3.0959e-06	6.01355e-07	9.94846e-08	1.42642e-08	1.79295e-09	1.61309e-10	-1.89099e-10	-8.65912e-10	-2.76739e-09	-6.2852e-09	-8.89738e-09	-6.29154e-09	-2.77271e-09	-8.70088e-10	-2.10294e-10	-4.11644e-11	-6.75537e-12	-9.52991e-13	-1.17778e-13	-1.29421e-14	-1.27954e-15	-1.1493e-16	-9.45495e-18	-7.17301e-19	-5.04786e-20	-3.31194e-21	-2.03496e-22	-1.17551e-23	-6.40621e-25	-3.30394e-26	-1.61708e-27	-7.53062e-29	-3.48555e-30	-3.48555e-30	
3.95465e-47	3.95465e-47	1.45814e-45	5.36016e-44	1.91378e-42	6.63079e-41	2.22745e-39	7.24784e-38	2.28204e-36	6.94523e-35	2.04078e-33	5.78249e-32	1.57786e-30	4.14038e-29	1.04318e-27	2.51947e-26	5.82243e-25	1.28498e-23	2.70242e-22	5.40327e-21	1.02444e-19	1.83656e-18	3.10337e-17	4.9253e-16	7.31268e-15	1.01114e-13	1.29543e-12	1.52875e-11	1.65058e-10	1.61765e-09	1.42577e-08	1.1178e-07	7.6939e-07	4.57751e-06	2.31113e-05	9.69671e-05	0.000330793	0.000901371	0.00194903	0.00333541	0.00425422	0.00333542	0.00194904	0.000901383	0.000330803	9.69732e-05	2.31142e-05	4.5786e-06	7.69719e-07	1.11851e-07	1.41946e-08	1.13136e-09	-2.32849e-09	-1.0275e-08	-3.26937e-08	-7.39805e-08	-1.04462e-07	-7.40638e-08	-3.27631e-08	-1.03206e-08	-2.5035e-09	-4.91708e-10	-8.09441e-11	-1.14516e-11	-1.41903e-12	-1.56313e-13	-1.54893e-14	-1.39422e-15	-1.14926e-16	-8.73509e-18	-6.15791e-19	-4.04693e-20	-2.49044e-21	-1.44075e-22	-7.86277e-24	-4.06059e-25	-1.98996e-26	-9.27844e-28	-4.29977e-29	-4.29977e-29	
3.16279e-46	3.16279e-46	1.16328e-44	4.26562e-43	1.5191e-41	5.24953e-40	1.7587e-38	5.7067e-37	1.79167e-35	5.43672e-34	1.59265e-32	4.49852e-31	1.2235e-29	3.19964e-28	8.03324e-27	1.93306e-25	4.45017e-24	9.78195e-23	2.04859e-21	4.0779e-20	7.69551e-19	1.37278e-17	2.30747e-16	3.6415e-15	5.37379e-14	7.38157e-13	9.389e-12	1.09923e-10	1.17636e-09	1.14141e-08	9.94564e-08	7.69402e-07	5.21268e-06	3.04237e-05	0.00015	0.000610822	0.00200679	0.00522361	0.0107426	0.0175985	0.021971	0.0175985	0.0107427	0.0052237	0.00200687	0.00061087	0.000150024	3.0433e-05	5.21559e-06	7.70029e-07	9.87361e-08	6.10006e-09	-2.59511e-08	-1.11392e-07	-3.52763e-07	-7.94918e-07	-1.11919e-06	-7.95904e-07	-3.53581e-07	-1.11862e-07	-2.72451e-08	-5.37123e-09	-8.87237e-10	-1.25917e-10	-1.56481e-11	-1.72829e-12	-1.7168e-13	-1.54885e-14	-1.27943e-15	-9.74376e-17	-6.88175e-18	-4.53054e-19	-2.79265e-20	-1.6181e-21	-8.84372e-23	-4.57361e-24	-2.24438e-25	-1.04781e-26	-4.86186e-28	-4.86186e-28	
2.24275e-45	2.24275e-45	8.22576e-44	3.00783e-42	1.06807e-40	3.67992e-39	1.22906e-37	3.97548e-36	1.24406e-34	3.76226e-33	1.09828e-31	3.09088e-30	8.37491e-29	2.18161e-27	5.455e-26	1.30708e-24	2.99571e-23	6.55429e-22	1.36593e-20	2.70501e-19	5.07692e-18	9.00428e-17	1.50418e-15	2.35815e-14	3.45518e-13	4.70949e-12	5.93967e-11	6.88909e-10	7.29566e-09	6.99546e-08	6.01283e-07	4.57771e-06	3.04245e-05	0.000173433	0.000830035	0.00325307	0.0101733	0.024916	0.0479142	0.0739967	0.0896954	0.0739969	0.0479145	0.0249165	0.0101738	0.00325337	0.000830192	0.000173497	3.0445e-05	4.58196e-06	5.93735e-07	1.72681e-08	-2.60247e-07	-1.09401e-06	-3.44671e-06	-7.72963e-06	-1.08462e-05	-7.74005e-06	-3.45532e-06	-1.09853e-06	-2.68783e-07	-5.32112e-08	-8.82309e-09	-1.25652e-09	-1.56645e-10	-1.73511e-11	-1.72817e-12	-1.56294e-13	-1.29401e-14	-9.87573e-16	-6.98879e-17	-4.60955e-18	-2.84632e-19	-1.65191e-20	-9.04256e-22	-4.68334e-23	-2.30145e-24	-1.07588e-25	-4.99876e-27	-4.99876e-27	
1.3932e-44	1.3932e-44	5.09388e-43	1.85676e-41	6.57184e-40	2.25664e-38	7.51078e-37	2.42066e-35	7.54676e-34	2.27346e-32	6.61e-31	1.85249e-29	4.99762e-28	1.29595e-26	3.22515e-25	7.68962e-24	1.75327e-22	3.81509e-21	7.90522e-20	1.55603e-18	2.90173e-17	5.11135e-16	8.47645e-15	1.31848e-13	1.91555e-12	2.58697e-11	3.22987e-10	3.7044e-09	3.87404e-08	3.66193e-07	3.09592e-06	2.31133e-05	0.000150011	0.000830068	0.0038226	0.0142345	0.0415968	0.0935985	0.164086	0.233793	0.272146	0.233794	0.164087	0.0936003	0.0415986	0.0142358	0.00382336	0.000830397	0.000150122	2.31333e-05	3.02484e-06	-1.02936e-07	-2.32937e-06	-9.63578e-06	-3.01822e-05	-6.73107e-05	-9.40769e-05	-6.74076e-05	-3.02624e-05	-9.67531e-06	-2.37965e-06	-4.73326e-07	-7.88174e-08	-1.12677e-08	-1.40959e-09	-1.56631e-10	-1.56457e-11	-1.41875e-12	-1.17752e-13	-9.00712e-15	-6.3876e-16	-4.22136e-17	-2.61144e-18	-1.51824e-19	-8.32446e-21	-4.3181e-22	-2.12509e-23	-9.94827e-25	-4.62854e-26	-4.62854e-26	
7.47077e-44	7.47077e-44	2.72231e-42	9.88912e-41	3.48773e-39	1.19319e-37	3.95602e-36	1.26989e-34	3.94253e-33	1.18252e-31	3.42252e-30	9.54634e-29	2.56263e-27	6.61076e-26	1.63622e-24	3.87889e-23	8.79085e-22	1.90074e-20	3.91211e-19	7.64572e-18	1.41502e-16	2.47242e-15	4.06471e-14	6.26364e-13	9.00826e-12	1.20318e-10	1.484e-09	1.67914e-08	1.72946e-07	1.60653e-06	1.33091e-05	9.6982e-05	0.000610901	0.00325339	0.0142353	0.0494049	0.131232	0.262497	0.407235	0.524472	0.581069	0.524473	0.407238	0.262502	0.131236	0.049409	0.0142378	0.00325459	0.000611329	9.70222e-05	1.27204e-05	-2.09869e-06	-1.84095e-05	-7.51743e-05	-0.000233913	-0.000518248	-0.000720925	-0.000519031	-0.000234563	-7.54828e-05	-1.8676e-05	-3.73467e-06	-6.2487e-07	-8.97145e-08	-1.12666e-08	-1.25628e-09	-1.25886e-10	-1.14483e-11	-9.52699e-13	-7.30527e-14	-5.19245e-15	-3.43876e-16	-2.13149e-17	-1.24149e-18	-6.81884e-20	-3.54287e-21	-1.74626e-22	-8.18681e-24	-3.8145e-25	-3.8145e-25	
3.3894e-43	3.3894e-43	1.23112e-41	4.45731e-40	1.56647e-38	5.33905e-37	1.76317e-35	5.63618e-34	1.74214e-32	5.20112e-31	1.49799e-29	4.15677e-28	1.10978e-26	2.84646e-25	7.00255e-24	1.64941e-22	3.71272e-21	7.96972e-20	1.62774e-18	3.1552e-17	5.78832e-16	1.00188e-14	1.63043e-13	2.4849e-12	3.53105e-11	4.65443e-10	5.65759e-09	6.29792e-08	6.368e-07	5.79106e-06	4.6794e-05	0.000330877	0.00200723	0.0101752	0.0416021	0.13124	0.306756	0.529737	0.717802	0.836444	0.885022	0.836447	0.717808	0.529745	0.306764	0.131248	0.0416073	0.0101779	0.00200826	0.000330612	4.25899e-05	-1.97717e-05	-0.000126671	-0.000511518	-0.00157942	-0.00347199	-0.00480239	-0.00347739	-0.00158392	-0.000513614	-0.000127959	-2.57451e-05	-4.33094e-06	-6.24799e-07	-7.88003e-08	-8.82047e-09	-8.86926e-10	-8.09134e-11	-6.75277e-12	-5.19168e-13	-3.69912e-14	-2.45531e-15	-1.52509e-16	-8.90025e-18	-4.89738e-19	-2.54892e-20	-1.25838e-21	-5.90856e-23	-2.75714e-24	-2.75714e-24	
1.25718e-42	1.25718e-42	4.55951e-41	1.64768e-39	5.77741e-38	1.96391e-36	6.466e-35	2.05992e-33	6.34325e-32	1.88595e-30	5.40731e-29	1.49315e-27	3.96538e-26	1.01128e-24	2.4726e-23	5.78571e-22	1.29311e-20	2.75466e-19	5.58004e-18	1.07207e-16	1.94798e-15	3.3368e-14	5.36911e-13	8.08232e-12	1.13298e-10	1.4711e-09	1.75837e-08	1.92066e-07	1.90051e-06	1.68556e-05	0.000132219	0.000901726	0.0052254	0.0249231	0.0936192	0.262536	0.529777	0.790499	0.957334	1.03881	1.06612	1.03881	0.957343	0.79051	0.529786	0.262542	0.0936231	0.0249255	0.00522614	0.000898493	0.00010682	-0.000134241	-0.000744874	-0.00297647	-0.00910692	-0.0198307	-0.0272379	-0.0198618	-0.00913304	-0.00298852	-0.000750575	-0.000152085	-2.57425e-05	-3.73388e-06	-4.73178e-07	-5.31908e-08	-5.36892e-09	-4.91488e-10	-4.11461e-11	-3.17241e-12	-2.26628e-13	-1.50787e-14	-9.38684e-16	-5.48939e-17	-3.02638e-18	-1.57797e-19	-7.80356e-21	-3.66993e-22	-1.71521e-23	-1.71521e-23	
3.48209e-42	3.48209e-42	1.27315e-40	4.63002e-39	1.63154e-37	5.56664e-36	1.83747e-34	5.86259e-33	1.80627e-31	5.36834e-30	1.53731e-28	4.23646e-27	1.12195e-25	2.85119e-24	6.94156e-23	1.6162e-21	3.59165e-20	7.6019e-19	1.52881e-17	2.9137e-16	5.24719e-15	8.89967e-14	1.41637e-12	2.10626e-11	2.9126e-10	3.72445e-09	4.37546e-08	4.68599e-07	4.5325e-06	3.91408e-05	0.000297392	0.00195015	0.0107479	0.0479343	0.164142	0.40734	0.717927	0.957426	1.07938	1.12755	1.14075	1.12756	1.07939	0.957444	0.717936	0.407335	0.164133	0.0479279	0.0107431	0.00193097	0.000170276	-0.000706853	-0.0036512	-0.0144325	-0.0436772	-0.094008	-0.127995	-0.0941533	-0.0438004	-0.0144894	-0.00367385	-0.000750536	-0.000127939	-1.86712e-05	-2.37881e-06	-2.68671e-07	-2.72327e-08	-2.50232e-09	-2.10197e-10	-1.62561e-11	-1.16454e-12	-7.76812e-14	-4.84726e-15	-2.84086e-16	-1.56939e-17	-8.1984e-19	-4.06155e-20	-1.91329e-21	-8.95669e-23	-8.95669e-23	
3.98017e-42	3.98017e-42	1.65563e-40	6.62977e-39	2.52028e-37	9.1362e-36	3.16681e-34	1.05124e-32	3.34474e-31	1.02029e-29	2.98358e-28	8.36001e-27	2.24294e-25	5.75634e-24	1.41147e-22	3.30194e-21	7.35724e-20	1.55838e-18	3.13107e-17	5.95241e-16	1.06768e-14	1.80109e-13	2.8469e-12	4.1986e-11	5.7491e-10	7.26713e-09	8.42272e-08	8.87873e-07	8.42904e-06	7.11869e-05	0.000526449	0.0033377	0.0176087	0.0740345	0.233899	0.524671	0.836706	1.03906	1.12772	1.1577	1.16458	1.15771	1.12774	1.03909	0.836716	0.52465	0.23386	0.0740044	0.017585	0.00325784	1.50613e-05	-0.00290056	-0.0144139	-0.0562963	-0.168126	-0.356668	-0.48023	-0.357197	-0.168581	-0.0565076	-0.0144902	-0.00298854	-0.000513568	-7.54682e-05	-9.67256e-06	-1.09814e-06	-1.11819e-07	-1.03165e-08	-8.69743e-10	-6.74842e-11	-4.84871e-12	-3.24313e-13	-2.02872e-14	-1.1917e-15	-6.5973e-17	-3.45317e-18	-1.71387e-19	-8.08746e-21	-3.79234e-22	-3.79234e-22	
-3.98104e-41	-3.98104e-41	-1.17394e-39	-3.40927e-38	-9.39732e-37	-2.43652e-35	-5.85598e-34	-1.26957e-32	-2.33313e-31	-2.93717e-30	1.29394e-29	2.61107e-27	1.19133e-25	4.08215e-24	1.20493e-22	3.20458e-21	7.83104e-20	1.77528e-18	3.7512e-17	7.40285e-16	1.36477e-14	2.34804e-13	3.76211e-12	5.59647e-11	7.69855e-10	9.7434e-09	1.1274e-07	1.18338e-06	1.11589e-05	9.33673e-05	0.000682081	0.00425583	0.0219782	0.0897254	0.272248	0.58131	0.885423	1.06661	1.1412	1.16488	1.16992	1.16489	1.14122	1.06664	0.885431	0.58127	0.272174	0.0896635	0.0219178	0.00401127	-0.000895742	-0.00899513	-0.0436129	-0.168036	-0.493902	-1.02916	-1.36613	-1.03059	-0.495151	-0.168622	-0.0438137	-0.0091354	-0.00158418	-0.000234577	-3.02613e-05	-3.45493e-06	-3.53523e-07	-3.27567e-08	-2.77214e-09	-2.15828e-10	-1.55549e-11	-1.04331e-12	-6.54298e-14	-3.85242e-15	-2.1373e-16	-1.12094e-17	-5.57371e-19	-2.63469e-20	-1.23752e-21	-1.23752e-21	
